<TICKER>,<PER>,<DATE>,<TIME>,<OPEN>,<HIGH>,<LOW>,<CLOSE>,<VOL>,<OPENINT>
SARK.US,D,20211110,000000,66.5916,68.1681,65.3775,67.4079,34547.989061228676,0
SARK.US,D,20211111,000000,66.7836,67.2735,66.2211,67.1754,12933.198089922134,0
SARK.US,D,20211112,000000,66.9753,67.5078,66.4641,66.7932,27762.414004431255,0
SARK.US,D,20211115,000000,67.2948,67.4226,66.102,66.8901,29700.68030740732,0
SARK.US,D,20211116,000000,68.2749,68.2749,66.0591,66.2295,35412.67458558732,0
SARK.US,D,20211117,000000,66.3576,67.5717,66.3576,67.2948,12618.212212156122,0
SARK.US,D,20211118,000000,67.1031,69.276,66.8472,68.7861,39606.070779457266,0
SARK.US,D,20211119,000000,68.5941,69.4251,68.0193,69.3039,52591.84475359483,0
SARK.US,D,20211122,000000,69.1266,72.663,69.084,71.8302,120534.90884357509,0
SARK.US,D,20211123,000000,72.45,76.0287,72.0024,73.9197,524977.2453229894,0
SARK.US,D,20211124,000000,74.6868,75.3045,72.1944,72.4713,379392.7442150739,0
SARK.US,D,20211126,000000,72.5139,73.2804,70.8309,72.5352,283437.06124309293,0
SARK.US,D,20211129,000000,71.4273,74.2608,71.1078,72.9399,206103.09926233024,0
SARK.US,D,20211130,000000,73.3872,74.985,71.4273,73.659,224382.60757860407,0
SARK.US,D,20211201,000000,72.4287,78.6915,72.3648,78.6915,377346.5095784535,0
SARK.US,D,20211202,000000,78.9897,80.4597,76.5186,78.4572,495117.89850784885,0
SARK.US,D,20211203,000000,78.8832,84.3153,78.6279,82.5474,826201.385395332,0
SARK.US,D,20211206,000000,83.9322,86.8503,81.1839,81.2478,469645.82145962084,0
SARK.US,D,20211207,000000,78.6915,78.6915,75.7305,76.6254,460395.75183013757,0
SARK.US,D,20211208,000000,76.0713,78.2016,73.8132,74.3673,252435.5972288411,0
SARK.US,D,20211209,000000,74.8359,78.5211,74.1756,78.4146,540247.7231228523,0
SARK.US,D,20211210,000000,77.2857,80.0976,75.9009,79.3518,563014.4892715855,0
SARK.US,D,20211213,000000,80.0763,82.5897,78.8619,80.8857,505407.75013322564,0
SARK.US,D,20211214,000000,83.0373,83.4636,80.2254,81.759,437421.49870977853,0
SARK.US,D,20211215,000000,82.0149,84.8265,79.5651,79.9059,710217.5765293157,0
SARK.US,D,20211216,000000,78.8193,83.9748,78.4785,83.0586,616672.4039631943,0
SARK.US,D,20211217,000000,84.1875,85.0611,77.8821,78.0525,613293.9339747061,0
SARK.US,D,20211220,000000,79.8846,81.2265,78.7128,80.0976,260171.29362185535,0
SARK.US,D,20211221,000000,78.6915,80.3106,76.902,76.9446,255507.06160771626,0
SARK.US,D,20211222,000000,77.4561,78.2865,75.837,77.2431,96476.74753877659,0
SARK.US,D,20211223,000000,76.9233,78.7341,75.9009,76.476,103810.61395955605,0
SARK.US,D,20211227,000000,76.6467,77.8818,76.3695,77.733,72544.86224160514,0
SARK.US,D,20211228,000000,77.9673,79.2669,76.3482,79.2456,200999.48307295053,0
SARK.US,D,20211229,000000,79.3518,81.0987,78.9471,80.0124,233083.4469890299,0
SARK.US,D,20211230,000000,80.7366,80.7366,76.2207,78.3507,168708.50161276484,0
SARK.US,D,20211231,000000,77.8821,79.3518,76.6893,79.1178,109526.36365803365,0
SARK.US,D,20220103,000000,77.8182,80.1075,76.902,76.9446,126642.16110846116,0
SARK.US,D,20220104,000000,76.7532,82.2705,76.7532,80.2041,318493.90975513944,0
SARK.US,D,20220105,000000,81.12,86.4033,80.0763,86.19,703025.007797375,0
SARK.US,D,20220106,000000,86.7012,89.6835,84.5286,86.7864,872179.9349984201,0
SARK.US,D,20220107,000000,86.8077,88.3629,83.5062,87.7452,426501.20590133214,0
SARK.US,D,20220110,000000,89.4921,92.2185,87.3405,87.6387,840424.1009311759,0
SARK.US,D,20220111,000000,88.1712,88.8189,84.4008,85.1037,398519.5692367804,0
SARK.US,D,20220112,000000,83.7189,87.7452,82.4409,87.4896,430872.98455949366,0
SARK.US,D,20220113,000000,86.5524,92.2185,86.5524,92.112,828143.8765461561,0
SARK.US,D,20220114,000000,92.7726,94.9881,90.3441,91.7073,942499.2412840341,0
SARK.US,D,20220118,000000,93.7314,95.6271,91.1961,95.4993,861767.5627857324,0
SARK.US,D,20220119,000000,94.7751,97.0968,92.1759,96.969,811229.9329369034,0
SARK.US,D,20220120,000000,95.0484,97.1397,90.2586,96.8202,992769.7668639303,0
SARK.US,D,20220121,000000,98.3952,102.061,96.0384,101.933,1367662.1092755047,0
SARK.US,D,20220124,000000,106.449,111.476,99.0783,99.4827,3362809.4164165244,0
SARK.US,D,20220125,000000,102.08,105.192,98.1621,102.742,1731290.5379210429,0
SARK.US,D,20220126,000000,99.1422,106.193,96.9264,105.405,1360791.0984068424,0
SARK.US,D,20220127,000000,102.785,110.028,102.785,109.367,1223761.444745172,0
SARK.US,D,20220128,000000,110.006,113.01,104.191,105.149,2199905.9659355273,0
SARK.US,D,20220131,000000,103.424,103.616,95.1798,95.3289,1615933.4148178333,0
SARK.US,D,20220201,000000,93.3051,97.9917,92.6661,93.1773,1450823.54470871,0
SARK.US,D,20220202,000000,92.5383,99.4188,92.3061,97.9491,1832294.914060505,0
SARK.US,D,20220203,000000,101.996,103.626,99.3336,103.403,1876503.7218466965,0
SARK.US,D,20220204,000000,102.379,104.617,96.4152,97.9065,1650404.8871904286,0
SARK.US,D,20220207,000000,97.6935,99.0555,93.7527,98.1195,1012644.8593806885,0
SARK.US,D,20220208,000000,98.9928,100.802,97.5867,98.0769,999820.0990519798,0
SARK.US,D,20220209,000000,96.33,96.5643,93.0069,93.0069,1386909.5771744237,0
SARK.US,D,20220210,000000,95.3886,96.8202,90.4293,95.7762,2436665.0305444016,0
SARK.US,D,20220211,000000,95.4141,99.696,92.7666,98.3538,1651063.4940257366,0
SARK.US,D,20220214,000000,98.5455,100.165,95.2653,99.0567,1181680.0825596533,0
SARK.US,D,20220215,000000,96.4578,97.8624,93.4968,93.7314,1242297.2604970026,0
SARK.US,D,20220216,000000,95.3715,98.0982,95.3715,96.543,957921.344178612,0
SARK.US,D,20220217,000000,98.3112,103.445,97.8852,102.977,1564079.5101533872,0
SARK.US,D,20220218,000000,104.532,109.154,103.575,107.77,2394978.9263455877,0
SARK.US,D,20220222,000000,110.084,111.282,105.38,110.113,1908417.283566583,0
SARK.US,D,20220223,000000,108.622,114.501,107.684,114.288,1413960.808459306,0
SARK.US,D,20220224,000000,120.732,120.732,104.979,105.554,2673768.6549659315,0
SARK.US,D,20220225,000000,104.138,108.26,102.188,102.252,1356530.1046475365,0
SARK.US,D,20220228,000000,101.826,102.636,96.6285,97.9065,1271775.4321515579,0
SARK.US,D,20220301,000000,98.2473,102.018,96.8628,101.102,1514495.7570611043,0
SARK.US,D,20220302,000000,100.74,105.703,100.74,101.975,990053.1897035135,0
SARK.US,D,20220303,000000,101.613,109.411,101.379,108.558,1080475.730289191,0
SARK.US,D,20220304,000000,108.899,114.608,106.704,113.884,1003834.6433539654,0
SARK.US,D,20220307,000000,112.712,117.974,110.092,117.697,1090758.5405014749,0
SARK.US,D,20220308,000000,118.08,121.531,111.519,116.525,1164585.409348448,0
SARK.US,D,20220309,000000,112.733,113.138,108.963,110.709,914610.0818444566,0
SARK.US,D,20220310,000000,112.563,116.972,112.563,114.352,836217.5607662492,0
SARK.US,D,20220311,000000,112.818,122.468,112.818,121.957,976992.776750874,0
SARK.US,D,20220314,000000,123.278,129.732,121.062,129.115,1477783.707051283,0
SARK.US,D,20220315,000000,127.815,130.201,123.15,123.917,1186239.1628053607,0
SARK.US,D,20220316,000000,120.381,120.722,111.338,111.349,2680405.8909208276,0
SARK.US,D,20220317,000000,112.264,113.842,105.65,105.788,1517200.1291055332,0
SARK.US,D,20220318,000000,106.918,106.918,100.505,100.91,2268222.6943454775,0
SARK.US,D,20220321,000000,101.933,105.682,100.143,103.573,2075076.7339774899,0
SARK.US,D,20220322,000000,103.594,103.807,97.6509,98.7159,1860269.039884431,0
SARK.US,D,20220323,000000,100.505,101.975,96.7776,100.484,2006033.3317392669,0
SARK.US,D,20220324,000000,99.5895,104.069,99.3336,99.3336,1411236.2510307638,0
SARK.US,D,20220325,000000,99.7173,103.85,99.3126,102.274,1745336.2792752306,0
SARK.US,D,20220328,000000,100.953,102.231,97.6935,98.1621,1619751.2689815823,0
SARK.US,D,20220329,000000,96.0531,96.8415,90.8748,91.7928,2216887.9765377454,0
SARK.US,D,20220330,000000,92.9643,95.9466,91.1109,95.2011,2275651.8545563817,0
SARK.US,D,20220331,000000,95.5632,98.5884,95.2863,98.5455,1374897.8653409355,0
SARK.US,D,20220401,000000,97.8639,98.5455,95.0946,96.6285,1686240.0465598935,0
SARK.US,D,20220404,000000,95.6484,96.0099,91.9422,92.4318,1393108.837236658,0
SARK.US,D,20220405,000000,92.8791,98.0556,92.2185,97.7361,1983615.350251018,0
SARK.US,D,20220406,000000,100.229,104.382,99.696,102.125,2641768.7185790646,0
SARK.US,D,20220407,000000,102.551,106.702,99.9726,103.147,1700387.6536897123,0
SARK.US,D,20220408,000000,104.468,107.024,103.424,106.577,1389534.146537466,0
SARK.US,D,20220411,000000,109.197,110.986,106.342,107.791,1504318.0986172152,0
SARK.US,D,20220412,000000,104.702,108.899,101.826,107.94,1531798.8560990677,0
SARK.US,D,20220413,000000,108.494,109.474,103.85,104.681,1106107.4127001592,0
SARK.US,D,20220414,000000,104.574,109.372,104.574,109.261,1078687.2113707128,0
SARK.US,D,20220418,000000,110.006,114.118,109.389,112.052,928084.0604577493,0
SARK.US,D,20220419,000000,112.584,113.074,106.131,107.365,1041092.1681625745,0
SARK.US,D,20220420,000000,108.388,113.969,108.302,113.969,1320254.6222477788,0
SARK.US,D,20220421,000000,110.645,120.466,108.707,119.401,1826789.467898877,0
SARK.US,D,20220422,000000,119.401,122.357,115.971,121.403,1630573.9208621595,0
SARK.US,D,20220425,000000,122.447,122.703,116.546,117.249,1745791.1545592088,0
SARK.US,D,20220426,000000,118.357,125.216,117.526,125.067,1683787.2876756461,0
SARK.US,D,20220427,000000,125.536,128.007,122.128,127.73,1546934.1387681325,0
SARK.US,D,20220428,000000,129.349,137.21,127.688,129.584,1796396.381973437,0
SARK.US,D,20220429,000000,130.329,134.227,123.083,133.78,1475202.325021731,0
SARK.US,D,20220502,000000,135.101,136.273,125.579,125.642,1785328.2194906385,0
SARK.US,D,20220503,000000,127.304,127.901,121.808,126.452,1295527.057274273,0
SARK.US,D,20220504,000000,126.409,132.267,118.953,119.657,1905956.5444142104,0
SARK.US,D,20220505,000000,123.022,132.148,122.564,130.393,2055612.3905561878,0
SARK.US,D,20220506,000000,130.734,140.661,130.592,136.017,2807333.463972133,0
SARK.US,D,20220509,000000,140.469,150.438,137.828,149.182,2312825.3518357417,0
SARK.US,D,20220510,000000,142.621,158.15,138.36,149.842,2295764.477407202,0
SARK.US,D,20220511,000000,156.02,165.734,149.672,164.882,3035181.855061251,0
SARK.US,D,20220512,000000,169.345,172.998,148.012,155.509,3116514.4008077523,0
SARK.US,D,20220513,000000,146.902,146.987,134.589,136.89,2921456.4620789103,0
SARK.US,D,20220516,000000,138.296,145.049,135.633,144.772,1744390.3827868432,0
SARK.US,D,20220517,000000,138.722,146.008,136.358,137.487,1780605.7784617941,0
SARK.US,D,20220518,000000,140.618,144.282,135.207,143.281,2072801.4187024985,0
SARK.US,D,20220519,000000,143.217,145.092,133.162,136.997,1952119.5790396137,0
SARK.US,D,20220520,000000,134.27,146.966,132.502,138.85,2046029.0273749377,0
SARK.US,D,20220523,000000,138.594,144.431,137.508,139.745,1443822.502412111,0
SARK.US,D,20220524,000000,143.324,151.653,142.727,149.352,2287145.3183883214,0
SARK.US,D,20220525,000000,150.119,150.14,141.087,142.812,1486959.6071298404,0
SARK.US,D,20220526,000000,143.601,144.708,135.719,137.295,1263687.1956777796,0
SARK.US,D,20220527,000000,134.76,135.484,127.964,127.964,1714927.702241039,0
SARK.US,D,20220531,000000,128.199,134.227,126.281,131.799,1975060.5028048062,0
SARK.US,D,20220601,000000,131.735,138.594,129.03,136.784,2048336.2637225303,0
SARK.US,D,20220602,000000,135.889,137.402,124.982,126.686,2162280.879364986,0
SARK.US,D,20220603,000000,130.819,134.227,128.667,133.162,1572234.8747650983,0
SARK.US,D,20220606,000000,129.136,134.702,128.028,132.055,1016436.8950298631,0
SARK.US,D,20220607,000000,134.952,136.528,128.071,128.135,1112575.1853139582,0
SARK.US,D,20220608,000000,128.05,128.348,122.085,124.663,1382229.384624004,0
SARK.US,D,20220609,000000,126.068,132.374,124.663,132.374,1491787.1999270795,0
SARK.US,D,20220610,000000,137.242,142.578,134.867,141.449,2460660.757986706,0
SARK.US,D,20220613,000000,150.183,155.229,147.861,154.103,2630997.703727569,0
SARK.US,D,20220614,000000,151.227,157.834,149.885,151.887,1374315.3057666847,0
SARK.US,D,20220615,000000,150.098,151.269,139.404,142.386,1891616.002566384,0
SARK.US,D,20220616,000000,148.713,152.867,147.318,150.524,1994286.3770369804,0
SARK.US,D,20220617,000000,149.821,149.821,141.683,143.728,1505386.0462653805,0
SARK.US,D,20220621,000000,139.169,139.436,131.714,137.338,1828080.393627453,0
SARK.US,D,20220622,000000,139.894,141.023,131.735,135.186,1641604.5291419954,0
SARK.US,D,20220623,000000,133.737,135.995,124.705,125.429,1919713.5878327196,0
SARK.US,D,20220624,000000,123.352,125.557,119.785,120.466,1453174.907244825,0
SARK.US,D,20220627,000000,120.232,126.111,119.081,122.894,1713315.6880767178,0
SARK.US,D,20220628,000000,122.99,130.542,121.424,130.116,2162317.0252853828,0
SARK.US,D,20220629,000000,131.075,134.632,129.905,132.289,1924932.6831963675,0
SARK.US,D,20220630,000000,134.653,139.809,133.673,137.21,2103789.269318144,0
SARK.US,D,20220701,000000,135.729,136.826,130.661,132.949,1492792.7137127072,0
SARK.US,D,20220705,000000,134.845,137.481,120.551,120.871,2056580.8195663525,0
SARK.US,D,20220706,000000,120.402,124.3,117.803,123.193,1065611.307309322,0
SARK.US,D,20220707,000000,122.319,123.555,114.821,115.247,1414445.2576781549,0
SARK.US,D,20220708,000000,118.08,118.741,111.902,115.034,1747778.2413260886,0
SARK.US,D,20220711,000000,116.589,123.235,115.886,123.022,1527512.513252721,0
SARK.US,D,20220712,000000,121.233,125.728,118.229,121.211,1796293.5773427065,0
SARK.US,D,20220713,000000,125.855,126.473,118.696,121.68,1618871.0923484624,0
SARK.US,D,20220714,000000,122.809,126.58,122.042,124.407,1672477.8394384554,0
SARK.US,D,20220715,000000,122.596,126.878,121.105,121.318,1090977.763161589,0
SARK.US,D,20220718,000000,118.208,122.575,115.63,121.766,1420709.2987406242,0
SARK.US,D,20220719,000000,119.699,123.257,116.482,116.781,1276208.2363896251,0
SARK.US,D,20220720,000000,115.715,116.022,108.345,110.88,2597704.494474529,0
SARK.US,D,20220721,000000,111.732,112.35,108.068,108.856,1851285.6050963143,0
SARK.US,D,20220722,000000,108.941,115.886,107.876,114.821,1764044.8443609218,0
SARK.US,D,20220725,000000,115.524,118.442,114.821,116.141,1083479.5971026204,0
SARK.US,D,20220726,000000,118.442,121.893,118.442,121.787,1173422.3827447777,0
SARK.US,D,20220727,000000,118.591,120.359,112.797,113.372,1318214.9595966518,0
SARK.US,D,20220728,000000,114.544,119.06,112.243,114.182,1640134.2820940656,0
SARK.US,D,20220729,000000,117.315,119.401,116.243,116.738,1140122.6015061773,0
SARK.US,D,20220801,000000,118.059,119.507,112.776,115.204,1294144.5931758888,0
SARK.US,D,20220802,000000,116.951,117.228,110.117,112.328,1095758.4132050416,0
SARK.US,D,20220803,000000,109.708,109.879,104.553,105.405,1725539.1117296943,0
SARK.US,D,20220804,000000,104.17,106.832,102.359,104.446,1530683.4962695832,0
SARK.US,D,20220805,000000,108.004,108.92,103.062,104.745,1845044.0965556893,0
SARK.US,D,20220808,000000,103.36,104.127,99.6321,102.998,1224520.0396460134,0
SARK.US,D,20220809,000000,104.66,110.003,104.617,108.643,1407676.5820127234,0
SARK.US,D,20220810,000000,103.275,106.321,100.505,100.761,2079675.715563891,0
SARK.US,D,20220811,000000,99.1635,104.361,96.1812,103.892,2975564.557779102,0
SARK.US,D,20220812,000000,102.231,103.956,99.4188,99.6108,1905471.1563402622,0
SARK.US,D,20220815,000000,100.25,101.187,98.3325,99.1635,1282241.3191035588,0
SARK.US,D,20220816,000000,99.504,104.613,99.2913,101.933,2065609.3193980572,0
SARK.US,D,20220817,000000,104.404,107.684,103.339,107.408,1981123.6288811432,0
SARK.US,D,20220818,000000,107.279,110.111,107.279,108.43,1600197.7343281026,0
SARK.US,D,20220819,000000,111.37,115.396,111.093,114.906,1903524.4403416088,0
SARK.US,D,20220822,000000,116.887,118.57,114.694,117.548,1943867.042927633,0
SARK.US,D,20220823,000000,118.336,119.955,114.991,118.208,1759012.581157254,0
SARK.US,D,20220824,000000,117.782,118.953,113.457,115.332,1299626.098533074,0
SARK.US,D,20220825,000000,113.756,115.545,111.86,111.86,1451121.1617676122,0
SARK.US,D,20220826,000000,112.52,119.209,112.052,119.167,2248745.206953122,0
SARK.US,D,20220829,000000,121.723,121.829,117.569,121.127,1889190.00105181,0
SARK.US,D,20220830,000000,119.379,123.725,117.91,121.659,1966094.4368356057,0
SARK.US,D,20220831,000000,119.06,122.873,117.697,121.723,1446717.931464382,0
SARK.US,D,20220901,000000,123.768,127.794,121.957,121.957,1986200.0182733333,0
SARK.US,D,20220902,000000,120.04,126.196,119.657,125.323,2016385.1477996148,0
SARK.US,D,20220906,000000,125.046,128.987,124.769,127.219,1788419.8692536135,0
SARK.US,D,20220907,000000,127.837,128.284,122.277,122.426,2615355.439317845,0
SARK.US,D,20220908,000000,124.79,125.515,118.932,119.081,1979980.5728269527,0
SARK.US,D,20220909,000000,116.909,117.079,113.204,113.734,2032737.1866462629,0
SARK.US,D,20220912,000000,112.989,114.246,111.029,111.114,1727726.174627674,0
SARK.US,D,20220913,000000,117.548,118.975,116.138,118.485,2411149.2967351843,0
SARK.US,D,20220914,000000,118.187,120.509,115.161,115.311,1927611.236726222,0
SARK.US,D,20220915,000000,116.759,116.928,110.603,112.733,2463424.7473284085,0
SARK.US,D,20220916,000000,115.737,119.316,115.652,117.803,2070070.7587159625,0
SARK.US,D,20220919,000000,119.55,121.872,118.165,118.463,1501538.1487392287,0
SARK.US,D,20220920,000000,119.933,121.467,118.08,120.998,1586989.9211286437,0
SARK.US,D,20220921,000000,120.594,124.322,117.292,124.215,2299271.5705410284,0
SARK.US,D,20220922,000000,125.302,130.18,124.535,129.541,1806940.1938966934,0
SARK.US,D,20220923,000000,131.777,134.781,129.52,132.267,1967223.8794911762,0
SARK.US,D,20220926,000000,132.331,133.997,127.645,133.844,1743149.6858048504,0
SARK.US,D,20220927,000000,129.349,133.503,127.198,130.862,2035412.9236108873,0
SARK.US,D,20220928,000000,130.031,130.862,123.821,124.513,1844443.2293074904,0
SARK.US,D,20220929,000000,127.432,132.928,126.92,131.266,1851614.673800252,0
SARK.US,D,20220930,000000,131.543,132.479,125.77,131.799,2340812.6216306877,0
SARK.US,D,20221003,000000,130.649,134.845,129.349,130.904,1716147.2749838526,0
SARK.US,D,20221004,000000,126.495,126.516,120.913,121.424,2275730.2489551697,0
SARK.US,D,20221005,000000,124.279,127.538,122.684,123.427,1527118.1941211151,0
SARK.US,D,20221006,000000,123.576,125.493,120.594,122.958,1298051.1691442155,0
SARK.US,D,20221007,000000,126.281,131.714,126.068,131.053,1410977.5964575224,0
SARK.US,D,20221010,000000,130.925,136.976,130.862,135.335,1267837.8739656955,0
SARK.US,D,20221011,000000,136.421,141.598,133.269,137.402,1613322.4588533775,0
SARK.US,D,20221012,000000,137.721,140.938,135.399,135.825,1203840.3483297264,0
SARK.US,D,20221013,000000,143.238,144.836,134.589,136.102,2018549.6781757504,0
SARK.US,D,20221014,000000,133.599,144.091,131.564,143.963,1518398.1081816354,0
SARK.US,D,20221017,000000,137.87,138.424,132.523,133.908,1784710.9222786224,0
SARK.US,D,20221018,000000,127.666,134.419,126.473,131.65,1740960.7451967392,0
SARK.US,D,20221019,000000,133.184,138.275,132.885,136.976,1286263.8436737363,0
SARK.US,D,20221020,000000,138.168,139.084,132.097,137.764,1418825.016604475,0
SARK.US,D,20221021,000000,138.403,141.385,135.105,135.442,1647066.3185426004,0
SARK.US,D,20221024,000000,135.697,142.131,135.697,136.656,1288943.8054861894,0
SARK.US,D,20221025,000000,135.42,135.42,127.283,127.815,1861471.713235895,0
SARK.US,D,20221026,000000,129.52,130.239,122.051,127.453,2426723.9635794763,0
SARK.US,D,20221027,000000,124.599,128.454,123.789,127.432,1333307.9937873587,0
SARK.US,D,20221028,000000,127.964,129.924,123.874,124.13,1641316.7700614166,0
SARK.US,D,20221031,000000,125.344,127.496,123.206,125.941,925516.7612543167,0
SARK.US,D,20221101,000000,122.192,126.005,121.169,125.941,919137.2410175961,0
SARK.US,D,20221102,000000,126.068,132.267,123.193,132.055,1430070.6226965296,0
SARK.US,D,20221103,000000,135.293,136.273,128.945,133.034,1246500.9840966992,0
SARK.US,D,20221104,000000,129.988,139.915,129.179,136.613,1392523.46109721,0
SARK.US,D,20221107,000000,135.846,140.576,134.585,137.785,688300.0047962,0
SARK.US,D,20221108,000000,137.359,141.021,133.035,138.275,1457146.2642133872,0
SARK.US,D,20221109,000000,140.703,147.328,140.405,146.902,922798.7758113013,0
SARK.US,D,20221110,000000,133.524,136.848,125.706,125.877,2175270.8781869626,0
SARK.US,D,20221111,000000,128.092,128.88,113.5,115.311,2678662.437045971,0
SARK.US,D,20221114,000000,116.993,119.997,115.694,119.422,1777620.2193223464,0
SARK.US,D,20221115,000000,114.118,118.037,112.222,116.397,2231310.668204623,0
SARK.US,D,20221116,000000,118.613,122.916,118.169,122.17,1252590.867542676,0
SARK.US,D,20221117,000000,125.706,127.049,123.129,124.513,1215213.6387120197,0
SARK.US,D,20221118,000000,121.85,127.922,121.787,126.559,1156277.0113594898,0
SARK.US,D,20221121,000000,128.22,132.928,127.624,131.373,1175132.9766920004,0
SARK.US,D,20221122,000000,131.777,134.888,130.883,130.989,987409.3738114573,0
SARK.US,D,20221123,000000,130.35,130.925,126.473,127.176,1030597.1767032029,0
SARK.US,D,20221125,000000,128.135,129.732,127.837,128.263,294133.43711608654,0
SARK.US,D,20221128,000000,130.563,132.694,127.24,132.076,645252.5607382475,0
SARK.US,D,20221129,000000,131.522,133.141,128.816,132.928,829874.655877492,0
SARK.US,D,20221130,000000,131.671,133.013,122.489,122.489,1317439.4653044606,0
SARK.US,D,20221201,000000,121.766,124.556,119.839,121.02,1808150.847516349,0
SARK.US,D,20221202,000000,124.258,124.854,119.87,120.21,1169930.7807197026,0
SARK.US,D,20221205,000000,121.957,127.219,120.21,126.537,1062104.214175529,0
SARK.US,D,20221206,000000,127.219,133.098,127.176,132.076,950343.3754382234,0
SARK.US,D,20221207,000000,133.141,134.579,130.67,133.141,1034308.4708158915,0
SARK.US,D,20221208,000000,132.055,134.898,128.561,130.095,917596.1104114706,0
SARK.US,D,20221209,000000,130.904,131.927,127.997,131.863,613374.6755111921,0
SARK.US,D,20221212,000000,132.843,134.014,129.328,129.413,714202.0774689646,0
SARK.US,D,20221213,000000,121.084,131.735,118.144,129.498,1386056.1579109773,0
SARK.US,D,20221214,000000,129.967,132.63,127.73,130.989,936940.2803831598,0
SARK.US,D,20221215,000000,134.696,137.402,133.013,137.359,864416.5423807168,0
SARK.US,D,20221216,000000,136.507,139.51,134.504,137.274,610287.7200235457,0
SARK.US,D,20221219,000000,137.359,142.195,137.044,141.449,604571.9703250614,0
SARK.US,D,20221220,000000,143.047,143.643,138.744,141.555,541195.9667489374,0
SARK.US,D,20221221,000000,140.703,142.429,137.124,139.489,533493.1302835402,0
SARK.US,D,20221222,000000,141.896,148.223,141.769,144.282,670492.7405828406,0
SARK.US,D,20221223,000000,144.431,148.159,143.728,146.774,656936.6121504301,0
SARK.US,D,20221227,000000,149.143,153.188,148.558,152.63,714313.8691653195,0
SARK.US,D,20221228,000000,152.789,154.359,150.101,153.322,416745.9965604873,0
SARK.US,D,20221229,000000,150.5,151.778,144.409,145.683,663052.2873394811,0
SARK.US,D,20221230,000000,148.611,149.835,144.965,145.071,615110.8009281225,0
SARK.US,D,20230103,000000,142.25,150.9,141.005,148.984,572486.1264355471,0
SARK.US,D,20230104,000000,146.801,148.265,141.638,142.25,877549.7644798502,0
SARK.US,D,20230105,000000,144.113,147.866,143.98,145.896,765172.2750767277,0
SARK.US,D,20230106,000000,145.497,150.394,142.783,144.193,803875.6598742912,0
SARK.US,D,20230109,000000,139.349,141.212,134.719,137.247,929560.2089314065,0
SARK.US,D,20230110,000000,138.471,138.578,134.08,134.08,732025.052670975,0
SARK.US,D,20230111,000000,133.042,134.852,129.609,129.609,723506.1297152605,0
SARK.US,D,20230112,000000,129.529,135.011,127.079,127.24,923854.4994623456,0
SARK.US,D,20230113,000000,130.061,130.061,125.164,125.324,732807.3567285594,0
SARK.US,D,20230117,000000,124.432,127.054,121.417,122.104,665851.9739548147,0
SARK.US,D,20230118,000000,119.948,125.351,118.538,125.351,1486897.7424822357,0
SARK.US,D,20230119,000000,127.746,130.567,126.442,129.289,772485.8034999142,0
SARK.US,D,20230120,000000,127.373,129.236,122.636,123.168,916393.3026940401,0
SARK.US,D,20230123,000000,122.33,123.593,117.713,117.845,768465.6924950009,0
SARK.US,D,20230124,000000,119.229,120.241,116.089,119.682,723811.6115590883,0
SARK.US,D,20230125,000000,123.328,125.377,119.373,119.762,1054573.6748728596,0
SARK.US,D,20230126,000000,115.37,120.121,114.255,117.18,676853.0777964469,0
SARK.US,D,20230127,000000,118.032,118.138,109.702,110.686,898735.8509271975,0
SARK.US,D,20230130,000000,112.469,115.889,111.485,115.69,1065673.2242779268,0
SARK.US,D,20230131,000000,115.211,115.211,111.086,111.591,1178943.4871876566,0
SARK.US,D,20230201,000000,111.216,113.427,105.577,106.535,1551874.8203264584,0
SARK.US,D,20230202,000000,102.356,103.022,97.0071,99.6948,3301974.6673503583,0
SARK.US,D,20230203,000000,104.246,104.805,99.189,103.101,2445249.521256684,0
SARK.US,D,20230206,000000,104.752,105.577,103.101,104.618,1585984.3293275824,0
SARK.US,D,20230207,000000,104.432,106.912,102.276,102.889,1656446.5534891868,0
SARK.US,D,20230208,000000,103.421,105.829,101.451,105.736,1057592.0459077414,0
SARK.US,D,20230209,000000,103.687,109.569,103.421,108.93,1521181.2220782856,0
SARK.US,D,20230210,000000,111.086,113.667,109.622,112.496,1826315.5004505513,0
SARK.US,D,20230213,000000,112.257,114.146,109.755,110.606,1065516.913764983,0
SARK.US,D,20230214,000000,112.044,113.401,107.44,107.918,1557974.6877957254,0
SARK.US,D,20230215,000000,107.093,107.519,101.531,101.531,1491201.917784698,0
SARK.US,D,20230216,000000,103.793,105.151,100.36,104.379,2184380.8020165195,0
SARK.US,D,20230217,000000,105.124,107.652,104.541,104.885,2163050.4289418166,0
SARK.US,D,20230221,000000,108.158,111.352,106.415,111.272,1573787.224614046,0
SARK.US,D,20230222,000000,110.474,111.671,108.052,108.717,2140888.9047742113,0
SARK.US,D,20230223,000000,107.413,113.507,107.067,110.234,1361370.6311773295,0
SARK.US,D,20230224,000000,113.428,114.705,112.257,113.614,1862145.5523333878,0
SARK.US,D,20230227,000000,111.565,113.907,111.565,112.496,1213764.659918402,0
SARK.US,D,20230228,000000,111.911,111.99,108.877,110.314,1025484.1381145158,0
SARK.US,D,20230301,000000,110.926,113.374,110.048,112.736,1217328.2390165052,0
SARK.US,D,20230302,000000,115.211,115.916,110.979,111.458,1646159.3678557407,0
SARK.US,D,20230303,000000,110.953,111.219,107.014,107.945,1125646.111229254,0
SARK.US,D,20230306,000000,107.04,110.021,106.383,109.994,815643.2864236234,0
SARK.US,D,20230307,000000,110.074,111.855,108.557,111.778,1345673.0727651604,0
SARK.US,D,20230308,000000,111.99,113.907,110.926,111.857,996807.1709312262,0
SARK.US,D,20230309,000000,111.618,116.941,110.021,116.728,1046889.6604743103,0
SARK.US,D,20230310,000000,117.659,122.929,116.675,120.507,3299729.2067124043,0
SARK.US,D,20230313,000000,122.317,124.712,115.104,117.313,4153347.681361319,0
SARK.US,D,20230314,000000,113.481,116.541,112.669,114.971,1345969.1609483308,0
SARK.US,D,20230315,000000,116.834,117.26,113.96,113.96,1772257.2379807762,0
SARK.US,D,20230316,000000,112.815,114.492,109.723,110.527,1295699.549685467,0
SARK.US,D,20230317,000000,110.846,113.747,110.154,112.07,1081146.8378205865,0
SARK.US,D,20230320,000000,112.523,115.104,111.644,113.268,1337405.5241680278,0
SARK.US,D,20230321,000000,111.565,112.124,106.615,106.987,1620979.8483996869,0
SARK.US,D,20230322,000000,106.854,112.333,106.854,112.203,992463.918000536,0
SARK.US,D,20230323,000000,113.6,115.77,109.635,113.987,1265928.0331651054,0
SARK.US,D,20230324,000000,115.237,116.355,113.534,114.119,726456.8663936098,0
SARK.US,D,20230327,000000,112.337,115.384,111.165,114.2,624627.3306431393,0
SARK.US,D,20230328,000000,114.492,116.595,113.907,115.982,342568.39174493164,0
SARK.US,D,20230329,000000,113.827,114.545,111.219,111.378,1156050.760476316,0
SARK.US,D,20230330,000000,109.728,112.39,109.249,111.751,571466.7263835333,0
SARK.US,D,20230331,000000,110.926,111.538,106.162,106.668,912877.4433919559,0
SARK.US,D,20230403,000000,108.025,110.713,107.333,108.424,730910.964519789,0
SARK.US,D,20230404,000000,107.945,110.314,107.466,108.983,617900.7181363993,0
SARK.US,D,20230405,000000,110.021,114.04,109.915,112.922,438235.31037309807,0
SARK.US,D,20230406,000000,113.96,115.344,110.979,111.245,832764.9237879018,0
SARK.US,D,20230410,000000,113.002,114.2,111.378,111.485,719870.0315570633,0
SARK.US,D,20230411,000000,111.192,111.916,109.915,110.66,580789.7466895103,0
SARK.US,D,20230412,000000,108.424,114.093,107.732,113.853,739053.7653037129,0
SARK.US,D,20230413,000000,112.576,112.603,108.344,109.382,862284.314456849,0
SARK.US,D,20230414,000000,110.048,111.751,108.69,110.314,563094.344533739,0
SARK.US,D,20230417,000000,111.405,112.044,109.649,110.048,712995.374958738,0
SARK.US,D,20230418,000000,108.717,110.78,108.584,110.261,503454.368915279,0
SARK.US,D,20230419,000000,111.99,112.895,109.489,110.42,615569.5873134638,0
SARK.US,D,20230420,000000,112.629,114.678,111.591,114.466,905035.6154947311,0
SARK.US,D,20230421,000000,114.146,115.104,113.428,113.827,519626.87080907315,0
SARK.US,D,20230424,000000,113.853,116.967,112.975,115.37,462080.9300191524,0
SARK.US,D,20230425,000000,116.036,119.123,115.796,119.07,542816.4371964503,0
SARK.US,D,20230426,000000,117.287,121.864,117.233,121.518,660196.9902532031,0
SARK.US,D,20230427,000000,120.188,121.358,118.644,119.868,797732.9573125337,0
SARK.US,D,20230428,000000,120.533,122.21,118.351,119.203,903500.315600733,0
SARK.US,D,20230501,000000,119.708,120.8,118.591,119.629,720684.6498072486,0
SARK.US,D,20230502,000000,120.214,122.742,119.868,122.396,669368.9604961644,0
SARK.US,D,20230503,000000,122.21,123.195,119.389,123.142,678433.0915150669,0
SARK.US,D,20230504,000000,122.21,122.317,119.07,119.762,879736.9844218297,0
SARK.US,D,20230505,000000,116.994,117.414,113.747,114.119,759593.1921530402,0
SARK.US,D,20230508,000000,113.8,115.397,112.643,112.922,498369.0167944976,0
SARK.US,D,20230509,000000,114.119,114.545,111.485,111.671,398734.9674073984,0
SARK.US,D,20230510,000000,109.515,111.046,108.158,110.048,792883.9496932828,0
SARK.US,D,20230511,000000,109.835,111.086,109.249,109.808,380575.51841629116,0
SARK.US,D,20230512,000000,109.835,113.667,109.542,113.215,481352.5884293141,0
SARK.US,D,20230515,000000,113.215,113.827,109.622,110.527,452375.024105725,0
SARK.US,D,20230516,000000,111.778,113.694,111.618,113.135,418411.68046408833,0
SARK.US,D,20230517,000000,112.682,113.875,110.074,110.394,494289.16210794414,0
SARK.US,D,20230518,000000,110.553,111.112,108.584,108.956,475376.7172804233,0
SARK.US,D,20230519,000000,108.93,110.819,108.43,110.101,662728.7696672379,0
SARK.US,D,20230522,000000,109.808,109.968,104.246,104.805,802017.2180544494,0
SARK.US,D,20230523,000000,105.736,107.014,102.953,106.987,949589.3721351107,0
SARK.US,D,20230524,000000,108.637,109.649,107.227,107.679,552185.6743127477,0
SARK.US,D,20230525,000000,107.173,111.272,107.173,110.686,554756.9071014764,0
SARK.US,D,20230526,000000,110.42,110.66,106.99,108.611,617286.3727309137,0
SARK.US,D,20230530,000000,106.029,107.759,103.847,106.694,637526.7054256733,0
SARK.US,D,20230531,000000,107.706,107.945,104.938,105.044,533838.3521089617,0
SARK.US,D,20230601,000000,105.736,106.694,102.064,103.314,466407.6501071257,0
SARK.US,D,20230602,000000,101.798,104.006,101.079,102.143,572825.8012040743,0
SARK.US,D,20230605,000000,102.143,102.862,100.627,101.105,404359.89139500674,0
SARK.US,D,20230606,000000,102.782,103.58,99.3489,99.5883,589104.2635898291,0
SARK.US,D,20230607,000000,98.2845,100.973,96.927,100.6,751714.1653597191,0
SARK.US,D,20230608,000000,100.839,101.398,99.4812,99.5883,394155.3699751446,0
SARK.US,D,20230609,000000,97.752,100.147,96.9006,99.9876,856142.3633879243,0
SARK.US,D,20230612,000000,99.4287,99.9468,97.6191,98.2311,312633.0497831236,0
SARK.US,D,20230613,000000,96.8739,97.5924,95.7162,95.9955,834186.7482614466,0
SARK.US,D,20230614,000000,95.889,98.4441,95.25,96.5013,916172.3637959277,0
SARK.US,D,20230615,000000,97.4859,98.1513,95.0907,95.49,642477.1645797562,0
SARK.US,D,20230616,000000,94.5585,96.4431,94.5318,95.8626,394923.01992214366,0
SARK.US,D,20230620,000000,96.6078,97.965,95.1441,96.1818,563490.3812660429,0
SARK.US,D,20230621,000000,96.102,99.9876,95.9424,99.6417,522781.26204995206,0
SARK.US,D,20230622,000000,100.547,101.292,99.3222,99.5619,436334.0334607993,0
SARK.US,D,20230623,000000,101.372,102.383,100.201,100.813,444570.0193581967,0
SARK.US,D,20230626,000000,99.828,101.744,99.1359,101.558,440775.35620852467,0
SARK.US,D,20230627,000000,100.6,101.132,97.752,98.1513,366417.7688552489,0
SARK.US,D,20230628,000000,98.577,98.7102,95.4435,96.1818,457192.4690252409,0
SARK.US,D,20230629,000000,96.0753,97.4061,95.4633,97.0068,338665.5136247345,0
SARK.US,D,20230630,000000,95.3568,96.5943,95.064,96.2883,414361.1339987389,0
SARK.US,D,20230703,000000,95.4102,95.4366,93.4938,94.2924,250438.37421865828,0
SARK.US,D,20230705,000000,94.9842,95.7828,94.1061,94.5318,340781.7174923516,0
SARK.US,D,20230706,000000,96.2352,99.2157,96.2352,98.178,415596.5882453034,0
SARK.US,D,20230707,000000,97.6455,97.8585,95.7561,97.1931,438802.3117289644,0
SARK.US,D,20230710,000000,97.3794,97.5525,93.4938,93.4938,572694.2899552057,0
SARK.US,D,20230711,000000,93.1479,93.2544,89.5284,89.9808,707872.0724489946,0
SARK.US,D,20230712,000000,87.9051,90.4599,87.9051,89.2092,567424.8220859752,0
SARK.US,D,20230713,000000,88.3041,88.863,84.9243,85.1637,1009747.1263276862,0
SARK.US,D,20230714,000000,84.9243,87.6387,83.8863,87.0801,696277.6650017224,0
SARK.US,D,20230717,000000,86.9736,87.7452,84.738,85.1373,392194.7251276053,0
SARK.US,D,20230718,000000,84.8445,85.5363,84.3654,84.8178,383362.05390673794,0
SARK.US,D,20230719,000000,83.8596,84.6582,82.356,83.5404,686053.2290213134,0
SARK.US,D,20230720,000000,85.0575,88.5942,84.4719,88.2777,708457.1096332762,0
SARK.US,D,20230721,000000,87.0534,88.9695,86.7339,87.9849,460905.5952006277,0
SARK.US,D,20230724,000000,88.2777,89.8485,87.7719,88.9431,310005.45503059786,0
SARK.US,D,20230725,000000,88.5438,89.3157,87.6921,89.289,250803.9754905327,0
SARK.US,D,20230726,000000,89.5818,89.7069,86.9202,87.3993,496002.9415539971,0
SARK.US,D,20230727,000000,85.4301,90.3534,85.3767,89.9808,547828.1430178719,0
SARK.US,D,20230728,000000,87.9051,87.9051,85.0308,85.0575,746579.5904571872,0
SARK.US,D,20230731,000000,84.4452,84.5784,83.3007,83.301,415272.3190802277,0
SARK.US,D,20230801,000000,84.3123,86.2815,84.3123,85.0308,360814.63816028537,0
SARK.US,D,20230802,000000,87.3993,90.4068,87.213,89.7945,662112.1697832212,0
SARK.US,D,20230803,000000,90.8859,91.3998,90.0342,90.7794,434896.80338380317,0
SARK.US,D,20230804,000000,89.9544,92.5491,89.8743,92.3229,509875.12383179157,0
SARK.US,D,20230807,000000,92.0301,94.7049,92.0301,92.802,369098.71960016794,0
SARK.US,D,20230808,000000,94.1592,94.9842,93.2277,93.4674,397426.2426078738,0
SARK.US,D,20230809,000000,93.6537,96.9006,93.6003,96.7407,490145.8062755209,0
SARK.US,D,20230810,000000,95.6763,98.2845,94.6116,97.5657,707370.4509711296,0
SARK.US,D,20230811,000000,98.79,98.9763,97.2198,98.0448,456764.49384676886,0
SARK.US,D,20230814,000000,99.1095,100.067,97.6191,97.6191,382506.4792961935,0
SARK.US,D,20230815,000000,98.5239,99.5619,97.965,99.3756,311853.7516969329,0
SARK.US,D,20230816,000000,99.8013,101.664,99.6417,101.638,382225.7967164409,0
SARK.US,D,20230817,000000,101.505,104.219,101.505,104.086,643353.4052436799,0
SARK.US,D,20230818,000000,106.402,106.535,102.755,103.74,802385.0738048817,0
SARK.US,D,20230821,000000,103.048,103.9,101.717,101.984,462326.29243490705,0
SARK.US,D,20230822,000000,101.052,103.314,100.493,102.276,427110.96170395566,0
SARK.US,D,20230823,000000,102.143,102.489,99.5619,99.828,384218.7557565479,0
SARK.US,D,20230824,000000,99.1095,103.594,99.0561,103.58,415343.3351546233,0
SARK.US,D,20230825,000000,103.421,104.323,101.265,102.143,534285.4903551479,0
SARK.US,D,20230828,000000,100.946,102.452,100.68,101.984,258434.6338966954,0
SARK.US,D,20230829,000000,101.93,102.516,96.2352,96.4746,493698.8644737011,0
SARK.US,D,20230830,000000,97.0335,97.8054,95.5164,95.8359,291951.5907850184,0
SARK.US,D,20230831,000000,95.3301,96.315,94.7976,95.5698,152745.0551185383,0
SARK.US,D,20230901,000000,94.7715,96.102,94.3455,95.8092,245237.2921988594,0
SARK.US,D,20230905,000000,96.6876,96.8739,94.8246,95.1174,188309.45427863387,0
SARK.US,D,20230906,000000,94.6116,95.7801,93.6003,94.7181,297768.89694240445,0
SARK.US,D,20230907,000000,96.6078,97.2996,94.8246,95.1441,445061.49568257184,0
SARK.US,D,20230908,000000,94.9842,96.3945,94.3989,95.889,169115.95112494405,0
SARK.US,D,20230911,000000,94.6914,95.4366,93.3972,93.9462,290917.53662243247,0
SARK.US,D,20230912,000000,94.4253,95.0907,92.7222,95.0907,201400.0839916666,0
SARK.US,D,20230913,000000,95.49,96.7143,94.7181,96.3948,219573.43560051324,0
SARK.US,D,20230914,000000,95.889,96.8739,95.196,96.0753,184555.74748931092,0
SARK.US,D,20230915,000000,96.0222,97.9383,95.7828,97.2465,204270.03518854667,0
SARK.US,D,20230918,000000,97.6455,99.6684,97.6455,99.6417,163325.69871018096,0
SARK.US,D,20230919,000000,100.174,101.877,99.8079,100.866,238557.64799527903,0
SARK.US,D,20230920,000000,100.201,102.729,99.5316,102.729,225385.8570543675,0
SARK.US,D,20230921,000000,104.645,105.843,104.198,105.843,305254.14148195257,0
SARK.US,D,20230922,000000,104.645,107.786,104.379,107.759,384979.2665214874,0
SARK.US,D,20230925,000000,108.531,109.01,107.067,107.786,287549.34566552733,0
SARK.US,D,20230926,000000,108.743,109.09,106.641,108.85,377412.1092611879,0
SARK.US,D,20230927,000000,107.306,109.755,106.748,108.185,441597.48938720254,0
SARK.US,D,20230928,000000,107.945,109.569,105.79,107.067,397156.8324208765,0
SARK.US,D,20230929,000000,105.044,106.029,103.993,105.656,408510.01066305663,0
SARK.US,D,20231002,000000,105.603,107.945,104.938,107.12,417423.0916189769,0
SARK.US,D,20231003,000000,108.584,110.819,107.157,110.207,487498.29696246836,0
SARK.US,D,20231004,000000,109.781,111.485,108.251,108.664,442246.40346378693,0
SARK.US,D,20231005,000000,108.877,110.846,108.078,108.664,285119.0177863143,0
SARK.US,D,20231006,000000,110.474,110.686,106.402,106.721,467533.01065110037,0
SARK.US,D,20231009,000000,108.824,109.195,106.082,106.402,284512.1873093611,0
SARK.US,D,20231010,000000,106.029,106.136,102.569,104.193,284196.18456563714,0
SARK.US,D,20231011,000000,103.634,106.016,102.718,105.044,191919.2501870441,0
SARK.US,D,20231012,000000,104.885,109.249,104.885,108.664,230315.27440863475,0
SARK.US,D,20231013,000000,108.797,111.299,108.611,110.606,305567.88974712545,0
SARK.US,D,20231016,000000,110.021,111.325,108.154,108.664,350393.68679943966,0
SARK.US,D,20231017,000000,110.234,110.234,106.056,106.881,475590.14125004323,0
SARK.US,D,20231018,000000,107.865,111.751,107.706,111.644,427138.76693946123,0
SARK.US,D,20231019,000000,111.644,114.306,111.006,114.093,643054.686835512,0
SARK.US,D,20231020,000000,114.119,116.302,113.694,115.929,437414.3044336857,0
SARK.US,D,20231023,000000,117.02,118.91,113.374,115.77,440250.43845228286,0
SARK.US,D,20231024,000000,113.321,113.481,109.781,112.337,1036140.3067376596,0
SARK.US,D,20231025,000000,113.507,118.298,113.507,118.191,600842.9576644237,0
SARK.US,D,20231026,000000,118.245,120.879,116.568,119.682,407065.26565756806,0
SARK.US,D,20231027,000000,117.925,122.13,117.606,122.024,511555.08609954495,0
SARK.US,D,20231030,000000,120.667,123.328,119.655,121.465,373048.941769951,0
SARK.US,D,20231031,000000,121.305,122.183,118.218,118.83,372017.89357874874,0
SARK.US,D,20231101,000000,117.872,120.56,117.792,117.952,702458.6936988746,0
SARK.US,D,20231102,000000,112.23,112.23,107.981,107.999,911596.1480815039,0
SARK.US,D,20231103,000000,105.603,105.674,101.159,102.037,991446.0209342206,0
SARK.US,D,20231106,000000,101.239,105.284,101.079,103.714,533435.5519409645,0
SARK.US,D,20231107,000000,103.101,103.9,100.52,100.813,384590.7447176426,0
SARK.US,D,20231108,000000,100.547,103.128,100.52,102.17,491989.96973117674,0
SARK.US,D,20231109,000000,101.132,105.763,100.839,105.311,552426.9035178397,0
SARK.US,D,20231110,000000,105.63,106.322,103.314,103.687,493864.1929008692,0
SARK.US,D,20231113,000000,104.752,106.348,103.155,103.261,370994.36031610565,0
SARK.US,D,20231114,000000,99.0297,99.8994,97.7256,97.9917,906199.6779205003,0
SARK.US,D,20231115,000000,97.2996,97.5924,93.8664,95.5965,642555.6955826443,0
SARK.US,D,20231116,000000,96.2085,98.6571,96.1818,97.2729,431858.8935347745,0
SARK.US,D,20231117,000000,96.5544,97.0467,93.8133,93.9198,447745.4523989212,0
SARK.US,D,20231120,000000,93.5736,93.9198,91.0986,91.4445,428102.18077406444,0
SARK.US,D,20231121,000000,92.6424,94.0263,92.4294,93.4938,397974.08089602593,0
SARK.US,D,20231122,000000,92.4825,94.026,92.0034,92.5623,346161.6548106384,0
SARK.US,D,20231124,000000,92.9085,92.9298,90.9522,91.4445,210083.95962810604,0
SARK.US,D,20231127,000000,92.0034,92.6688,89.901,90.327,281407.3945966326,0
SARK.US,D,20231128,000000,90.4332,91.2849,87.7188,87.9315,538569.7510970637,0
SARK.US,D,20231129,000000,86.7606,87.8784,85.4301,87.6123,753655.6471395444,0
SARK.US,D,20231130,000000,86.9736,89.5017,86.9202,89.1825,925539.3464336607,0
SARK.US,D,20231201,000000,88.5171,89.1294,84.525,84.525,1270324.2663417757,0
SARK.US,D,20231204,000000,84.8976,85.8159,83.6202,84.1791,642501.9638438313,0
SARK.US,D,20231205,000000,85.0839,85.563,83.7267,84.8976,652305.9395742607,0
SARK.US,D,20231206,000000,83.7798,85.3767,83.0082,85.3236,539343.41298689,0
SARK.US,D,20231207,000000,85.5897,86.2794,84.7296,84.9243,400401.02705743234,0
SARK.US,D,20231208,000000,85.1637,85.7751,82.4226,83.3274,548477.8085873222,0
SARK.US,D,20231211,000000,84.2856,85.2969,84.1392,84.4452,280389.4975303372,0
SARK.US,D,20231212,000000,84.3654,85.7226,84.3123,84.7647,346671.54270982847,0
SARK.US,D,20231213,000000,84.6315,86.4414,81.5709,81.5976,924528.588549438,0
SARK.US,D,20231214,000000,79.788,79.9209,77.8191,78.5637,1403864.170167436,0
SARK.US,D,20231215,000000,78.6168,80.4801,78.4038,80.0007,431045.7782703209,0
SARK.US,D,20231218,000000,80.6394,80.8791,79.2291,80.0541,465124.8518109752,0
SARK.US,D,20231219,000000,79.5216,79.5216,76.5144,76.8336,397649.4359845172,0
SARK.US,D,20231220,000000,77.0466,80.0805,76.3293,80.0274,829164.1457937026,0
SARK.US,D,20231221,000000,78.4305,79.6017,77.7651,77.9514,728805.2815520947,0
SARK.US,D,20231222,000000,77.4726,77.9649,76.461,76.9668,609157.4745647425,0
SARK.US,D,20231226,000000,76.68,76.89,75.525,75.9,608009.99939199,0
SARK.US,D,20231227,000000,75.12,75.87,74.85,75.24,483831.999516168,0
SARK.US,D,20231228,000000,75.69,75.93,75.09,75.48,541644.332791689,0
SARK.US,D,20231229,000000,75.63,78.09,75.39,77.88,622368.3327109651,0
SARK.US,D,20240102,000000,78.9,81.15,78.723,80.73,891229.332442104,0
SARK.US,D,20240103,000000,82.95,84.1728,82.44,83.91,879083.3324542501,0
SARK.US,D,20240104,000000,84.03,84.69,82.467,83.34,615710.332717623,0
SARK.US,D,20240105,000000,84.24,84.6,82.5651,83.37,568288.999431711,0
SARK.US,D,20240108,000000,83.19,83.67,80.8203,80.97,527134.666139532,0
SARK.US,D,20240109,000000,81.84,82.47,81.27,82.23,453606.332879727,0
SARK.US,D,20240110,000000,82.35,83.9397,81.81,82.56,834092.332499241,0
SARK.US,D,20240111,000000,82.44,85.89,82.26,84.48,709292.332624041,0
SARK.US,D,20240112,000000,84.6,86.0697,83.28,85.98,571728.6660949381,0
SARK.US,D,20240116,000000,87.21,88.41,86.37,87.12,486319.99951368,0
SARK.US,D,20240117,000000,88.71,90.06,88.62,88.74,670489.332662844,0
SARK.US,D,20240118,000000,87.6,90.36,87.48,89.28,548625.332784708,0
SARK.US,D,20240119,000000,88.71,90.51,87.9648,88.05,605052.666061614,0
SARK.US,D,20240122,000000,86.94,87.045,83.8251,86.01,995069.99900493,0
SARK.US,D,20240123,000000,85.47,86.91,85.0665,85.98,343421.66632324504,0
SARK.US,D,20240124,000000,84.54,88.125,84.48,88.11,463224.332870109,0
SARK.US,D,20240125,000000,88.08,89.52,87.33,88.92,418034.99958196504,0
SARK.US,D,20240126,000000,88.53,89.07,86.91,88.86,374157.666292509,0
SARK.US,D,20240129,000000,88.26,88.83,84.45,84.6,598721.332734612,0
SARK.US,D,20240130,000000,84.6,86.85,84.6,86.79,330299.9996697,0
SARK.US,D,20240131,000000,87.87,89.7,85.77,89.58,794508.665872158,0
SARK.US,D,20240201,000000,88.86,90.39,87.66,88.38,717107.332616226,0
SARK.US,D,20240202,000000,88.86,89.904,86.88,87.15,758605.3325747281,0
SARK.US,D,20240205,000000,88.02,90.99,87.9,89.91,556252.666110414,0
SARK.US,D,20240206,000000,89.4,89.76,86.9085,86.97,614271.999385728,0
SARK.US,D,20240207,000000,86.04,87.66,85.32,86.16,405132.66626153403,0
SARK.US,D,20240208,000000,85.56,86.25,83.52,83.88,500175.332833158,0
SARK.US,D,20240209,000000,82.5,83.1,81.3,81.81,793699.665872967,0
SARK.US,D,20240212,000000,81.75,81.87,79.3803,80.01,449587.999550412,0
SARK.US,D,20240213,000000,84.15,85.305,82.965,84.51,911238.332422095,0
SARK.US,D,20240214,000000,82.35,82.995,79.74,79.89,724514.332608819,0
SARK.US,D,20240215,000000,79.05,79.455,77.46,78.18,571723.33276161,0
SARK.US,D,20240216,000000,79.14,80.19,78.0237,80.1,602687.332730646,0
SARK.US,D,20240220,000000,81.42,84.0906,80.94,82.77,448570.999551429,0
SARK.US,D,20240221,000000,84.63,85.86,84.15,85.11,641768.332691565,0
SARK.US,D,20240222,000000,83.58,84.66,82.62,83.1,552384.999447615,0
SARK.US,D,20240223,000000,82.47,83.76,81.75,83.28,398322.66626834404,0
SARK.US,D,20240226,000000,83.19,83.34,80.3229,80.46,433618.99956638104,0
SARK.US,D,20240227,000000,79.2,79.632,78.12,78.12,494605.666172061,0
SARK.US,D,20240228,000000,78.36,79.11,77.34,78.66,371237.999628762,0
SARK.US,D,20240229,000000,77.31,79.41,76.98,78.66,354021.666312645,0
SARK.US,D,20240301,000000,78.6,79.95,78.09,78.78,348540.666318126,0
SARK.US,D,20240304,000000,78.24,80.25,78.24,79.53,406231.99959376804,0
SARK.US,D,20240305,000000,80.73,82.86,79.95,82.41,1112498.3322208351,0
SARK.US,D,20240306,000000,80.76,82.2558,80.2308,81.03,482296.66618437,0
SARK.US,D,20240307,000000,80.61,81.39,79.62,80.13,460618.332872715,0
SARK.US,D,20240308,000000,79.26,80.175,76.71,79.35,975859.9990241401,0
SARK.US,D,20240311,000000,79.08,79.8,77.76,79.5,439155.666227511,0
SARK.US,D,20240312,000000,79.17,81.36,79.17,80.22,526723.999473276,0
SARK.US,D,20240313,000000,80.67,81,78.57,80.1,348797.332984536,0
SARK.US,D,20240314,000000,80.04,83.5797,79.71,82.59,665587.332667746,0
SARK.US,D,20240315,000000,83.58,83.7,82.02,82.77,454816.66621185,0
SARK.US,D,20240318,000000,82.5,83.9331,82.08,82.62,209491.999790508,0
SARK.US,D,20240319,000000,83.94,84.9303,82.68,83.16,471382.999528617,0
SARK.US,D,20240320,000000,83.01,83.58,79.83,80.28,648640.332684693,0
SARK.US,D,20240321,000000,79.32,79.8,78.45,79.77,295942.999704057,0
SARK.US,D,20240322,000000,80.61,81.81,80.16,81.6,299087.666367579,0
SARK.US,D,20240325,000000,81.66,81.66,79.86,80.22,426963.99957303604,0
SARK.US,D,20240326,000000,79.35,80.64,79.11,80.58,278009.333055324,0
SARK.US,D,20240327,000000,79.32,81.57,79.26,80.49,399700.332933633,0
SARK.US,D,20240328,000000,80.37,80.7,79.7097,80.64,376074.666290592,0
SARK.US,D,20240401,000000,80.58,82.635,80.52,81.96,357711.33297562203,0
SARK.US,D,20240402,000000,84.63,85.68,84.24,84.45,452251.999547748,0
SARK.US,D,20240403,000000,84.96,85.56,83.7,84.24,407290.999592709,0
SARK.US,D,20240404,000000,83.16,85.47,82.62,85.35,427226.999572773,0
SARK.US,D,20240405,000000,86.37,86.58,84.78,85.68,393482.33293985104,0
SARK.US,D,20240408,000000,84.54,84.9,83.67,83.94,270334.66639633203,0
SARK.US,D,20240409,000000,83.73,84.09,82.71,83.04,409621.666257045,0
SARK.US,D,20240410,000000,85.56,85.86,84.3,85.02,807849.332525484,0
SARK.US,D,20240411,000000,84.45,85.905,83.7,83.82,434826.332898507,0
SARK.US,D,20240412,000000,84.48,87.045,84.48,86.64,545364.999454635,0
SARK.US,D,20240415,000000,86.55,90.945,86.535,90.69,500218.999499781,0
SARK.US,D,20240416,000000,91.71,93.24,91.32,92.25,675220.332658113,0
SARK.US,D,20240417,000000,91.62,94.05,91.26,93.6,417866.999582133,0
SARK.US,D,20240418,000000,93.84,94.707,92.22,93.9,402806.332930527,0
SARK.US,D,20240419,000000,94.05,96.48,93,95.805,501204.999498795,0
SARK.US,D,20240422,000000,95.49,96.9,93.87,94.5,488212.999511787,0
SARK.US,D,20240423,000000,93.96,94.11,90.69,91.77,384494.666282172,0
SARK.US,D,20240424,000000,90.06,92.64,89.76,91.77,374943.33295839,0
SARK.US,D,20240425,000000,94.5,94.71,92.01,92.31,336339.666330327,0
SARK.US,D,20240426,000000,92.13,93.39,90.96,91.41,335271.332998062,0
SARK.US,D,20240429,000000,89.94,90.21,88.26,89.22,407453.999592546,0
SARK.US,D,20240430,000000,90.39,92.61,89.7,92.61,310352.66635631403,0
SARK.US,D,20240501,000000,93.36,93.6,88.956,91.92,479951.332853382,0
SARK.US,D,20240502,000000,90.24,92.325,89.37,89.52,356936.332976397,0
SARK.US,D,20240503,000000,86.88,89.1,85.95,88.41,554974.999445025,0
SARK.US,D,20240506,000000,87.48,87.66,86.25,86.43,303939.666362727,0
SARK.US,D,20240507,000000,87.12,88.41,86.8524,88.26,440865.332892468,0
SARK.US,D,20240508,000000,90.33,90.75,89.79,90.45,266908.666399758,0
SARK.US,D,20240509,000000,91.14,92.0883,90.78,91.08,171881.99982811802,0
SARK.US,D,20240510,000000,90.6,93.735,90.48,93.63,226598.333106735,0
SARK.US,D,20240513,000000,92.67,92.67,89.43,90.84,356170.332977163,0
SARK.US,D,20240514,000000,89.85,89.868,87.255,89.04,420983.66624568304,0
SARK.US,D,20240515,000000,87,89.265,86.613,87.75,236047.99976395202,0
SARK.US,D,20240516,000000,88.26,89.37,87.75,89.37,149591.999850408,0
SARK.US,D,20240517,000000,88.74,89.7,88.05,88.32,140506.66652616,0
SARK.US,D,20240520,000000,88.41,89.34,88.02,88.08,118260.999881739,0
SARK.US,D,20240521,000000,88.47,89.145,88.14,88.89,79217.333254116,0
SARK.US,D,20240522,000000,89.19,89.91,88.14,89.37,141263.666525403,0
SARK.US,D,20240523,000000,88.77,92.55,88.68,92.01,266340.99973365903,0
SARK.US,D,20240524,000000,91.8,92.07,90.15,90.42,176715.666489951,0
SARK.US,D,20240528,000000,90.63,92.19,90.414,91.2,99221.333234112,0
SARK.US,D,20240529,000000,92.61,93.45,92.16,92.4,168950.33316438302,0
SARK.US,D,20240530,000000,93.27,94.485,93.15,93.81,194316.999805683,0
SARK.US,D,20240531,000000,93.18,96.0909,92.13,94.62,182404.33315092901,0
SARK.US,D,20240603,000000,93.21,94.89,92.28,93.48,149479.99985052,0
SARK.US,D,20240604,000000,93.96,94.26,92.4,93.06,88056.333245277,0
SARK.US,D,20240605,000000,92.43,93.3597,91.005,91.08,125255.33320807801,0
SARK.US,D,20240606,000000,91.11,91.47,89.1,89.79,227147.333106186,0
SARK.US,D,20240607,000000,90.93,92.1,89.85,91.74,194432.999805567,0
SARK.US,D,20240610,000000,92.7,92.7,90.78,90.99,88348.666578318,0
SARK.US,D,20240611,000000,91.8,92.91,90.9,90.96,121809.99987819,0
SARK.US,D,20240612,000000,88.71,89.475,87.48,89.16,369480.999630519,0
SARK.US,D,20240613,000000,88.02,90.6594,87.885,90.54,220754.333112579,0
SARK.US,D,20240614,000000,91.26,92.19,90.81,91.62,164808.999835191,0
SARK.US,D,20240617,000000,92.22,92.8797,90.45,91.02,129662.333203671,0
SARK.US,D,20240618,000000,91.65,92.22,91.32,92.1,122362.666544304,0
SARK.US,D,20240620,000000,92.25,93.9,92.25,92.7,184063.666482603,0
SARK.US,D,20240621,000000,93.18,93.855,92.745,92.82,170956.999829043,0
SARK.US,D,20240624,000000,93,93.78,91.65,93.15,140581.999859418,0
SARK.US,D,20240625,000000,92.82,93.69,92.52,92.91,80715.333252618,0
SARK.US,D,20240626,000000,93.3,93.315,92.115,92.4,108019.99989198,0
SARK.US,D,20240627,000000,92.94,93.36,91.41,91.56,153584.66651308202,0
SARK.US,D,20240628,000000,91.02,92.58,90.87,91.74,192156.999807843,0
SARK.US,D,20240701,000000,91.5,91.5,90.1008,90.66,163732.666502934,0
SARK.US,D,20240702,000000,90.3,90.63,89.64,89.94,148748.333184585,0
SARK.US,D,20240703,000000,89.58,89.7,87.72,88.44,114576.66655209,0
SARK.US,D,20240705,000000,88.53,89.67,87.72,87.78,99796.333233537,0
SARK.US,D,20240708,000000,87.42,88.62,87.24,87.93,106772.666559894,0
SARK.US,D,20240709,000000,87.93,88.74,87.255,87.63,167396.33316593702,0
SARK.US,D,20240710,000000,87.24,89.04,87.225,87.84,95478.333237855,0
SARK.US,D,20240711,000000,86.67,88.47,84.87,88.35,324866.6663418,0
SARK.US,D,20240712,000000,88.11,88.11,85.8888,86.25,159470.333173863,0
SARK.US,D,20240715,000000,84.93,85.83,83.67,84.42,172994.333160339,0
SARK.US,D,20240716,000000,83.25,84.66,78.375,78.63,641922.666024744,0
SARK.US,D,20240717,000000,81.72,83.16,78.15,81.78,501654.999498345,0
SARK.US,D,20240718,000000,81.15,88.854,79.95,87.84,458322.666208344,0
SARK.US,D,20240719,000000,87.96,88.98,86.25,87.75,224939.99977506002,0
SARK.US,D,20240722,000000,85.89,88.02,83.79,83.91,170372.999829627,0
SARK.US,D,20240723,000000,84.6,84.63,82.05,83.58,152971.333180362,0
SARK.US,D,20240724,000000,87.45,94.35,87.24,94.26,366355.332966978,0
SARK.US,D,20240725,000000,94.77,95.97,87.03,92.31,747486.66591918,0
SARK.US,D,20240726,000000,88.89,92.13,87.48,89.76,305245.999694754,0
SARK.US,D,20240729,000000,87.75,91.53,86.46,89.31,220602.333112731,0
SARK.US,D,20240730,000000,89.16,94.62,87.84,93.39,235234.999764765,0
SARK.US,D,20240731,000000,90.66,91.5474,86.64,90.87,232934.333100399,0
SARK.US,D,20240801,000000,91.56,101.49,90.66,99.96,267273.666399393,0
SARK.US,D,20240802,000000,105.69,111.21,104.7,109.38,623010.999376989,0
SARK.US,D,20240805,000000,131.91,132.54,113.28,118.14,1626235.665040431,0
SARK.US,D,20240806,000000,114.06,119.91,110.461,114.51,528635.332804698,0
SARK.US,D,20240807,000000,109.5,118.83,107.13,118.47,522580.666144086,0
SARK.US,D,20240808,000000,114.81,116.85,106.98,107.55,360547.999639452,0
SARK.US,D,20240809,000000,106.83,109.02,105.15,106.74,212069.333121264,0
SARK.US,D,20240812,000000,106.74,110.82,106.32,109.53,182888.999817111,0
SARK.US,D,20240813,000000,106.8,109.005,100.32,100.68,188402.666478264,0
SARK.US,D,20240814,000000,99.54,105.27,99.42,103.98,92510.666574156,0
SARK.US,D,20240815,000000,99.9,99.9,93.69,94.23,220438.999779561,0
SARK.US,D,20240816,000000,95.4,95.43,92.46,93.39,104641.999895358,0
SARK.US,D,20240819,000000,93,93.36,89.1,89.22,133311.666533355,0
SARK.US,D,20240820,000000,88.95,92.58,88.02,91.44,132702.999867297,0
SARK.US,D,20240821,000000,90.6,91.08,87.03,87.12,132301.666534365,0
SARK.US,D,20240822,000000,86.61,92.43,86.61,92.22,194260.999805739,0
SARK.US,D,20240823,000000,89.61,90.1776,83.64,84,281129.99971887004,0
SARK.US,D,20240826,000000,84.09,86.5905,83.3964,85.83,110148.99988985101,0
SARK.US,D,20240827,000000,87.51,88.7676,86.25,87.03,90642.666576024,0
SARK.US,D,20240828,000000,87.51,93.33,87.51,91.47,201504.33313182901,0
SARK.US,D,20240829,000000,89.1,90,85.86,89.76,282664.333050669,0
SARK.US,D,20240830,000000,88.5,92.07,88.44,89.34,135281.33319805202,0
SARK.US,D,20240903,000000,90.63,97.14,89.55,96.63,309158.999690841,0
SARK.US,D,20240904,000000,98.37,99,93.3654,97.26,233701.666432965,0
SARK.US,D,20240905,000000,96.24,96.63,91.71,93.9,203382.666463284,0
SARK.US,D,20240906,000000,92.28,103.44,91.5,102.33,383123.999616876,0
SARK.US,D,20240909,000000,99.24,100.08,95.37,97.44,180392.666486274,0
SARK.US,D,20240910,000000,95.91,99.54,94.44,94.47,201582.33313175102,0
SARK.US,D,20240911,000000,95.19,97.86,90.21,90.3,204816.66646185,0
SARK.US,D,20240912,000000,90,91.35,86.4885,87.48,169116.66649755,0
SARK.US,D,20240913,000000,86.88,86.88,83.94,84.42,170442.666496224,0
SARK.US,D,20240916,000000,85.32,87.18,83.76,84.66,162864.999837135,0
SARK.US,D,20240917,000000,82.92,83.9196,80.763,83.25,200153.999799846,0
SARK.US,D,20240918,000000,83.13,83.73,77.535,82.89,435823.33289751003,0
SARK.US,D,20240919,000000,77.34,79.41,75.975,78.48,249965.66641670102,0
SARK.US,D,20240920,000000,79.2,82.1097,79.17,80.37,169917.666496749,0
SARK.US,D,20240923,000000,79.56,80.31,78.66,80.13,96074.666570592,0
SARK.US,D,20240924,000000,78.93,81.45,78.06,78.36,146486.66652018,0
SARK.US,D,20240925,000000,78.6,80.61,78,80.34,88111.666578555,0
SARK.US,D,20240926,000000,77.67,81.57,77.43,78.93,232428.99976757102,0
SARK.US,D,20240927,000000,77.79,78.42,76.29,76.98,180760.333152573,0
SARK.US,D,20240930,000000,77.85,79.65,76.44,78.12,121142.333212191,0
SARK.US,D,20241001,000000,78,84.24,77.4,82.5,353918.999646081,0
SARK.US,D,20241002,000000,83.7,85.08,82.65,83.58,128157.33320517601,0
SARK.US,D,20241003,000000,85.2,86.4,83.22,85.47,92074.666574592,0
SARK.US,D,20241004,000000,81.87,84.33,81,81.03,213688.33311964502,0
SARK.US,D,20241007,000000,81.48,84.162,81.15,83.28,133506.333199827,0
SARK.US,D,20241008,000000,83.58,84.285,80.61,80.82,109561.666557105,0
SARK.US,D,20241009,000000,80.76,81.6,79.68,80.7,81331.999918668,0
SARK.US,D,20241010,000000,83.13,84.81,81.285,82.32,197540.999802459,0
SARK.US,D,20241011,000000,84.57,84.63,80.19,80.79,143896.333189437,0
SARK.US,D,20241014,000000,79.8,81.75,77.97,78.18,150328.666516338,0
SARK.US,D,20241015,000000,78.33,81.18,76.9197,78.66,210681.333122652,0
SARK.US,D,20241016,000000,77.76,79.14,76.65,77.22,92960.333240373,0
SARK.US,D,20241017,000000,76.8,79.74,76.8,79.29,112720.333220613,0
SARK.US,D,20241018,000000,78.03,78.39,75.96,75.99,207022.666459644,0
SARK.US,D,20241021,000000,77.04,79.35,76.86,78.09,101724.999898275,0
SARK.US,D,20241022,000000,78.9,79.9197,78.444,78.96,74108.666592558,0
SARK.US,D,20241023,000000,79.47,84.84,79.2,83.49,239332.999760667,0
SARK.US,D,20241024,000000,78.99,80.13,77.52,77.64,180148.666486518,0
SARK.US,D,20241025,000000,77.1,77.445,74.9403,76.65,178577.333154756,0
SARK.US,D,20241028,000000,75.15,75.27,72.8274,74.31,143182.999856817,0
SARK.US,D,20241029,000000,74.4,75.93,74.07,74.34,83950.999916049,0
SARK.US,D,20241030,000000,75.39,75.75,72.81,74.94,197353.666469313,0
SARK.US,D,20241031,000000,76.98,82.71,76.56,82.2,294832.666371834,0
SARK.US,D,20241101,000000,81.18,81.66,79.1463,79.59,103711.333229622,0
SARK.US,D,20241104,000000,80.76,81.84,77.895,79.35,97568.99990243101,0
SARK.US,D,20241105,000000,78.6,78.96,73.74,74.28,245549.99975445,0
SARK.US,D,20241106,000000,66,68.46,62.04,62.04,296915.999703084,0
SARK.US,D,20241107,000000,61.8,61.9467,60.06,60.87,199151.666467515,0
SARK.US,D,20241108,000000,61.89,62.13,57.54,57.69,206622.999793377,0
SARK.US,D,20241111,000000,53.52,54.09,48.54,49.56,650327.3326830061,0
SARK.US,D,20241112,000000,50.82,52.2,49.08,51.48,596302.999403697,0
SARK.US,D,20241113,000000,50.25,53.73,48.6657,53.13,504148.332829185,0
SARK.US,D,20241114,000000,52.98,57.0447,52.95,57,207117.66645954901,0
SARK.US,D,20241115,000000,57.09,59.28,57.003,57.78,281212.666385454,0
SARK.US,D,20241118,000000,55.53,57.3,53.9304,54.18,239639.333093694,0
SARK.US,D,20241119,000000,55.47,55.83,52.65,52.65,161634.999838365,0
SARK.US,D,20241120,000000,52.65,55.38,52.275,53.955,164550.66650211602,0
SARK.US,D,20241121,000000,53.07,56.25,53.07,54.87,137742.666528924,0
SARK.US,D,20241122,000000,54.9,55.386,51.45,52.14,200639.333132694,0
SARK.US,D,20241125,000000,49.8,51.2961,48.63,50.55,397145.666269521,0
SARK.US,D,20241126,000000,51.54,52.44,50.7,51.96,266274.666400392,0
SARK.US,D,20241127,000000,50.76,51.96,49.86,50.22,138587,0
SARK.US,D,20241129,000000,49.41,49.679,48.2001,48.77,95904,0
SARK.US,D,20241202,000000,47.76,47.9397,46.1401,46.28,277426,0
SARK.US,D,20241203,000000,47.39,47.96,46.66,47.18,200710,0
SARK.US,D,20241204,000000,45.8,46.52,44.16,44.19,316778,0
SARK.US,D,20241205,000000,43.41,44.9713,43.25,44.91,243845,0
SARK.US,D,20241206,000000,43.56,43.75,41.13,41.15,344637,0
SARK.US,D,20241209,000000,40.5,43.88,40.47,43.17,333820,0
SARK.US,D,20241210,000000,42.81,44.45,41.72,44.12,219085,0
SARK.US,D,20241211,000000,42.72,43.7,42.2,42.5,221031,0
SARK.US,D,20241212,000000,42.88,43.925,42.2484,43.69,318322,0
SARK.US,D,20241213,000000,43.24,44.737,43.04,43.08,143008,0
SARK.US,D,20241216,000000,42.5,42.81,40.55,40.81,208985,0
SARK.US,D,20241217,000000,41.06,42.2,40.35,40.8,221247,0
SARK.US,D,20241218,000000,41.15,47.39,40.76,46.57,490001,0
SARK.US,D,20241219,000000,44.52,48.18,44.2129,47.09,472075,0
SARK.US,D,20241220,000000,48.93,49.09,44.181,45.21,405666,0
SARK.US,D,20241223,000000,38.5,40.21,38.29,38.89,296270,0
SARK.US,D,20241224,000000,38.42,38.54,36.52,36.52,97271,0
SARK.US,D,20241226,000000,36.96,37.7094,36.4408,36.54,143048,0
SARK.US,D,20241227,000000,37.14,39.66,37.1399,38.63,321636,0
SARK.US,D,20241230,000000,40.3,41.739,40,40.79,260783,0
SARK.US,D,20241231,000000,39.99,42.42,39.98,42.06,194444,0
SARK.US,D,20250102,000000,41.41,43.2296,40.81,41.86,265114,0
SARK.US,D,20250103,000000,41.24,41.24,37.62,37.68,278189,0
SARK.US,D,20250106,000000,36.4,36.6,35.0601,35.96,533139,0
SARK.US,D,20250107,000000,35.44,39.19,35,38.53,455461,0
SARK.US,D,20250108,000000,39.02,40.02,37.8808,38.57,285279,0
SARK.US,D,20250110,000000,40.11,42,39.77,40.42,531556,0
