<TICKER>,<PER>,<DATE>,<TIME>,<OPEN>,<HIGH>,<LOW>,<CLOSE>,<VOL>,<OPENINT>
SMX.US,D,20230309,000000,7095,7854,6270,6682.5,648.75211310272,0
SMX.US,D,20230310,000000,6732,7854,6616.5,6715.5,294.83575389031,0
SMX.US,D,20230313,000000,6402,6484.5,4537.5,4900.5,153.57575565606,0
SMX.US,D,20230314,000000,5379,6583.5,5214,5890.5,381.06544978214,0
SMX.US,D,20230315,000000,5577,5708.51,4554.17,4620,125.63454388411,0
SMX.US,D,20230316,000000,4587,4587,2821.5,2904,384.94302549124,0
SMX.US,D,20230317,000000,2805,2879.42,2326.5,2532.09,274.45272384207,0
SMX.US,D,20230320,000000,2607,2607,2227.5,2260.5,153.21817990295,0
SMX.US,D,20230321,000000,2178,2325.02,2062.5,2062.5,83.01212017447,0
SMX.US,D,20230322,000000,2062.5,2112,1567.5,1567.5,272.37878447405,0
SMX.US,D,20230323,000000,2475,2475,1930.5,2128.5,14545.590727271,0
SMX.US,D,20230324,000000,1897.5,2145,1666.5,1980,833.81998957725,0
SMX.US,D,20230327,000000,1831.5,1963.5,1699.5,1914,290.06848122263,0
SMX.US,D,20230328,000000,1864.5,1881,1617,1627.89,220.39454269961,0
SMX.US,D,20230329,000000,1650,1831.5,1600.5,1724.25,202.62545201264,0
SMX.US,D,20230330,000000,1701.81,1718.97,1567.5,1567.5,204.24423987119,0
SMX.US,D,20230331,000000,1587.3,1617,1505.13,1551,132.9999983375,0
SMX.US,D,20230403,000000,1530.05,1534.34,1387.65,1419.17,161.10302828924,0
SMX.US,D,20230404,000000,1402.5,1424.12,1274.63,1345.74,113.50424100544,0
SMX.US,D,20230405,000000,1336.5,1402.5,1240.14,1278.75,94.84787760228,0
SMX.US,D,20230406,000000,1270.5,1400.85,1204.5,1385.84,170.17757363036,0
SMX.US,D,20230410,000000,1353,2656.5,1320,2623.5,4425.9853992206,0
SMX.US,D,20230411,000000,2062.5,2475,1848,2409,1189.0175608949,0
SMX.US,D,20230412,000000,2145,2920.5,1996.5,2722.5,2155.9248215358,0
SMX.US,D,20230413,000000,2821.5,3844.5,2557.5,3729,1609.5442223049,0
SMX.US,D,20230414,000000,3778.5,5610,3003,3465,3071.5223858484,0
SMX.US,D,20230417,000000,3234,3630,2805,3564,495.3993877469,0
SMX.US,D,20230418,000000,3465,4422,3316.67,4017.75,640.15029502842,0
SMX.US,D,20230419,000000,4026,4026,2557.5,2640,1119.4605920673,0
SMX.US,D,20230420,000000,2508,2788.5,2062.5,2211,470.5193880579,0
SMX.US,D,20230421,000000,2227.5,2310,1728.71,1848,380.84423766369,0
SMX.US,D,20230424,000000,1864.5,2326.5,1815,1896.84,571.36787164578,0
SMX.US,D,20230425,000000,1963.5,2079,1732.5,1798.5,392.53757085086,0
SMX.US,D,20230426,000000,1881,1881,1437.48,1534.5,430.66969158633,0
SMX.US,D,20230427,000000,1617,1617,1435.5,1438.8,149.97090721627,0
SMX.US,D,20230428,000000,1506.95,1506.95,1379.24,1419,158.12787681128,0
SMX.US,D,20230501,000000,1474.28,1567.5,1404.98,1435.5,121.53030151117,0
SMX.US,D,20230502,000000,1435.5,1467.84,1355.48,1369.5,99.977574507856,0
SMX.US,D,20230503,000000,1382.21,1534.5,1336.5,1516.02,92.294544300864,0
SMX.US,D,20230504,000000,1520.97,1529.55,1364.88,1452,87.478180724705,0
SMX.US,D,20230505,000000,1699.5,2458.34,1592.25,2128.5,3664.6205602528,0
SMX.US,D,20230508,000000,2574,3993,2392.5,3027.75,21988.912452411,0
SMX.US,D,20230509,000000,2953.5,2986.5,1815,1848,2928.0290543087,0
SMX.US,D,20230510,000000,1930.5,1963.5,1666.5,1864.5,1071.0630169147,0
SMX.US,D,20230511,000000,1716,1804.77,1612.88,1699.34,548.58605374873,0
SMX.US,D,20230512,000000,1666.5,1691.25,1551.5,1584.66,341.24241997689,0
SMX.US,D,20230515,000000,1529.55,1881,1518,1815,754.6412026882,0
SMX.US,D,20230516,000000,1765.5,1782,1650,1650,205.65636106566,0
SMX.US,D,20230517,000000,1650,1666.5,1608.75,1650,202.22666413883,0
SMX.US,D,20230518,000000,1683,1683,1554.8,1584,134.26181650355,0
SMX.US,D,20230519,000000,1567.5,1815,1567.5,1699.5,554.45393246327,0
SMX.US,D,20230522,000000,1574.1,1716,1567.5,1610.57,209.22120950595,0
SMX.US,D,20230523,000000,1617,2145,1617,1947,997.75332086142,0
SMX.US,D,20230524,000000,1831.5,2013,1749,1947,349.87514714171,0
SMX.US,D,20230525,000000,1881,2011.19,1782,1815,185.21272495757,0
SMX.US,D,20230526,000000,1798.5,1848,1749,1765.5,225.67090627002,0
SMX.US,D,20230530,000000,1782,1810.88,1650,1683,174.47333115242,0
SMX.US,D,20230531,000000,1666.5,1864.5,1666.5,1683,172.27696754351,0
SMX.US,D,20230601,000000,1699.5,1765.5,1617,1633.5,118.65818033495,0
SMX.US,D,20230602,000000,1732.5,1732.5,1617,1683,91.809695822076,0
SMX.US,D,20230605,000000,1683,1732.5,1617.17,1666.5,113.03030161742,0
SMX.US,D,20230606,000000,1650,1716,1618.65,1633.01,101.03030176742,0
SMX.US,D,20230607,000000,1600.5,1666.5,1551,1551,111.88848344988,0
SMX.US,D,20230608,000000,1617,1699.5,1247.4,1352.51,1933.4927031041,0
SMX.US,D,20230609,000000,1287.17,1369.5,1270.5,1297.07,276.90423896294,0
SMX.US,D,20230612,000000,1301.85,1452,1254.83,1320,212.65999734175,0
SMX.US,D,20230613,000000,1304.33,1353,1155,1267.2,274.85939050365,0
SMX.US,D,20230614,000000,1237.5,1320,990.165,1041.32,592.44241683689,0
SMX.US,D,20230615,000000,1067.55,1105.67,932.25,1034.39,452.50181252555,0
SMX.US,D,20230616,000000,1039.5,1077.29,995.115,1053.53,283.50969342583,0
SMX.US,D,20230620,000000,1041.81,1089,990,990,130.16727110018,0
SMX.US,D,20230621,000000,1006.5,1023,907.5,938.85,223.9187850798,0
SMX.US,D,20230622,000000,910.635,948.75,725.637,742.5,618.28484075629,0
SMX.US,D,20230623,000000,305.085,337.92,283.8,295.35,7939.3059613647,0
SMX.US,D,20230626,000000,291.555,298.65,273.9,280.5,3075.516931253,0
SMX.US,D,20230627,000000,272.25,279.51,267.3,272.25,1775.7369475003,0
SMX.US,D,20230628,000000,268.95,272.25,232.98,232.98,3208.8235962533,0
SMX.US,D,20230629,000000,235.785,239.25,214.665,223.575,1775.283008112,0
SMX.US,D,20230630,000000,222.255,223.575,200.64,209.88,1832.624825577,0
SMX.US,D,20230703,000000,217.8,259.05,216.48,239.415,6128.018105218,0
SMX.US,D,20230705,000000,257.895,313.17,235.125,306.075,18882.514915484,0
SMX.US,D,20230706,000000,297,303.6,258.39,260.7,5370.7314480174,0
SMX.US,D,20230707,000000,275.385,280.005,236.445,260.04,3853.8702548569,0
SMX.US,D,20230710,000000,275.22,283.47,240.57,241.725,5931.0502288922,0
SMX.US,D,20230711,000000,238.425,240.9,216.15,227.7,4368.8375211471,0
SMX.US,D,20230712,000000,233.31,235.29,222.585,228.525,1278.5060446247,0
SMX.US,D,20230713,000000,226.71,226.71,216.15,225.39,1319.2587713881,0
SMX.US,D,20230714,000000,231,234.96,217.8,221.1,1551.6193745442,0
SMX.US,D,20230717,000000,217.965,227.535,217.965,225.885,822.10726245093,0
SMX.US,D,20230718,000000,222.75,252.78,220.275,240.9,15531.26041192,0
SMX.US,D,20230719,000000,372.735,404.085,300.3,308.55,69827.29064231,0
SMX.US,D,20230720,000000,268.29,288.75,232.98,247.17,9178.0483701229,0
SMX.US,D,20230721,000000,249.315,249.315,222.915,230.835,4349.4163092687,0
SMX.US,D,20230724,000000,219.615,227.7,203.28,206.415,2666.7520878777,0
SMX.US,D,20230725,000000,280.5,284.46,222.915,227.7,23695.887582589,0
SMX.US,D,20230726,000000,228.03,228.03,212.85,219.45,2848.3654189409,0
SMX.US,D,20230727,000000,218.295,219.615,206.415,214.995,2313.6339104735,0
SMX.US,D,20230728,000000,211.53,214.5,206.25,211.035,1585.3042226079,0
SMX.US,D,20230731,000000,214.5,222.585,206.25,221.1,1601.6339193735,0
SMX.US,D,20230801,000000,209.715,219.45,207.24,212.685,1073.1151381012,0
SMX.US,D,20230802,000000,210.045,211.53,202.125,203.115,1072.6211987134,0
SMX.US,D,20230803,000000,206.25,209.55,196.35,206.085,1233.7836209413,0
SMX.US,D,20230804,000000,199.65,213.345,199.65,202.29,1041.8224112196,0
SMX.US,D,20230807,000000,206.25,207.24,181.5,197.175,1050.2721080837,0
SMX.US,D,20230808,000000,193.05,200.558,183.15,184.965,1185.2666518508,0
SMX.US,D,20230809,000000,188.1,189.255,171.765,179.85,1037.1096840058,0
SMX.US,D,20230810,000000,181.5,188.1,173.58,188.1,589.24847748288,0
SMX.US,D,20230811,000000,187.605,221.43,181.5,214.335,3389.4957152071,0
SMX.US,D,20230814,000000,206.25,207.075,189.75,197.34,848.15635303441,0
SMX.US,D,20230815,000000,191.4,197.505,183.975,193.38,1051.4757444323,0
SMX.US,D,20230816,000000,193.71,216.645,189.915,198.99,1902.7751277305,0
SMX.US,D,20230817,000000,219.285,224.4,201.3,210.54,3394.6823818089,0
SMX.US,D,20230818,000000,214.5,214.5,171.105,174.24,4089.4532822152,0
SMX.US,D,20230821,000000,169.5,184.463,135.75,144.75,3515.6266578776,0
SMX.US,D,20230822,000000,141.75,164.01,129,138,2271.1866609887,0
SMX.US,D,20230823,000000,139.5,142.5,133.5,134.25,1217.2133302903,0
SMX.US,D,20230824,000000,135.75,140.25,133.5,137.303,970.6933309066,0
SMX.US,D,20230825,000000,140.25,145.5,131.25,132,807.6133313143,0
SMX.US,D,20230828,000000,131.25,134.993,109.125,117,1492.1866629362,0
SMX.US,D,20230829,000000,114,114.75,99.7575,109.5,2168.9733279109,0
SMX.US,D,20230830,000000,111.75,152.25,108.75,118.5,16101.133293081,0
SMX.US,D,20230831,000000,138.75,145.358,120,132.75,26929.866599342,0
SMX.US,D,20230901,000000,126,128.205,117,123.75,2972.2533259027,0
SMX.US,D,20230905,000000,120,126,116.25,126,2014.7333282965,0
SMX.US,D,20230906,000000,123.75,123.75,108.75,111.758,1662.4666625105,0
SMX.US,D,20230907,000000,110.25,110.25,102,109.5,892.5466644353,0
SMX.US,D,20230908,000000,109.5,109.5,101.28,104.993,658.5866650202,0
SMX.US,D,20230911,000000,105.375,111.75,101.25,108.75,1015.5733307944,0
SMX.US,D,20230912,000000,106.5,108,102.75,102.75,559.9866652667,0
SMX.US,D,20230913,000000,108,108,102,105.263,273.466665983,0
SMX.US,D,20230914,000000,103.5,115.5,103.5,113.25,978.3333308875,0
SMX.US,D,20230915,000000,113.25,126.255,111.983,124.5,1263.066663509,0
SMX.US,D,20230918,000000,125.25,142.073,120.698,136.5,1543.9599961401,0
SMX.US,D,20230919,000000,129.75,136.5,123.9,127.5,766.9999980825,0
SMX.US,D,20230920,000000,132.75,132.75,111,114.75,703.1599982421,0
SMX.US,D,20230921,000000,111.75,112.275,96.06,98.25,1223.6666636075,0
SMX.US,D,20230922,000000,98.25,104.993,96,98.25,491.1066654389,0
SMX.US,D,20230925,000000,94.5,96,90.75,94.125,110.8799997228,0
SMX.US,D,20230926,000000,97.2,97.5,92.25,93.285,358.4533324372,0
SMX.US,D,20230927,000000,93.75,101.25,93,93.75,580.4933318821,0
SMX.US,D,20230928,000000,93.75,98.25,90,96.75,1189.866663692,0
SMX.US,D,20230929,000000,96,99.735,93.75,96,825.2266646036,0
SMX.US,D,20231002,000000,93,97.4925,92.25,93.75,258.0133326883,0
SMX.US,D,20231003,000000,93.7875,96,90,96,699.6933315841,0
SMX.US,D,20231004,000000,98.235,109.238,93.7575,101.25,1284.4666634555,0
SMX.US,D,20231005,000000,111.75,127.493,101.25,109.5,9530.6533095067,0
SMX.US,D,20231006,000000,103.5,110.25,98.25,106.5,1423.5466631078,0
SMX.US,D,20231009,000000,105,161.25,99.7575,126.75,32326.346585851,0
SMX.US,D,20231010,000000,245.25,285,186.75,215.25,825116.19793721,0
SMX.US,D,20231011,000000,173.25,195,170.25,190.5,26602.186600161,0
SMX.US,D,20231012,000000,162,212.25,161.25,195.75,11257.45330519,0
SMX.US,D,20231013,000000,178.5,221.25,169.5,170.25,7873.6266469826,0
SMX.US,D,20231016,000000,163.5,172.5,147,153,2223.3866611082,0
SMX.US,D,20231017,000000,150,156.75,139.898,141,2237.3866610732,0
SMX.US,D,20231018,000000,140.25,178.133,139.5,163.5,4350.2133224578,0
SMX.US,D,20231019,000000,170.25,170.25,150,153,1172.1733304029,0
SMX.US,D,20231020,000000,149.25,153.75,147,150,722.7466648598,0
SMX.US,D,20231023,000000,146.25,150,131.25,142.493,1368.133329913,0
SMX.US,D,20231024,000000,141,150,131.25,143.25,774.4666647305,0
SMX.US,D,20231025,000000,145.5,156.743,144.75,150,1246.5866635502,0
SMX.US,D,20231026,000000,150,151.133,142.5,144.405,526.9066653494,0
SMX.US,D,20231027,000000,141.75,144,129,133.5,771.3733314049,0
SMX.US,D,20231030,000000,134.25,140.25,133.125,136.5,840.6133312318,0
SMX.US,D,20231031,000000,135,150,133.5,138.75,745.2666648035,0
SMX.US,D,20231101,000000,136.5,142.5,134.25,136.5,362.3199990942,0
SMX.US,D,20231102,000000,132.75,138.75,132,137.25,199.5199995012,0
SMX.US,D,20231103,000000,144.75,144.75,134.25,134.25,284.6266659551,0
SMX.US,D,20231106,000000,137.25,138,117.75,126,954.7066642799,0
SMX.US,D,20231107,000000,123.75,123.75,109.5,109.5,721.4933315296,0
SMX.US,D,20231108,000000,109.5,111,97.5,97.5,447.5066655479,0
SMX.US,D,20231109,000000,102.75,102.75,90.75,92.2275,458.8666655195,0
SMX.US,D,20231110,000000,93.75,93.75,88.5,88.5,783.7999980405,0
SMX.US,D,20231113,000000,91.5,96.0525,90.75,93.75,256.2533326927,0
SMX.US,D,20231114,000000,93,96.75,90.0075,92.25,565.6933319191,0
SMX.US,D,20231115,000000,89.25,95.9925,87.75,91.5,760.3199980992,0
SMX.US,D,20231116,000000,99,99,90.375,91.5,202.2933328276,0
SMX.US,D,20231117,000000,93,94.5,88.5,88.5,451.9866655367,0
SMX.US,D,20231120,000000,90,92.76,82.5,85.5,924.4799976888,0
SMX.US,D,20231121,000000,85.5,86.25,81.75,82.5,942.6799976433,0
SMX.US,D,20231122,000000,79.5,84,75,75,1214.3333302975,0
SMX.US,D,20231124,000000,78.75,79.875,75,76.5,280.4799992988,0
SMX.US,D,20231127,000000,77.25,91.5,75,85.875,3887.6533236142,0
SMX.US,D,20231128,000000,91.5,101.993,85.5,87.75,109937.91972516,0
SMX.US,D,20231129,000000,75,95.25,72,84,11728.506637345,0
SMX.US,D,20231130,000000,80.25,87,80.25,85.5,3255.99999186,0
SMX.US,D,20231201,000000,83.25,84.7425,78,81,2431.3199939217,0
SMX.US,D,20231204,000000,82.5,84,80.25,81.75,2141.1466613138,0
SMX.US,D,20231205,000000,78,83.9925,78,79.5,1359.7866632672,0
SMX.US,D,20231206,000000,78,82.5,78,79.5,1735.2933289951,0
SMX.US,D,20231207,000000,78,82.5,77.25,78.75,778.5733313869,0
SMX.US,D,20231208,000000,79.5,80.2425,76.5,78,849.1733312104,0
SMX.US,D,20231211,000000,78.75,78.75,72,72.735,2275.4933276446,0
SMX.US,D,20231212,000000,75.75,77.235,73.8375,75,503.1333320755,0
SMX.US,D,20231213,000000,75.75,77.9925,72.375,73.5075,611.6933318041,0
SMX.US,D,20231214,000000,72.3075,76.5,72.3075,73.5,1101.7999972455,0
SMX.US,D,20231215,000000,76.5,76.5,69.75,72.735,973.2266642336,0
SMX.US,D,20231218,000000,71.25,72.75,68.25,71.25,1912.3333285525,0
SMX.US,D,20231219,000000,70.5075,71.25,66,66.75,1253.5199968662,0
SMX.US,D,20231220,000000,67.5825,71.25,63.825,68.25,2916.2933260426,0
SMX.US,D,20231221,000000,67.5,69.75,66.0075,66.0525,1562.8933294261,0
SMX.US,D,20231222,000000,66.075,69.75,64.5,68.9925,962.0399975949,0
SMX.US,D,20231226,000000,66.75,68.2501,64.5225,65.265,343.4933324746,0
SMX.US,D,20231227,000000,66,67.5008,63.75,66.0225,1440.9733297309,0
SMX.US,D,20231228,000000,64.1175,66.72,64.1175,66,946.2266643011,0
SMX.US,D,20231229,000000,63.75,65.4523,51,53.2575,4264.7866560047,0
SMX.US,D,20240102,000000,51.66,53.2575,42.3225,43.65,4237.8933227386,0
SMX.US,D,20240103,000000,46.5,48.75,41.85,43.125,5387.5066531979,0
SMX.US,D,20240104,000000,42.15,44.2425,38.25,39.0525,1903.7599952406,0
SMX.US,D,20240105,000000,39.075,40.4925,37.5,38.4,1454.4666630305,0
SMX.US,D,20240108,000000,39.075,43.41,35.2575,35.2575,10021.946641612,0
SMX.US,D,20240109,000000,37.5,38.25,31.2975,31.5,12631.853301754,0
SMX.US,D,20240110,000000,31.71,32.9475,25.575,27,6386.5199840337,0
SMX.US,D,20240111,000000,27.075,28.8,26.325,27.2175,2950.8399926229,0
SMX.US,D,20240112,000000,35.25,36,22.7325,24.45,35214.359911964,0
SMX.US,D,20240116,000000,24.7575,25.5,23.25,24.0758,3366.799991583,0
SMX.US,D,20240117,000000,25.5,25.5,23.4375,24.675,1586.8399960329,0
SMX.US,D,20240118,000000,24,25.9125,23.49,25.9125,1636.3866625757,0
SMX.US,D,20240119,000000,25.8375,25.8375,23.49,23.775,1372.399996569,0
SMX.US,D,20240122,000000,24,25.4625,20.25,20.325,6501.2399837469,0
SMX.US,D,20240123,000000,20.265,20.9925,17.475,17.9775,8172.9066462344,0
SMX.US,D,20240124,000000,18.75,18.75,15.9975,16.275,8571.333311905,0
SMX.US,D,20240125,000000,16.275,18,15.75,17.6625,10452.999973867,0
SMX.US,D,20240126,000000,16.5,42,16.17,32.325,136017.25299329,0
SMX.US,D,20240129,000000,24.855,36.36,20.925,25.335,56155.599859611,0
SMX.US,D,20240130,000000,23.235,42,21.75,35.535,49383.626543208,0
SMX.US,D,20240131,000000,30.675,34.5,28.5075,30.0076,15372.346628236,0
SMX.US,D,20240201,000000,28.785,30.465,23.3625,24.9,8609.4266451431,0
SMX.US,D,20240202,000000,23.7,24.765,21.9,22.05,3982.5199900437,0
SMX.US,D,20240205,000000,22.515,22.515,17.1075,18.4425,9558.5599761036,0
SMX.US,D,20240206,000000,17.28,19.5,16.575,17.4075,9843.5066420579,0
SMX.US,D,20240207,000000,33,46.2075,24,30,1593477.3960163,0
SMX.US,D,20240208,000000,26.25,28.275,22.6425,26.4,83732.813124001,0
SMX.US,D,20240209,000000,24.5475,29.985,24,27,34774.106579731,0
SMX.US,D,20240212,000000,30,30.5025,24.7575,25.35,18485.106620454,0
SMX.US,D,20240213,000000,24.375,25.35,21.285,22.5,23524.279941189,0
SMX.US,D,20240214,000000,21.75,24,21.75,23.4525,12477.919968805,0
SMX.US,D,20240215,000000,22.7475,23.2501,21,22.1025,10328.746640845,0
SMX.US,D,20240216,000000,21.5175,26.6175,21.0375,25.125,21771.239945572,0
SMX.US,D,20240220,000000,27,27,24.1575,24.765,9645.3066425534,0
SMX.US,D,20240221,000000,24.0225,26.025,24,26.025,8801.1599779971,0
SMX.US,D,20240222,000000,24.75,26.4,24.75,26.175,6853.8399828654,0
SMX.US,D,20240223,000000,25.875,26.175,24.075,25.05,14001.199964997,0
SMX.US,D,20240226,000000,25.44,26.25,18.4425,19.9425,46047.026551549,0
SMX.US,D,20240227,000000,21.375,26.25,20.25,26.2425,99322.533085027,0
SMX.US,D,20240228,000000,28.6875,29.25,14.7,16.3725,264973.9326709,0
SMX.US,D,20240229,000000,17.1525,17.1525,15.0225,15.165,59424.666518105,0
SMX.US,D,20240301,000000,15.825,15.825,14.7,15.075,33832.226582086,0
SMX.US,D,20240304,000000,15,15.75,13.7175,14.625,56554.733191946,0
SMX.US,D,20240305,000000,15.375,16.125,14.625,15.6675,46687.373216615,0
SMX.US,D,20240306,000000,15.9375,16.05,14.55,14.985,24108.586606395,0
SMX.US,D,20240307,000000,15,15.2625,14.0025,14.4375,17492.959956268,0
SMX.US,D,20240308,000000,15.75,15.75,12.75,13.32,66762.773166426,0
SMX.US,D,20240311,000000,12.75,13.6425,11.55,11.6625,37828.679905428,0
SMX.US,D,20240312,000000,11.25,11.7225,9.75,10.0875,33740.826582315,0
SMX.US,D,20240313,000000,9.0825,10.1025,9,10.05,24639.986605067,0
SMX.US,D,20240314,000000,9.75,10.335,9.4425,9.645,20558.853281936,0
SMX.US,D,20240315,000000,10.05,12.525,9.975,12,158624.55960344,0
SMX.US,D,20240318,000000,11.7,11.775,9.465,10.425,40156.386566276,0
SMX.US,D,20240319,000000,10.5075,11.625,10.4925,10.7625,33686.679915783,0
SMX.US,D,20240320,000000,11.325,22.785,10.665,13.575,1313825.9833821,0
SMX.US,D,20240321,000000,13.7175,15,11.25,11.655,142315.98631088,0
SMX.US,D,20240322,000000,10.9125,11.2125,9.7725,10.65,62040.946511564,0
SMX.US,D,20240325,000000,10.5,11.175,10.1325,10.56,31024.919922438,0
SMX.US,D,20240326,000000,10.5,10.875,9.9375,10.3725,23880.999940298,0
SMX.US,D,20240327,000000,10.5,10.725,9.45,9.9,52788.919868028,0
SMX.US,D,20240328,000000,9.75,10.35,9.465,9.6525,29507.87992623,0
SMX.US,D,20240401,000000,9.6525,11.625,9.6525,9.975,76160.506476265,0
SMX.US,D,20240402,000000,10.65,11.25,9.75,11.175,37716.533239042,0
SMX.US,D,20240403,000000,10.8375,13.485,10.5225,11.2425,54725.879863185,0
SMX.US,D,20240404,000000,11.025,12.3675,10.5,11.175,39070.58656899,0
SMX.US,D,20240405,000000,13.2675,14.25,11.625,12.015,109787.83972553,0
SMX.US,D,20240408,000000,11.5575,11.85,10.875,11.0475,21807.066612149,0
SMX.US,D,20240409,000000,11.25,11.25,10.5,11.055,13333.199966667,0
SMX.US,D,20240410,000000,10.7025,11.0925,10.4775,10.7025,10784.226639706,0
SMX.US,D,20240411,000000,10.7475,12,10.6125,10.7625,30456.919923858,0
SMX.US,D,20240412,000000,11.115,11.16,10.5076,10.65,14564.773296921,0
SMX.US,D,20240415,000000,11.0625,13.1175,10.875,11.925,86080.146451466,0
SMX.US,D,20240416,000000,11.7225,12.3,10.65,11.7075,25807.666602147,0
SMX.US,D,20240417,000000,11.85,13.5,11.85,13.005,45036.11988741,0
SMX.US,D,20240418,000000,12.915,13.275,12.075,12.3825,17133.239957167,0
SMX.US,D,20240419,000000,12.9,13.455,12.3375,12.6675,8321.9066458619,0
SMX.US,D,20240422,000000,12.6,12.615,11.2575,11.8125,9743.4933089746,0
SMX.US,D,20240423,000000,12.75,14.25,12.2925,13.3275,94570.639763573,0
SMX.US,D,20240424,000000,12.615,13.0049,12,12.15,12847.506634548,0
SMX.US,D,20240425,000000,11.295,12.0075,11.235,11.58,14937.039962657,0
SMX.US,D,20240426,000000,11.25,11.85,11.175,11.5125,13634.986632579,0
SMX.US,D,20240429,000000,11.7,12.1425,11.25,11.625,6470.4399838239,0
SMX.US,D,20240430,000000,11.625,11.625,10.8075,11.1,6280.5866509652,0
SMX.US,D,20240501,000000,11.4,11.4375,10.9275,11.31,3133.6933254991,0
SMX.US,D,20240502,000000,11.37,11.5725,10.5,11.0475,14240.559964399,0
SMX.US,D,20240503,000000,11.2125,11.2125,9.975,10.8,12013.813303299,0
SMX.US,D,20240506,000000,10.665,11.25,10.5075,10.53,7322.7733150264,0
SMX.US,D,20240507,000000,10.695,10.86,9.51,9.8775,17008.413290812,0
SMX.US,D,20240508,000000,10.005,10.9575,9.8175,10.275,8019.9599799501,0
SMX.US,D,20240509,000000,10.005,12,10.005,11.3025,32084.093253123,0
SMX.US,D,20240510,000000,10.47,10.8,10.125,10.2675,13421.279966447,0
SMX.US,D,20240513,000000,11.0175,11.0175,9.75,9.96,40329.039899177,0
SMX.US,D,20240514,000000,10.005,10.125,8.4,9.15,50475.493207145,0
SMX.US,D,20240515,000000,9.375,9.45,8.9775,9.3,16024.239959939,0
SMX.US,D,20240516,000000,9.15,12.375,9,11.4075,156094.0529431,0
SMX.US,D,20240517,000000,12.825,14.4225,10.9275,11.3025,170166.43957458,0
SMX.US,D,20240520,000000,11.2425,12.7425,10.2075,11.925,47852.413213702,0
SMX.US,D,20240521,000000,11.25,11.8725,10.6275,11.19,18423.119953942,0
SMX.US,D,20240522,000000,11.25,11.8875,10.6275,11.49,22575.853276894,0
SMX.US,D,20240523,000000,11.7225,11.8875,9.8475,11.3475,29539.013259486,0
SMX.US,D,20240524,000000,11.01,21.75,11.0026,14.895,760840.50476457,0
SMX.US,D,20240528,000000,14.43,14.4375,12.0225,12.15,160936.07959766,0
SMX.US,D,20240529,000000,11.475,14.3925,11.25,12.6375,103059.94640902,0
SMX.US,D,20240530,000000,11.91,13.125,11.4525,12.27,44421.893222279,0
SMX.US,D,20240531,000000,12.0525,13.515,11.7825,12.8625,63077.426508973,0
SMX.US,D,20240603,000000,12.585,13.8375,11.475,11.9325,42340.279894149,0
SMX.US,D,20240604,000000,12.45,13.95,11.85,12.18,70487.946490447,0
SMX.US,D,20240605,000000,11.85,12.1425,11.4,12,28003.759929991,0
SMX.US,D,20240606,000000,11.8275,11.9999,10.5,10.7775,26348.186600796,0
SMX.US,D,20240607,000000,10.695,13.4025,10.5,11.625,178131.732888,0
SMX.US,D,20240610,000000,11.4975,12.3,10.35,10.8825,96940.186424316,0
SMX.US,D,20240611,000000,11.4225,12.1275,10.56,10.8975,116643.03970839,0
SMX.US,D,20240612,000000,10.5,10.7025,9.75,10.1475,52427.133202265,0
SMX.US,D,20240613,000000,9.7575,9.9825,8.8875,9,48179.399879551,0
SMX.US,D,20240614,000000,9,9.375,7.62,7.74,66858.54649952,0
SMX.US,D,20240617,000000,7.77,7.875,6.8625,7.5,46339.853217484,0
SMX.US,D,20240618,000000,7.275,9,7.275,8.925,379704.46571741,0
SMX.US,D,20240620,000000,12.1575,15.3525,10.7325,12.06,2370448.4874072,0
SMX.US,D,20240621,000000,9.99,10.35,9.285,10.035,169062.90624401,0
SMX.US,D,20240624,000000,9,10.875,9,10.14,69970.066491741,0
SMX.US,D,20240625,000000,9.5775,11.4375,8.6325,10.5675,88372.839779068,0
SMX.US,D,20240626,000000,10.125,10.875,9.75,10.4475,33068.626583995,0
SMX.US,D,20240627,000000,10.245,10.725,9.825,10.155,30805.853256319,0
SMX.US,D,20240628,000000,9.75,10.125,9.225,9.45,33255.973250193,0
SMX.US,D,20240701,000000,7.71,9.9,7.5,9.2025,87015.013115796,0
SMX.US,D,20240702,000000,9.195,9.33,8.6025,8.7975,41346.199896634,0
SMX.US,D,20240703,000000,10.5,11.13,8.9775,9.1275,649508.78504289,0
SMX.US,D,20240705,000000,8.715,11.085,8.715,10.125,282144.7859613,0
SMX.US,D,20240708,000000,9.1725,10.05,9,9.6,97394.106423181,0
SMX.US,D,20240709,000000,9.5325,10.1099,9.2325,9.5775,78902.359802744,0
SMX.US,D,20240710,000000,9.2925,9.375,8.86125,8.955,42827.853226264,0
SMX.US,D,20240711,000000,7.8,8.1825,7.6275,7.875,109883.49305862,0
SMX.US,D,20240712,000000,7.6275,7.7025,6.675,6.78,126836.35968291,0
SMX.US,D,20240715,000000,6.47,6.47,5.55,5.9495,198975,0
SMX.US,D,20240716,000000,6.19,6.74,5.71,6.551,171371,0
SMX.US,D,20240717,000000,6.6,7.29,6.25,7.08,137790,0
SMX.US,D,20240718,000000,6.72,7.1,6.0201,6.37,91791,0
SMX.US,D,20240719,000000,6.36,6.41,6.08,6.23,29917,0
SMX.US,D,20240722,000000,6.05,6.32,5.5401,5.75,60057,0
SMX.US,D,20240723,000000,5.62,5.74,5,5.04,78291,0
SMX.US,D,20240724,000000,5.1,5.235,4.52,4.64,82170,0
SMX.US,D,20240725,000000,4.6,4.79,4.33,4.37,47788,0
SMX.US,D,20240726,000000,4.38,4.99,4.38,4.79,59299,0
SMX.US,D,20240729,000000,4.71,5.37,4.5,5,122741,0
SMX.US,D,20240730,000000,4.9,4.9,4.5,4.61,16980,0
SMX.US,D,20240731,000000,4.58,4.67,4.5001,4.59,27832,0
SMX.US,D,20240801,000000,4.62,4.8703,4.6,4.69,22556,0
SMX.US,D,20240802,000000,4.7567,4.78,4,4.0542,55109,0
SMX.US,D,20240805,000000,3.4,4.12,3.07,3.25,372587,0
SMX.US,D,20240806,000000,4.45,5.88,2.88,3.58,2248774,0
SMX.US,D,20240807,000000,3.27,4.15,3.27,4.09,121413,0
SMX.US,D,20240808,000000,4.05,4.08,3.55,3.6599,48918,0
SMX.US,D,20240809,000000,3.84,4.29,3.67,3.83,59215,0
SMX.US,D,20240812,000000,4.04,4.06,3.43,3.43,40580,0
SMX.US,D,20240813,000000,3.46,3.71,2.97,3.01,122646,0
SMX.US,D,20240814,000000,3.0739,3.15,2.81,3,51552,0
SMX.US,D,20240815,000000,3.05,3.4499,2.932,3.1242,59450,0
SMX.US,D,20240816,000000,3.1744,3.35,3.0171,3.25,84388,0
SMX.US,D,20240819,000000,3.29,3.9809,3.25,3.64,138490,0
SMX.US,D,20240820,000000,3.635,3.7277,3.38,3.58,116258,0
SMX.US,D,20240821,000000,3.58,4.0886,3.4907,3.72,177876,0
SMX.US,D,20240822,000000,3.8,4.48,3.66,3.8599,232150,0
SMX.US,D,20240823,000000,3.8,3.87,3.5,3.6001,100876,0
SMX.US,D,20240826,000000,3.6,3.72,3.4,3.42,50643,0
SMX.US,D,20240827,000000,3.4,3.43,3.16,3.21,73827,0
SMX.US,D,20240828,000000,3.15,3.2,2.93,2.93,36560,0
SMX.US,D,20240829,000000,2.91,3,2.84,2.86,47652,0
SMX.US,D,20240830,000000,2.8,2.93,2.8,2.81,19729,0
SMX.US,D,20240903,000000,3.14,3.14,2.7,2.7,16717,0
SMX.US,D,20240904,000000,2.7,2.805,2.37,2.38,48208,0
SMX.US,D,20240905,000000,2.37,2.37,2.04,2.19,57109,0
SMX.US,D,20240906,000000,2.17,2.22,2.1001,2.1201,43150,0
SMX.US,D,20240909,000000,2.48,2.48,2.1,2.215,52906,0
SMX.US,D,20240910,000000,4.25,4.54,2.86,3.29,29134535,0
SMX.US,D,20240911,000000,2.92,3.24,2.6893,3.15,828711,0
SMX.US,D,20240912,000000,2.8,2.8,2.345,2.45,219242,0
SMX.US,D,20240913,000000,3.36,7.2,2.86,5.95,50109124,0
SMX.US,D,20240916,000000,4.7,5.6665,4.11,5.1,1488202,0
SMX.US,D,20240917,000000,5.05,5.3921,3.5699,3.76,640933,0
SMX.US,D,20240918,000000,3.69,3.88,3.25,3.45,300981,0
SMX.US,D,20240919,000000,3.47,3.56,3.11,3.32,206046,0
SMX.US,D,20240920,000000,3.32,3.8799,3.32,3.5,197413,0
SMX.US,D,20240923,000000,3.43,3.69,3.29,3.37,83658,0
SMX.US,D,20240924,000000,3.33,3.415,3.21,3.37,81065,0
SMX.US,D,20240925,000000,3.3,3.54,3.2,3.4,192324,0
SMX.US,D,20240926,000000,3.32,3.39,2.74,2.83,142254,0
SMX.US,D,20240927,000000,2.85,2.97,2.7501,2.78,51179,0
SMX.US,D,20240930,000000,2.84,3,2.785,2.9,36828,0
SMX.US,D,20241001,000000,2.9,2.9,2.7,2.8,39016,0
SMX.US,D,20241002,000000,2.74,2.89,2.74,2.86,37193,0
SMX.US,D,20241003,000000,2.82,2.99,2.8001,2.9,92645,0
SMX.US,D,20241004,000000,2.87,2.94,2.82,2.87,19884,0
SMX.US,D,20241007,000000,2.8,2.83,2.45,2.49,105056,0
SMX.US,D,20241008,000000,2.44,2.5,2.37,2.37,43649,0
SMX.US,D,20241009,000000,2.44,2.46,2.3619,2.45,26045,0
SMX.US,D,20241010,000000,2.42,2.5999,2.42,2.46,33652,0
SMX.US,D,20241011,000000,2.54,2.54,2.37,2.42,39744,0
SMX.US,D,20241014,000000,2.38,2.5873,2.36,2.48,255409,0
SMX.US,D,20241015,000000,2.5,2.702,2.42,2.67,104350,0
SMX.US,D,20241016,000000,2.58,2.79,2.58,2.78,93930,0
SMX.US,D,20241017,000000,2.72,2.7799,2.47,2.52,60229,0
SMX.US,D,20241018,000000,2.47,2.76,2.47,2.68,35375,0
SMX.US,D,20241021,000000,2.6,2.7,2.45,2.5,54726,0
SMX.US,D,20241022,000000,2.44,2.4751,2.2,2.37,141062,0
SMX.US,D,20241023,000000,2.32,2.43,2.14,2.21,53863,0
SMX.US,D,20241024,000000,2.18,2.24,2.07,2.09,57108,0
SMX.US,D,20241025,000000,2.09,2.2275,1.34,1.39,556152,0
SMX.US,D,20241028,000000,0.47,0.54,0.4225,0.48,13200108,0
SMX.US,D,20241029,000000,0.432,0.438,0.373,0.3786,6408688,0
SMX.US,D,20241030,000000,0.3564,0.4,0.336,0.3848,4371215,0
SMX.US,D,20241031,000000,0.38,0.4,0.3443,0.3774,2153965,0
SMX.US,D,20241101,000000,0.3601,0.3651,0.3294,0.3465,2792112,0
SMX.US,D,20241104,000000,0.331,0.3774,0.3221,0.336,2080668,0
SMX.US,D,20241105,000000,0.336,0.338,0.29,0.3011,4126505,0
SMX.US,D,20241106,000000,0.3011,0.3176,0.285,0.2911,1566324,0
SMX.US,D,20241107,000000,0.2888,0.3119,0.284,0.31,2847796,0
SMX.US,D,20241108,000000,0.295,0.31,0.274,0.2954,2273714,0
SMX.US,D,20241111,000000,0.2935,0.295899,0.28,0.2836,1316596,0
SMX.US,D,20241112,000000,0.2836,0.3015,0.2715,0.2828,1854156,0
SMX.US,D,20241113,000000,0.2775,0.288,0.2749,0.28,1216174,0
SMX.US,D,20241114,000000,0.2722,0.2722,0.252,0.2662,2109035,0
SMX.US,D,20241115,000000,0.2629,0.2653,0.254,0.2549,796292,0
SMX.US,D,20241118,000000,0.255,0.2551,0.2,0.2124,2398408,0
SMX.US,D,20241119,000000,0.2124,0.265,0.2111,0.243,10884148,0
SMX.US,D,20241120,000000,0.23,0.285,0.2181,0.2573,10950008,0
SMX.US,D,20241121,000000,0.2534,0.2562,0.2376,0.2562,1587367,0
SMX.US,D,20241122,000000,0.2478,0.2478,0.22,0.2305,1610705,0
SMX.US,D,20241125,000000,0.23,0.2317,0.202,0.2123,2517252,0
SMX.US,D,20241126,000000,0.2123,0.2167,0.205,0.2133,1067355,0
SMX.US,D,20241127,000000,0.2133,0.2133,0.1805,0.2068,2152611,0
SMX.US,D,20241129,000000,0.19,0.217,0.19,0.2121,856213,0
SMX.US,D,20241202,000000,0.2125,0.213,0.19,0.1916,2211455,0
SMX.US,D,20241203,000000,0.1859,0.2047,0.1859,0.1948,1331992,0
SMX.US,D,20241204,000000,0.195,0.76,0.1905,0.4,826606197,0
SMX.US,D,20241205,000000,0.3157,0.334,0.2916,0.2974,31678118,0
SMX.US,D,20241206,000000,0.53,0.6,0.44,0.49,448581515,0
SMX.US,D,20241209,000000,0.4509,0.4509,0.385,0.3935,16407209,0
SMX.US,D,20241210,000000,0.36,0.3999,0.3111,0.3484,12390227,0
SMX.US,D,20241211,000000,0.3577,0.4733,0.3362,0.3938,50516184,0
SMX.US,D,20241212,000000,0.393,0.3938,0.3261,0.337,6989374,0
SMX.US,D,20241213,000000,0.3255,0.3299,0.2756,0.2836,5772772,0
SMX.US,D,20241216,000000,0.2287,0.345,0.218,0.2978,13560989,0
SMX.US,D,20241217,000000,0.275,0.33,0.266,0.3016,5866717,0
SMX.US,D,20241218,000000,0.3,0.35,0.2842,0.2842,6513620,0
SMX.US,D,20241219,000000,0.2855,0.3075,0.1905,0.2284,6643818,0
SMX.US,D,20241220,000000,0.2225,0.2497,0.2106,0.2299,3886719,0
SMX.US,D,20241223,000000,0.2299,0.235,0.2138,0.22,1882790,0
SMX.US,D,20241224,000000,0.218,0.2218,0.2052,0.218,2216838,0
SMX.US,D,20241226,000000,0.35,0.4384,0.2505,0.3463,172167661,0
SMX.US,D,20241227,000000,0.38,0.4,0.3238,0.3536,26271534,0
SMX.US,D,20241230,000000,0.4799,0.928,0.43,0.82,370610736,0
SMX.US,D,20241231,000000,0.6405,0.670099,0.4837,0.5896,33873556,0
SMX.US,D,20250102,000000,0.5967,0.6,0.493,0.53,12546627,0
SMX.US,D,20250103,000000,0.485,0.5479,0.42,0.472,12606601,0
SMX.US,D,20250106,000000,0.4561,0.5069,0.4499,0.4629,8355029,0
SMX.US,D,20250107,000000,0.42,0.4255,0.3658,0.3759,8918297,0
SMX.US,D,20250108,000000,0.3389,0.3421,0.295,0.3002,8706916,0
SMX.US,D,20250110,000000,0.3166,0.48,0.3142,0.4012,58918192,0
