<TICKER>,<PER>,<DATE>,<TIME>,<OPEN>,<HIGH>,<LOW>,<CLOSE>,<VOL>,<OPENINT>
TAVIR.US,D,20241223,000000,0.12,0.13,0.12,0.13,445180,0
TAVIR.US,D,20241227,000000,0.12,0.13,0.12,0.13,30489,0
TAVIR.US,D,20241230,000000,0.12,0.12,0.12,0.12,30000,0
TAVIR.US,D,20241231,000000,0.13,0.13,0.1176,0.12,294800,0
TAVIR.US,D,20250102,000000,0.13,0.13,0.1174,0.12,13700,0
TAVIR.US,D,20250103,000000,0.12,0.1281,0.12,0.1281,2200,0
TAVIR.US,D,20250106,000000,0.1201,0.1281,0.12,0.12,16250,0
TAVIR.US,D,20250107,000000,0.1201,0.1201,0.12,0.12,18500,0
TAVIR.US,D,20250108,000000,0.12,0.12,0.12,0.12,27000,0
