<TICKER>,<PER>,<DATE>,<TIME>,<OPEN>,<HIGH>,<LOW>,<CLOSE>,<VOL>,<OPENINT>
TAVI.US,D,20241223,000000,9.91,9.91,9.89,9.89,75627,0
TAVI.US,D,20241227,000000,9.9,9.925,9.9,9.92,321393,0
TAVI.US,D,20241230,000000,9.91,9.915,9.91,9.915,133787,0
TAVI.US,D,20241231,000000,9.91,9.92,9.91,9.9111,328918,0
TAVI.US,D,20250102,000000,9.92,9.92,9.9,9.91,573,0
TAVI.US,D,20250106,000000,9.91,9.915,9.91,9.91,36987,0
TAVI.US,D,20250107,000000,9.92,9.92,9.92,9.92,544,0
TAVI.US,D,20250108,000000,9.92,9.92,9.92,9.92,349838,0
TAVI.US,D,20250110,000000,9.93,9.93,9.92,9.93,325656,0
