<TICKER>,<PER>,<DATE>,<TIME>,<OPEN>,<HIGH>,<LOW>,<CLOSE>,<VOL>,<OPENINT>
TCBP.US,D,20220214,000000,20320,23680,16240,16240,2208.321875,0
TCBP.US,D,20220215,000000,16000,16320,13280,13840,190.37624999999997,0
TCBP.US,D,20220216,000000,13600,13840,12800,13440,65.429375,0
TCBP.US,D,20220217,000000,13301.6,13360,11600,11600,89.738,0
TCBP.US,D,20220218,000000,11920,13199.2,11360,11440,103.507625,0
TCBP.US,D,20220222,000000,10800,11199.2,9440,9680,72.46425,0
TCBP.US,D,20220223,000000,9440,10000,8880,9200,43.490375,0
TCBP.US,D,20220224,000000,8240,8640,7040,8320,70.050875,0
TCBP.US,D,20220225,000000,8560,8560,7840,8080,18.82525,0
TCBP.US,D,20220228,000000,7836.8,8160,7682.4,7959.2,21.063375,0
TCBP.US,D,20220301,000000,7880,8160,7600,7960,19.864250000000002,0
TCBP.US,D,20220302,000000,8400,10000,8400,9210.4,61.908500000000004,0
TCBP.US,D,20220303,000000,9120,9600,8400,8478.4,26.112125000000002,0
TCBP.US,D,20220304,000000,8160,8590.4,8160,8304,7.857875,0
TCBP.US,D,20220307,000000,8320,8473.6,7200,7530.4,38.973875,0
TCBP.US,D,20220308,000000,8160,9200,7600,7720.8,83.62674999999999,0
TCBP.US,D,20220309,000000,9280,11440,8480,11040,2018.248625,0
TCBP.US,D,20220310,000000,9040,9280,8320,8640,110.68175,0
TCBP.US,D,20220311,000000,8240,8560,7280.8,7840,58.81462499999999,0
TCBP.US,D,20220314,000000,7200,7520,7120,7200.8,29.739749999999997,0
TCBP.US,D,20220315,000000,7680,7680,7064,7360,12.63325,0
TCBP.US,D,20220316,000000,8320,8320,7360.8,7999.2,36.61225,0
TCBP.US,D,20220317,000000,9520,13040,9200,11600,2806.691375,0
TCBP.US,D,20220318,000000,10400,11440,9600,10240,264.961,0
TCBP.US,D,20220321,000000,9760,10240,8480,8560,117.01825,0
TCBP.US,D,20220322,000000,8480,9760,8480,9599.2,60.474875,0
TCBP.US,D,20220323,000000,9200,11200,9200,10640,146.131375,0
TCBP.US,D,20220324,000000,10640,10800,9920,10320,51.720499999999994,0
TCBP.US,D,20220325,000000,10160,10640,9437.6,9600,68.54887500000001,0
TCBP.US,D,20220328,000000,10720,14400,10240,12240,807.156875,0
TCBP.US,D,20220329,000000,12800,17040,12000,13280,1200.5362499999999,0
TCBP.US,D,20220330,000000,13280,13760,11760,12160,81.67325,0
TCBP.US,D,20220331,000000,12480,12720,11200,11440,30.789624999999997,0
TCBP.US,D,20220401,000000,11200,11880,10400,10880,28.4005,0
TCBP.US,D,20220404,000000,10960,11814.4,10720,11360,32.4695,0
TCBP.US,D,20220405,000000,11840,12880,11200,12400,53.703624999999995,0
TCBP.US,D,20220406,000000,13680,14080,11600,13360,221.9275,0
TCBP.US,D,20220407,000000,12720,13040,11376,11920,65.068125,0
TCBP.US,D,20220408,000000,11600,12720,11440,11520,41.79537500000001,0
TCBP.US,D,20220411,000000,11360,12240,9772.8,10560,45.948125,0
TCBP.US,D,20220412,000000,10560,11040,9280,9440,30.6795,0
TCBP.US,D,20220413,000000,9680,10000,9520,9760,11.715,0
TCBP.US,D,20220414,000000,9760,9840,8880,9520,11.23375,0
TCBP.US,D,20220418,000000,9600,9920,9200.8,9760,11.758125,0
TCBP.US,D,20220419,000000,9600,10160,9600,9920,11.609125,0
TCBP.US,D,20220420,000000,10000,11520,9715.2,10720,20.719500000000004,0
TCBP.US,D,20220421,000000,10720,11200,9600,9840,8.7485,0
TCBP.US,D,20220422,000000,10039.2,10064,8880,9040,8.221125,0
TCBP.US,D,20220425,000000,9200,9440,8160,9120,13.037624999999998,0
TCBP.US,D,20220426,000000,9360,9360,8640,8960,7.422750000000001,0
TCBP.US,D,20220427,000000,9040,11200,8640,10240,85.3305,0
TCBP.US,D,20220428,000000,10080,12400,9840,11120,84.112,0
TCBP.US,D,20220429,000000,11680,12240,10560,11200,28.105375000000002,0
TCBP.US,D,20220502,000000,10640,11120,10240,10240,7.056750000000001,0
TCBP.US,D,20220503,000000,11280,12000,10400,10560,19.396625,0
TCBP.US,D,20220504,000000,10960,12240,10320,12080,58.57525,0
TCBP.US,D,20220505,000000,11600,12480,10800,11360,34.777375,0
TCBP.US,D,20220506,000000,11920,11920,10880,11680,23.446375000000003,0
TCBP.US,D,20220509,000000,10880,11680,10067.2,10680,18.983625,0
TCBP.US,D,20220510,000000,10400,11360,8960,9200,19.566625,0
TCBP.US,D,20220511,000000,8800,9840,8320,8320,6.989625,0
TCBP.US,D,20220512,000000,8560,9040,7360,7600,27.004625,0
TCBP.US,D,20220513,000000,8240,8960,8000,8160,8.677249999999999,0
TCBP.US,D,20220516,000000,7650.4,8480,7600,7624,11.766000000000002,0
TCBP.US,D,20220517,000000,7920,8320,7209.6,7759.18,22.362000000000002,0
TCBP.US,D,20220518,000000,8160,8960,7920,8800,18.74125,0
TCBP.US,D,20220519,000000,8320,9440,8080,9200,15.287875,0
TCBP.US,D,20220520,000000,10960,11200,8960,8960,22.445750000000004,0
TCBP.US,D,20220523,000000,10000,10000,9122.4,9440,6.6202499999999995,0
TCBP.US,D,20220524,000000,8080,9440,6080.8,6216,204.76712500000002,0
TCBP.US,D,20220525,000000,6552,6552,5046.4,5080.8,141.246375,0
TCBP.US,D,20220526,000000,7199.2,7512,5236.8,6960,2227.676125,0
TCBP.US,D,20220527,000000,6320,6636,5679.2,6144.8,114.76862499999999,0
TCBP.US,D,20220531,000000,5743.2,6036,5520,5628,47.717999999999996,0
TCBP.US,D,20220601,000000,5440,6000,5200,5288,98.820875,0
TCBP.US,D,20220602,000000,5584,5920,4800,4817.6,228.5265,0
TCBP.US,D,20220603,000000,3120,3280,3040,3080,632.994875,0
TCBP.US,D,20220606,000000,3280,3912,3200,3252,568.550875,0
TCBP.US,D,20220607,000000,3240,3312,3048,3199.2,98.102625,0
TCBP.US,D,20220608,000000,3147.2,3312,3120,3204,130.606,0
TCBP.US,D,20220609,000000,3164.8,3279.2,2970.4,3112,106.027625,0
TCBP.US,D,20220610,000000,3032.8,3176,2976,3119.2,55.563125,0
TCBP.US,D,20220613,000000,3008,3008,2640,2680.8,144.03025,0
TCBP.US,D,20220614,000000,2786.4,2879.2,2640.8,2811.2,54.645625,0
TCBP.US,D,20220615,000000,2840.8,2958.4,2680,2894.4,76.57925,0
TCBP.US,D,20220616,000000,2798.4,2951.2,2704,2818.4,25.077625,0
TCBP.US,D,20220617,000000,2920,3031.2,2800.8,2959.2,37.733875,0
TCBP.US,D,20220621,000000,2936,3040,2936,3022.4,36.259875,0
TCBP.US,D,20220622,000000,2902.4,3091.2,2902.4,2980,47.803000000000004,0
TCBP.US,D,20220623,000000,3119.2,3159.2,2899.2,3111.2,66.84925,0
TCBP.US,D,20220624,000000,3056,3151.2,2976,3119.2,26.93825,0
TCBP.US,D,20220627,000000,3184,3512,3044.8,3200,101.10412500000001,0
TCBP.US,D,20220628,000000,3217.6,3272,2898.4,2898.4,46.8185,0
TCBP.US,D,20220629,000000,2968.8,3152,2821.6,2960,41.041625,0
TCBP.US,D,20220630,000000,2897.6,3040,2860.8,2943.2,25.866625,0
TCBP.US,D,20220701,000000,3040,3040,2926.4,2983.2,24.811,0
TCBP.US,D,20220705,000000,3044,3072.8,2800,3000,47.880624999999995,0
TCBP.US,D,20220706,000000,2880,3040,2808.8,2892,53.967625000000005,0
TCBP.US,D,20220707,000000,3032,3032,2879.2,3024,52.860125,0
TCBP.US,D,20220708,000000,2924,3120,2924,3094.4,52.320375,0
TCBP.US,D,20220711,000000,3104,3104,2960.8,3040.8,23.73125,0
TCBP.US,D,20220712,000000,3034.38,3200,2960,3110.4,61.279875,0
TCBP.US,D,20220713,000000,3002.4,3199.2,2968.8,3080,68.17825,0
TCBP.US,D,20220714,000000,3192,3192,3000,3137.6,29.705,0
TCBP.US,D,20220715,000000,3048,3172,3019.98,3172,30.0225,0
TCBP.US,D,20220718,000000,3198.4,3280,2960,3127.2,105.38525,0
TCBP.US,D,20220719,000000,3182.4,3280,3120,3221.6,64.588875,0
TCBP.US,D,20220720,000000,3188,3219.2,3040,3126.4,50.01475,0
TCBP.US,D,20220721,000000,3057.6,3160,2912,3001.6,64.9845,0
TCBP.US,D,20220722,000000,3000,3104,2921.6,2960,20.399375000000003,0
TCBP.US,D,20220725,000000,2952,3039.98,2812.8,2881.2,33.51525,0
TCBP.US,D,20220726,000000,2800.8,3038.4,2732.8,2771.2,66.697,0
TCBP.US,D,20220727,000000,2736.8,2929.6,2724,2797.6,34.04025,0
TCBP.US,D,20220728,000000,2800,3040,2729.6,2808.8,24.686750000000004,0
TCBP.US,D,20220729,000000,2800,2993.6,2800,2884.8,74.121625,0
TCBP.US,D,20220801,000000,2960,3000,2778.8,2798.4,68.55737500000001,0
TCBP.US,D,20220802,000000,2840,2879.2,2648,2760,43.661,0
TCBP.US,D,20220803,000000,2711.2,3264,2711.2,2920,312.137375,0
TCBP.US,D,20220804,000000,3047.46,3088,2921.6,3003.2,56.82962500000001,0
TCBP.US,D,20220805,000000,2960,3031.2,2880,3024,35.36725,0
TCBP.US,D,20220808,000000,3263.2,3439.2,3080,3188,192.13850000000002,0
TCBP.US,D,20220809,000000,3200,3400,3068,3279.2,258.837625,0
TCBP.US,D,20220810,000000,3280,3311.2,3126.4,3280,90.93975,0
TCBP.US,D,20220811,000000,3280,3520,3120.8,3291.2,165.338125,0
TCBP.US,D,20220812,000000,3370.4,3370.4,3212,3265.6,36.189875,0
TCBP.US,D,20220815,000000,3341.6,3431.2,3200,3380.8,49.086375000000004,0
TCBP.US,D,20220816,000000,3248,3311.2,3042.4,3120,74.837125,0
TCBP.US,D,20220817,000000,3272,3272,2880,3026.4,78.009875,0
TCBP.US,D,20220818,000000,2969.6,3112,2812,3000.8,41.091249999999995,0
TCBP.US,D,20220819,000000,2790.4,3040,2790.4,2880.8,44.10975,0
TCBP.US,D,20220822,000000,2824.8,2916.8,2725.6,2840,47.37375,0
TCBP.US,D,20220823,000000,2940,2940,2762.4,2783.2,17.694625,0
TCBP.US,D,20220824,000000,2920,2949.6,2792,2792,27.434875,0
TCBP.US,D,20220825,000000,2872,2944,2808,2848.8,13.507375,0
TCBP.US,D,20220826,000000,2880,2944,2792,2860,14.720875,0
TCBP.US,D,20220829,000000,2800.8,2943.2,2800,2881.6,14.4625,0
TCBP.US,D,20220830,000000,2880.8,2887.2,2731.2,2792,27.31275,0
TCBP.US,D,20220831,000000,2912,2912,2488.8,2623.2,45.878875,0
TCBP.US,D,20220901,000000,2720,2720,2488.8,2528,37.90275,0
TCBP.US,D,20220902,000000,2504,2594.4,2414.4,2460.42,42.80525,0
TCBP.US,D,20220906,000000,2515.2,2595.2,2440.8,2479.2,6.384875,0
TCBP.US,D,20220907,000000,2480,2559.2,2408,2492,17.223625,0
TCBP.US,D,20220908,000000,2446.4,2560,2408.8,2560,8.810625,0
TCBP.US,D,20220909,000000,2684,2792,2560,2584.8,8.05925,0
TCBP.US,D,20220912,000000,2564,2720,2564,2664,9.109,0
TCBP.US,D,20220913,000000,2676.8,2868,2640,2728,31.192999999999998,0
TCBP.US,D,20220914,000000,2729.6,2880,2688,2759.2,14.82775,0
TCBP.US,D,20220915,000000,2560.8,2711.2,2444.8,2600.8,15.7505,0
TCBP.US,D,20220916,000000,2560,2607.2,2480,2532,11.497124999999999,0
TCBP.US,D,20220919,000000,2480,2708,2480,2500,11.155999999999999,0
TCBP.US,D,20220920,000000,2558.4,2680,2400,2560.8,11.08325,0
TCBP.US,D,20220921,000000,2560,2619.2,2480,2552.8,5.2521249999999995,0
TCBP.US,D,20220922,000000,2426.4,2535.2,2284.8,2404,25.096375000000002,0
TCBP.US,D,20220923,000000,2324,2324,2080,2120.8,42.19075,0
TCBP.US,D,20220926,000000,2294.4,2399.2,2168.8,2259.2,5.34525,0
TCBP.US,D,20220927,000000,2280,2280,2120.8,2134.4,6.298,0
TCBP.US,D,20220928,000000,2136,2399.2,1917.6,2367.2,47.839124999999996,0
TCBP.US,D,20220929,000000,2479.2,2479.2,1944,2320,9.601125,0
TCBP.US,D,20220930,000000,2312,2320,2160,2244,6.87475,0
TCBP.US,D,20221003,000000,2304,2304,2139.2,2245.6,1.8258750000000001,0
TCBP.US,D,20221004,000000,2161.6,2319.2,2160.8,2240,3.050875,0
TCBP.US,D,20221005,000000,2240,2319.2,2160,2276.8,4.1695,0
TCBP.US,D,20221006,000000,2297.98,2320,2160.8,2320,15.68275,0
TCBP.US,D,20221007,000000,2152.8,2224,1842.4,2024,94.822125,0
TCBP.US,D,20221010,000000,1954.4,2040,1848,1999.2,5.548,0
TCBP.US,D,20221011,000000,1984,1984,1724.8,1838.4,18.158375,0
TCBP.US,D,20221012,000000,1840,2000,1688,1919.2,11.8715,0
TCBP.US,D,20221013,000000,1764.8,1918.4,1680,1840,14.46275,0
TCBP.US,D,20221014,000000,1840,1840,1680,1764,10.776125,0
TCBP.US,D,20221017,000000,1764,1800,1637.6,1679.2,97.332875,0
TCBP.US,D,20221018,000000,1604,1752,1604,1706.4,22.901875,0
TCBP.US,D,20221019,000000,1711.6,1779.2,1680.8,1716.8,7.9716249999999995,0
TCBP.US,D,20221020,000000,1760,1920,1697.6,1834.4,21.6705,0
TCBP.US,D,20221021,000000,1908,1908,1680.8,1737.47,12.689250000000001,0
TCBP.US,D,20221024,000000,1696,1720,1642.4,1720,4.407625,0
TCBP.US,D,20221025,000000,1744,1817.6,1648.8,1681.6,7.50175,0
TCBP.US,D,20221026,000000,1744,1744,1641.6,1656.8,5.41775,0
TCBP.US,D,20221027,000000,1660,1760,1504,1520.8,60.854625,0
TCBP.US,D,20221028,000000,1521.6,1599.2,1358.4,1444.58,25.947,0
TCBP.US,D,20221031,000000,1512,1520.8,1320.8,1400,15.7955,0
TCBP.US,D,20221101,000000,1376.8,1560,1376,1404,5.092875,0
TCBP.US,D,20221102,000000,1440,1560,1284.8,1293.6,19.879375,0
TCBP.US,D,20221103,000000,1472,1640,1321.61,1361.6,117.942375,0
TCBP.US,D,20221104,000000,1416,1599.2,1302.4,1344.8,16.090249999999997,0
TCBP.US,D,20221107,000000,1356,1594.4,1290.4,1327.2,9.900375,0
TCBP.US,D,20221108,000000,1432,1510.48,1296,1354.4,28.224375,0
TCBP.US,D,20221109,000000,1349.6,1357.6,1136,1279.2,21.884,0
TCBP.US,D,20221110,000000,1280,1400,1200.8,1220,8.2415,0
TCBP.US,D,20221111,000000,1241.6,1392,1152,1160,15.361374999999999,0
TCBP.US,D,20221114,000000,1200,1320,1160.8,1210.4,6.532,0
TCBP.US,D,20221115,000000,1280,1593.6,1212,1360,46.709250000000004,0
TCBP.US,D,20221116,000000,1490.4,1919.2,1280,1545.6,641.98175,0
TCBP.US,D,20221117,000000,1437.6,1520,1363.2,1426.4,62.95825,0
TCBP.US,D,20221118,000000,1400.8,1479.2,1181.6,1288,191.41512500000002,0
TCBP.US,D,20221121,000000,1262.4,1262.4,993.6,1048,905.375,0
TCBP.US,D,20221122,000000,1110.4,1272,993.6,1089.6,1651.74375,0
TCBP.US,D,20221123,000000,1048,1068.8,900.8,1041.6,572.8125,0
TCBP.US,D,20221125,000000,1057.6,1112,953.6,1083.2,115.64999999999999,0
TCBP.US,D,20221128,000000,907.2,919.984,724.8,737.6,687.83125,0
TCBP.US,D,20221129,000000,752,761.584,721.6,729.6,111.8375,0
TCBP.US,D,20221130,000000,725.6,753.6,657.616,753.6,115.19375,0
TCBP.US,D,20221201,000000,760,823.984,748.8,748.8,74.2875,0
TCBP.US,D,20221202,000000,704,784.8,704,774.4,77.16875,0
TCBP.US,D,20221205,000000,777.6,807.776,777.6,780.8,14.9375,0
TCBP.US,D,20221206,000000,776.016,784.336,755.2,755.2,38.8,0
TCBP.US,D,20221207,000000,776.8,781.6,729.6,752,51.46875,0
TCBP.US,D,20221208,000000,752,756.528,736,755.2,19.15625,0
TCBP.US,D,20221209,000000,771.2,785.472,672,692.8,232.93125,0
TCBP.US,D,20221212,000000,672,768,672,712,55.925000000000004,0
TCBP.US,D,20221213,000000,729.6,768,664,688,72.89375,0
TCBP.US,D,20221214,000000,664,733.04,660.8,728,49.25,0
TCBP.US,D,20221215,000000,705.6,756.8,668.8,676.8,100.78125,0
TCBP.US,D,20221216,000000,673.6,673.6,590.784,643.184,101.33125,0
TCBP.US,D,20221219,000000,628.8,696,593.6,593.6,108.38125,0
TCBP.US,D,20221220,000000,593.616,639.984,593.616,603.2,34.71875,0
TCBP.US,D,20221221,000000,606.4,644.48,572,588.8,130.2,0
TCBP.US,D,20221222,000000,576.016,577.6,561.6,574.4,43.693749999999994,0
TCBP.US,D,20221223,000000,565.008,640.8,544.48,598.4,57.631249999999994,0
TCBP.US,D,20221227,000000,620.8,630.208,499.2,499.2,99.54375,0
TCBP.US,D,20221228,000000,555.2,555.2,449.6,496.352,104.60000000000001,0
TCBP.US,D,20221229,000000,459.2,574.4,459.2,521.6,118.79374999999999,0
TCBP.US,D,20221230,000000,540.592,619.2,536,616,106.66874999999999,0
TCBP.US,D,20230103,000000,622.4,687.824,608,660.544,175.325,0
TCBP.US,D,20230104,000000,700.8,1521.6,642.112,782.4,12762.96875,0
TCBP.US,D,20230105,000000,745.6,745.6,537.6,558.4,1509.2124999999999,0
TCBP.US,D,20230106,000000,532.8,656,508.8,616,1321.3,0
TCBP.US,D,20230109,000000,668.8,739.2,592,632,1465.125,0
TCBP.US,D,20230110,000000,640,668.688,576,597.44,489.125,0
TCBP.US,D,20230111,000000,614.736,704,555.2,640,2059.89375,0
TCBP.US,D,20230112,000000,704,798.4,639.984,713.6,3851.14375,0
TCBP.US,D,20230113,000000,766.4,1537.6,700.8,716.8,48472.80625,0
TCBP.US,D,20230117,000000,840,841.424,630.4,788.8,22506.33125,0
TCBP.US,D,20230118,000000,1062.4,1339.2,934.416,1008,184810.8125,0
TCBP.US,D,20230119,000000,816,928,732.8,832,11028.73125,0
TCBP.US,D,20230120,000000,772.8,780.784,656,734.4,4739.81875,0
TCBP.US,D,20230123,000000,726.4,814.384,726.4,763.2,2408.21875,0
TCBP.US,D,20230124,000000,752,759.2,680,697.6,2276.96875,0
TCBP.US,D,20230125,000000,668.8,713.584,638.416,647.984,1667.4812499999998,0
TCBP.US,D,20230126,000000,753.6,974.4,680,912,45598.112499999996,0
TCBP.US,D,20230127,000000,1094.4,1135.89,763.36,816,34840.06875,0
TCBP.US,D,20230130,000000,782.4,912,776,835.2,5232.15625,0
TCBP.US,D,20230131,000000,819.2,880,768,819.2,3319.58125,0
TCBP.US,D,20230201,000000,841.6,841.6,782.4,795.2,1787.7625,0
TCBP.US,D,20230202,000000,800,904,780.816,864,6529.15625,0
TCBP.US,D,20230203,000000,942.4,984,881.6,908.8,5062.85,0
TCBP.US,D,20230206,000000,924.8,927.984,834.4,878.4,1521.0187500000002,0
TCBP.US,D,20230207,000000,880,983.984,867.216,907.2,2532.53125,0
TCBP.US,D,20230208,000000,884.8,939.2,870.4,888,897.21875,0
TCBP.US,D,20230209,000000,873.6,972.8,873.6,956.8,2078.9375,0
TCBP.US,D,20230210,000000,944,1038.4,921.6,934.4,2018.7375,0
TCBP.US,D,20230213,000000,936,1036.8,928,996.8,3461.04375,0
TCBP.US,D,20230214,000000,976,1160,976,1145.6,3700.73125,0
TCBP.US,D,20230215,000000,1176,1243.2,1076.82,1112,2072.2999999999997,0
TCBP.US,D,20230216,000000,1073.6,1123.2,1040,1078.4,765.6,0
TCBP.US,D,20230217,000000,1104,1203.2,1080,1192,1375.56875,0
TCBP.US,D,20230221,000000,1222.4,1222.4,681.6,803.2,8964.34375,0
TCBP.US,D,20230222,000000,851.2,900.8,803.2,819.2,3810.69375,0
TCBP.US,D,20230223,000000,803.2,833.6,672,728,2959.6749999999997,0
TCBP.US,D,20230224,000000,704,753.584,683.216,720,791.4749999999999,0
TCBP.US,D,20230227,000000,710.4,725.584,672,672,554.225,0
TCBP.US,D,20230228,000000,659.2,696,657.6,675.2,391.56875,0
TCBP.US,D,20230301,000000,675.2,692.784,660.704,688,270.325,0
TCBP.US,D,20230302,000000,673.6,689.6,611.216,644.8,607.4625000000001,0
TCBP.US,D,20230303,000000,673.6,688.656,641.6,673.6,293.63125,0
TCBP.US,D,20230306,000000,684.8,703.984,664.016,689.6,429.35,0
TCBP.US,D,20230307,000000,673.6,699.744,620.8,622.4,860.7875,0
TCBP.US,D,20230308,000000,612.8,635.024,577.6,584,664.2874999999999,0
TCBP.US,D,20230309,000000,576,604.8,529.6,545.6,697.0875,0
TCBP.US,D,20230310,000000,520,528.752,465.6,476.8,855.2312499999999,0
TCBP.US,D,20230313,000000,483.2,524.528,465.6,496,293.875,0
TCBP.US,D,20230314,000000,492.8,512,482.4,489.6,462.70625,0
TCBP.US,D,20230315,000000,513.6,654.624,504.8,590.4,4959.43125,0
TCBP.US,D,20230316,000000,566.4,660.8,540.8,640,2024,0
TCBP.US,D,20230317,000000,616,639.984,560,587.2,914.7375,0
TCBP.US,D,20230320,000000,574.4,574.4,502.4,505.6,448.75625,0
TCBP.US,D,20230321,000000,540.992,543.984,480,489.6,382.71875,0
TCBP.US,D,20230322,000000,486.4,528,448,465.6,692.18125,0
TCBP.US,D,20230323,000000,460.8,464,344.016,369.6,935.0125,0
TCBP.US,D,20230324,000000,344,352,324.8,339.2,450.65,0
TCBP.US,D,20230327,000000,336,372.8,268.8,280.8,930.53125,0
TCBP.US,D,20230328,000000,233.6,281.92,233.6,248,2098.73125,0
TCBP.US,D,20230329,000000,248,263.728,243.2,246.4,418.83125,0
TCBP.US,D,20230330,000000,241.6,345.6,241.6,248,2354.0562499999996,0
TCBP.US,D,20230331,000000,246.4,272,246.4,256,353.69374999999997,0
TCBP.US,D,20230403,000000,284.8,284.8,256,272,955.3499999999999,0
TCBP.US,D,20230404,000000,270.4,283.136,256,267.2,448.08750000000003,0
TCBP.US,D,20230405,000000,260.8,300.8,260.8,276.8,690.4625,0
TCBP.US,D,20230406,000000,283.2,292.8,249.6,275.2,178.13125,0
TCBP.US,D,20230410,000000,262.4,289.6,253.6,278.4,189.55625,0
TCBP.US,D,20230411,000000,276.8,291.008,264,270.4,363.44375,0
TCBP.US,D,20230412,000000,283.2,284.8,264,272,204.1,0
TCBP.US,D,20230413,000000,267.2,282.4,256,268.8,226.23125000000002,0
TCBP.US,D,20230414,000000,268.8,352,214.464,222.4,2769.875,0
TCBP.US,D,20230417,000000,222.4,261.984,222.4,256,1066.85,0
TCBP.US,D,20230418,000000,294.4,304,241.6,241.6,34040.125,0
TCBP.US,D,20230419,000000,240,260.8,232,244.8,2774.53125,0
TCBP.US,D,20230420,000000,249.6,252.8,230.4,241.6,1433.6750000000002,0
TCBP.US,D,20230421,000000,240,249.6,224,235.2,1145.11875,0
TCBP.US,D,20230424,000000,225.6,235.92,212.8,230.4,1324.1499999999999,0
TCBP.US,D,20230425,000000,224,255.984,216,236.8,1173.5187500000002,0
TCBP.US,D,20230426,000000,233.6,239.984,200.736,212.8,1338.60625,0
TCBP.US,D,20230427,000000,212.8,214.4,184,185.6,3363.5125,0
TCBP.US,D,20230428,000000,190.4,196.8,174.4,177.6,701.61875,0
TCBP.US,D,20230501,000000,177.6,188.8,163.2,179.2,1103.59375,0
TCBP.US,D,20230502,000000,187.2,187.2,150.832,169.6,4252.45625,0
TCBP.US,D,20230503,000000,180.8,212.8,163.2,177.6,7157.487499999999,0
TCBP.US,D,20230504,000000,176,182.4,152,163.2,1301.25,0
TCBP.US,D,20230505,000000,163.2,170.224,160,169.6,717.4124999999999,0
TCBP.US,D,20230508,000000,169.6,169.616,123.2,148.816,1692.225,0
TCBP.US,D,20230509,000000,156.256,157.6,140,142.4,1380.48125,0
TCBP.US,D,20230510,000000,142.4,150.752,123.2,132.8,1534,0
TCBP.US,D,20230511,000000,136,142.4,130.4,134.4,1091.7,0
TCBP.US,D,20230512,000000,136,137.6,120.064,123.184,1213.33125,0
TCBP.US,D,20230515,000000,123.184,130.384,113.6,119.84,1289.01875,0
TCBP.US,D,20230516,000000,119.584,126.24,116.016,120,712.5687499999999,0
TCBP.US,D,20230517,000000,119.504,163.2,115.68,134.384,7620.349999999999,0
TCBP.US,D,20230518,000000,129.6,144,127.36,132.8,1188.78125,0
TCBP.US,D,20230519,000000,131.2,139.2,129.6,131.2,817.40625,0
TCBP.US,D,20230522,000000,132.768,139.184,126,129.776,910.9625,0
TCBP.US,D,20230523,000000,137.6,150.72,126.72,140.8,1370.7062500000002,0
TCBP.US,D,20230524,000000,145.6,160,136.016,139.2,1823.5375,0
TCBP.US,D,20230525,000000,136.8,140,124.8,137.584,1484.4499999999998,0
TCBP.US,D,20230526,000000,131.2,142.4,130.416,139.2,1138.41875,0
TCBP.US,D,20230530,000000,137.6,137.92,130.816,135.84,597.04375,0
TCBP.US,D,20230531,000000,132.816,136,130.032,130.032,467.63750000000005,0
TCBP.US,D,20230601,000000,134.478,137.6,125.6,131.008,576.7687500000001,0
TCBP.US,D,20230602,000000,129.6,131.2,108.832,118.4,1422.63125,0
TCBP.US,D,20230605,000000,123.472,127.648,113.056,115.187,1049.9625,0
TCBP.US,D,20230606,000000,116.8,118.8,108.8,110.95,651.0625,0
TCBP.US,D,20230607,000000,112.8,125.632,108.8,113.92,1792.1062499999998,0
TCBP.US,D,20230608,000000,115.6,118.32,108.8,113.6,1024.2125,0
TCBP.US,D,20230609,000000,113.536,115.2,108.8,113.6,521.8249999999999,0
TCBP.US,D,20230612,000000,112.048,113.584,103.216,105.616,1264.61875,0
TCBP.US,D,20230613,000000,108.32,108.32,96,97.856,1839.7875,0
TCBP.US,D,20230614,000000,98.144,108.608,95.2,99.2,1727.6750000000002,0
TCBP.US,D,20230615,000000,100.8,112.8,96,97.904,1710.1499999999999,0
TCBP.US,D,20230616,000000,97.6,102.192,96.016,97.6,1484.5500000000002,0
TCBP.US,D,20230620,000000,96.176,102.384,96.176,100.408,426.9375,0
TCBP.US,D,20230621,000000,99.2,102.4,92.256,94.4,1568.15,0
TCBP.US,D,20230622,000000,95.504,95.52,88,91.168,1705.1625000000001,0
TCBP.US,D,20230623,000000,89.888,99.2,88.32,98.176,1181.28125,0
TCBP.US,D,20230626,000000,97.6,107.04,94.4,98.384,627.73125,0
TCBP.US,D,20230627,000000,97.568,99.2,88,91.184,1403.89375,0
TCBP.US,D,20230628,000000,94.16,94.16,89.6,92.608,839.4375,0
TCBP.US,D,20230629,000000,96,97.6,84.8,89.424,1750.2875,0
TCBP.US,D,20230630,000000,88,94.4,76.8162,86.72,1789.6812499999999,0
TCBP.US,D,20230703,000000,84.016,84.976,73.6,81.6,1690.3999999999999,0
TCBP.US,D,20230705,000000,79.2,84.8,74.48,83.2,2474.28125,0
TCBP.US,D,20230706,000000,81.088,81.408,75.36,77.856,1842.3249999999998,0
TCBP.US,D,20230707,000000,79.6,84.64,71.216,73.168,9504.2875,0
TCBP.US,D,20230710,000000,76.48,76.64,66.88,71.52,23108.625,0
TCBP.US,D,20230711,000000,92.8,107.2,83.2,88.16,78962.01875,0
TCBP.US,D,20230712,000000,81.552,98.4,80.816,92.8,8225.15625,0
TCBP.US,D,20230713,000000,89.04,92.8,73.6,83.056,4331.45,0
TCBP.US,D,20230714,000000,84.96,85.744,77.0378,82.1544,2604.78125,0
TCBP.US,D,20230717,000000,78.5118,79.984,71.5998,74.72,1835.76875,0
TCBP.US,D,20230718,000000,72.96,78.312,72.24,76.8,1933.79375,0
TCBP.US,D,20230719,000000,77.568,78.4,71.984,73.6,1410.9562500000002,0
TCBP.US,D,20230720,000000,70.56,75.6478,70.416,74.4,845.95,0
TCBP.US,D,20230721,000000,75.52,76.48,72.64,72.8,786.6750000000001,0
TCBP.US,D,20230724,000000,70.4,76,70.4,72.256,1180.28125,0
TCBP.US,D,20230725,000000,72.64,75.008,72,73.616,804.8125,0
TCBP.US,D,20230726,000000,72.144,75.84,72.016,75.52,796.90625,0
TCBP.US,D,20230727,000000,76.8,91.184,76.08,80.048,5463.78125,0
TCBP.US,D,20230728,000000,84.64,88,76.8,87.936,2184.6937500000004,0
TCBP.US,D,20230731,000000,86.4,103.84,86.4,99.2,3913.5125,0
TCBP.US,D,20230801,000000,92.768,102.4,91.2,95.872,2162.2,0
TCBP.US,D,20230802,000000,94.384,132.8,91.136,109.568,11755.006249999999,0
TCBP.US,D,20230803,000000,137.376,156.8,115.072,131.2,24816.087499999998,0
TCBP.US,D,20230804,000000,126.4,137.408,116.8,124.8,3646.14375,0
TCBP.US,D,20230807,000000,119.824,119.824,100.8,102.4,4100.4875,0
TCBP.US,D,20230808,000000,100.96,110.4,100.96,104.816,2482.55625,0
TCBP.US,D,20230809,000000,104,110.4,91.136,95.84,2811.5687500000004,0
TCBP.US,D,20230810,000000,99.2,99.2,81.6,86.4,2234.05,0
TCBP.US,D,20230811,000000,83.36,92.08,82.864,89.328,986.3687500000001,0
TCBP.US,D,20230814,000000,86.592,89.6,76.9762,82.272,2090.9437500000004,0
TCBP.US,D,20230815,000000,83.2,92.16,83.2,85.872,1252.125,0
TCBP.US,D,20230816,000000,83.2,87.68,78.08,80.16,1307.28125,0
TCBP.US,D,20230817,000000,84.16,84.8,79.2,81.584,460.375,0
TCBP.US,D,20230818,000000,81.328,83.36,73.584,77.264,1416.10625,0
TCBP.US,D,20230821,000000,83.2,83.2,73.76,75.728,399.225,0
TCBP.US,D,20230822,000000,77.28,83.728,70.304,80.8,1826.8937500000002,0
TCBP.US,D,20230823,000000,76.8,93.92,76.8,86.112,2581.4437500000004,0
TCBP.US,D,20230824,000000,83.36,84.8,73.6,81.248,1372.2624999999998,0
TCBP.US,D,20230825,000000,81.6,87.008,81.28,86.88,694.86875,0
TCBP.US,D,20230828,000000,88,90.576,81.776,89.424,1020.5875000000001,0
TCBP.US,D,20230829,000000,81.6,103.184,80,89.824,5881.1875,0
TCBP.US,D,20230830,000000,92,93.616,84.8,88,1736.9624999999999,0
TCBP.US,D,20230831,000000,88,96,88,89.6,984.2624999999999,0
TCBP.US,D,20230901,000000,94.384,94.384,84.8,91.2,673.44375,0
TCBP.US,D,20230905,000000,93.664,102.4,87.488,92.752,1897.7,0
TCBP.US,D,20230906,000000,86.288,94.4,82.48,86.976,1707.3625000000002,0
TCBP.US,D,20230907,000000,83.2,87.968,77.072,78.448,1591.0187500000002,0
TCBP.US,D,20230908,000000,76.832,85.952,75.84,80,1680.1374999999998,0
TCBP.US,D,20230911,000000,81.6,90.4,78.384,78.4,2295.33125,0
TCBP.US,D,20230912,000000,80.272,85.648,72.8,79.984,1253.19375,0
TCBP.US,D,20230913,000000,78.4,79.968,73.6,76.96,667.0875,0
TCBP.US,D,20230914,000000,73.6,76.8,73.232,76,789.975,0
TCBP.US,D,20230915,000000,76,77.6,72.8162,75.2322,383.44375,0
TCBP.US,D,20230918,000000,77.6,80,72.032,75.984,1118.59375,0
TCBP.US,D,20230919,000000,73.6,78.4,72.96,78.24,685.3125,0
TCBP.US,D,20230920,000000,73.712,76.656,72,72.528,884.325,0
TCBP.US,D,20230921,000000,70.576,72,64.016,68.32,1245.2,0
TCBP.US,D,20230922,000000,68.32,71.392,60.8,64.632,887.68125,0
TCBP.US,D,20230925,000000,63.184,63.28,56,57.92,1242.98125,0
TCBP.US,D,20230926,000000,57.92,63.984,56,60.96,824.08125,0
TCBP.US,D,20230927,000000,60.96,65.6,60.8,61.6,703.3625000000001,0
TCBP.US,D,20230928,000000,60.16,70.4,60.16,67.152,455.83125,0
TCBP.US,D,20230929,000000,71.2,71.2,65.6,68.8,1241.7937499999998,0
TCBP.US,D,20231002,000000,63.2,72,59.2,61.76,969.9250000000001,0
TCBP.US,D,20231003,000000,63.9678,63.9678,60.208,60.8,300.0125,0
TCBP.US,D,20231004,000000,61.44,62.08,53.52,56,851.4375,0
TCBP.US,D,20231005,000000,57.6,60.8,52.8,56.08,1116.4375,0
TCBP.US,D,20231006,000000,58.88,59.52,56.08,59.04,524.5812500000001,0
TCBP.US,D,20231009,000000,56.656,60.624,56.0162,58.704,183.14374999999998,0
TCBP.US,D,20231010,000000,58.816,62.752,52.816,58.128,543.125,0
TCBP.US,D,20231011,000000,58.8078,88,57.296,61.76,17454.23125,0
TCBP.US,D,20231012,000000,65.44,73.184,52.88,56.16,6933.631249999999,0
TCBP.US,D,20231013,000000,53.76,67.9838,53.712,59.456,2748.0874999999996,0
TCBP.US,D,20231016,000000,60,68.8,56.192,65.728,5299.01875,0
TCBP.US,D,20231017,000000,64,70.4,64,65.616,1937.66875,0
TCBP.US,D,20231018,000000,64,68.768,62.416,66.256,1660.1875,0
TCBP.US,D,20231019,000000,64.24,68.768,60.8,62.4,1348.8249999999998,0
TCBP.US,D,20231020,000000,65.6,65.6,57.76,59.232,1471.2437499999999,0
TCBP.US,D,20231023,000000,68.8,73.6,59.824,65.12,6517.150000000001,0
TCBP.US,D,20231024,000000,64,67.168,57.952,60.64,2080.2000000000003,0
TCBP.US,D,20231025,000000,60.64,62.4,56,58.64,1442.53125,0
TCBP.US,D,20231026,000000,57.44,57.584,53.6,54.896,1178.44375,0
TCBP.US,D,20231027,000000,57.584,58.4,54.4,57.616,1503.1,0
TCBP.US,D,20231030,000000,59.2,69.936,58.1739,68.8,1809.2375000000002,0
TCBP.US,D,20231031,000000,64.8,70.3838,62.432,68.8,644.625,0
TCBP.US,D,20231101,000000,66.48,76,66.4,69.52,3109.8312499999997,0
TCBP.US,D,20231102,000000,68.8,75.2,64.176,71.36,2130.125,0
TCBP.US,D,20231103,000000,69.376,84.64,68.992,75.2,2827.475,0
TCBP.US,D,20231106,000000,80,83.2,73.92,77.36,1907.55,0
TCBP.US,D,20231107,000000,80,88.8,75.2,84.784,3617.7999999999997,0
TCBP.US,D,20231108,000000,88.432,91.152,68.576,78.72,6122.7625,0
TCBP.US,D,20231109,000000,72.688,76.784,56,61.6,8060.75,0
TCBP.US,D,20231110,000000,64.784,71.776,59.2,62.4,2376.63125,0
TCBP.US,D,20231113,000000,64,68,60.8,65.44,2252.99375,0
TCBP.US,D,20231114,000000,65.6,88,57.856,73.1038,14123.931250000001,0
TCBP.US,D,20231115,000000,73.6,86.24,72.7213,82.24,4049.84375,0
TCBP.US,D,20231116,000000,82.832,87.184,73.76,78,2247.71875,0
TCBP.US,D,20231117,000000,76.8,81.6,73.6,76,1697.7437499999999,0
TCBP.US,D,20231120,000000,83.808,94.4,78.4,83.2,11005.81875,0
TCBP.US,D,20231121,000000,97.328,108.752,80,80,20087.2,0
TCBP.US,D,20231122,000000,87.824,95.92,79.9922,80,9514.506249999999,0
TCBP.US,D,20231124,000000,96,96,87.36,90.224,6929.79375,0
TCBP.US,D,20231127,000000,110.4,110.4,67.2,67.2,54533.862499999996,0
TCBP.US,D,20231128,000000,68.8,72.96,53.728,62.08,19314.1875,0
TCBP.US,D,20231129,000000,58.352,67.2,57.6,60.96,7949.387500000001,0
TCBP.US,D,20231130,000000,60.24,63.904,51.2,58.864,6292.1375,0
TCBP.US,D,20231201,000000,63.232,64,59.2,63.2,3502.8500000000004,0
TCBP.US,D,20231204,000000,59.2,62.4,56.816,59.68,4769.525,0
TCBP.US,D,20231205,000000,56.096,59.184,54.576,56.848,3768.5125,0
TCBP.US,D,20231206,000000,55.168,58.4,51.392,52.816,4124.5125,0
TCBP.US,D,20231207,000000,55.456,57.6,53.312,56.72,2211.21875,0
TCBP.US,D,20231208,000000,57.6,57.6,51.28,51.376,3549.41875,0
TCBP.US,D,20231211,000000,44.816,44.816,33.92,35.376,12196.26875,0
TCBP.US,D,20231212,000000,35.2,36.656,26.032,31.36,9944.05,0
TCBP.US,D,20231213,000000,25.232,30.4,22.4,30.08,15570.625,0
TCBP.US,D,20231214,000000,27.2,28.448,21.408,23.84,11627.181250000001,0
TCBP.US,D,20231215,000000,26.16,26.16,20.16,20.64,9416.625,0
TCBP.US,D,20231218,000000,21.12,28.8,16.832,20.88,76258.875,0
TCBP.US,D,20231219,000000,16.8,19.3592,16.24,18.192,53760.125,0
TCBP.US,D,20231220,000000,18.4,19.04,16.3208,16.56,12180.25,0
TCBP.US,D,20231221,000000,19.04,22.24,17.6,20,28221.75,0
TCBP.US,D,20231222,000000,20.24,22,19.44,19.6,12650.25,0
TCBP.US,D,20231226,000000,19.76,23.76,19.76,23.36,20540.125,0
TCBP.US,D,20231227,000000,23.84,24.4,21.36,23.2,12786.75,0
TCBP.US,D,20231228,000000,25.84,28,22.6776,23.2,46759.875,0
TCBP.US,D,20231229,000000,25.2,33.2,22.452,25.36,95769.25,0
TCBP.US,D,20240102,000000,24.8,26.7992,24.332,25.04,14536.75,0
TCBP.US,D,20240103,000000,24.08,25.1992,17.52,18.48,38192.625,0
TCBP.US,D,20240104,000000,18.48,18.88,17.36,17.84,11501.75,0
TCBP.US,D,20240105,000000,19.12,19.12,17.28,17.76,6600.75,0
TCBP.US,D,20240108,000000,18.08,18.3192,17.04,17.96,5097.75,0
TCBP.US,D,20240109,000000,18.32,18.3464,17.416,17.92,2561.625,0
TCBP.US,D,20240110,000000,17.52,19.76,17.52,18.08,38857.125,0
TCBP.US,D,20240111,000000,18,21.2,17.92,19.6,49532.625,0
TCBP.US,D,20240112,000000,19.68,23.04,18.88,20.4,59087.75,0
TCBP.US,D,20240116,000000,20.4,21.2,16.8,17.6,26088.75,0
TCBP.US,D,20240117,000000,17.6,18.64,17.2008,17.76,9149.625,0
TCBP.US,D,20240118,000000,17.76,18.24,16.48,17,7715,0
TCBP.US,D,20240119,000000,17.88,19.6792,16.96,18.72,48071.5,0
TCBP.US,D,20240122,000000,18.56,19.68,17.6,18.44,55332,0
TCBP.US,D,20240123,000000,18.08,19.1928,16.08,17.04,36458.375,0
TCBP.US,D,20240124,000000,17.2,17.6696,15.36,16.4664,19689.125,0
TCBP.US,D,20240125,000000,15.6,15.68,13.92,13.96,22340,0
TCBP.US,D,20240126,000000,10.96,12.16,10.72,11.36,956458.25,0
TCBP.US,D,20240129,000000,10.4,10.48,8.88,9.84,127518.5,0
TCBP.US,D,20240130,000000,9.28,9.6792,8.8,9.44,52177.5,0
TCBP.US,D,20240131,000000,8.96,9.36,8.4,8.72,52932.625,0
TCBP.US,D,20240201,000000,8.24,8.8,8.24,8.56,12791.625,0
TCBP.US,D,20240202,000000,8.64,8.64,7.48,7.68,32980.625,0
TCBP.US,D,20240205,000000,7.288,7.556,6.8008,7.08,20144.75,0
TCBP.US,D,20240206,000000,6.96,7.83919,6.96,7.744,15615.125,0
TCBP.US,D,20240207,000000,7.66799,7.744,7.3104,7.5272,9753.375,0
TCBP.US,D,20240208,000000,8.64,9.84,7.44,8.8,184607.25,0
TCBP.US,D,20240209,000000,11.92,13.9192,10.64,12.16,2797979.875,0
TCBP.US,D,20240212,000000,9.96,11.28,8.16,8.72,228245.25,0
TCBP.US,D,20240213,000000,8.4,10.24,7.6952,9.68,131480,0
TCBP.US,D,20240214,000000,9.36,9.36,8.16,8.32,44923.25,0
TCBP.US,D,20240215,000000,8.24,8.72,8.0088,8.24,28895,0
TCBP.US,D,20240216,000000,8.16,8.72,7.8856,8.64,34054,0
TCBP.US,D,20240220,000000,8.48,9.28,8.08,9.28,57507.75,0
TCBP.US,D,20240221,000000,8.8,9.04,8.64,8.7192,13151.125,0
TCBP.US,D,20240222,000000,8.72,11.3632,8.56,9.76,168068.125,0
TCBP.US,D,20240223,000000,9.76,9.76,8.088,8.4,56525,0
TCBP.US,D,20240226,000000,8.32,10.08,8.32,9.68,129978.625,0
TCBP.US,D,20240227,000000,9.92,10.64,9.44,10.16,55489.75,0
TCBP.US,D,20240228,000000,10.08,10.96,9.68,10.76,59757.25,0
TCBP.US,D,20240229,000000,10.48,10.6456,9.68,10.08,30810.25,0
TCBP.US,D,20240301,000000,10.16,10.8,10.16,10.64,31425.25,0
TCBP.US,D,20240304,000000,10.64,10.8496,9.92,10.08,26686.375,0
TCBP.US,D,20240305,000000,10.08,10.3192,9.68,10.08,19100.375,0
TCBP.US,D,20240306,000000,9.36,9.4208,6.9608,8.4,82197.625,0
TCBP.US,D,20240307,000000,8.48,9.1856,8.24,8.32,23171.75,0
TCBP.US,D,20240308,000000,8.88,8.96,8.4,8.48,12171.125,0
TCBP.US,D,20240311,000000,12.56,25.3592,12.4,13.68,17416560.625,0
TCBP.US,D,20240312,000000,15.12,18,13.84,14.4,1070142.125,0
TCBP.US,D,20240313,000000,15.2,15.8,12,13.6,191682.875,0
TCBP.US,D,20240314,000000,14.88,16.4,14.12,15.36,176150.875,0
TCBP.US,D,20240315,000000,15.44,15.44,12.72,13.44,79290.125,0
TCBP.US,D,20240318,000000,13.28,13.52,10.56,12.96,100710.25,0
TCBP.US,D,20240319,000000,12,12.176,11.36,11.68,41001.875,0
TCBP.US,D,20240320,000000,11.68,12.72,10.88,12.32,154253.75,0
TCBP.US,D,20240321,000000,12.24,13.44,11.6,12.96,109162.625,0
TCBP.US,D,20240322,000000,13.12,13.12,11.84,12.16,28974.125,0
TCBP.US,D,20240325,000000,12.16,12.7192,11.44,11.52,28267.375,0
TCBP.US,D,20240326,000000,11.76,11.92,11.12,11.36,23877,0
TCBP.US,D,20240327,000000,11.6,12.1624,10.8,11.44,47711.25,0
TCBP.US,D,20240328,000000,11.44,11.92,10.4,10.48,51741.75,0
TCBP.US,D,20240401,000000,10.64,10.64,9.44,10.16,35266.375,0
TCBP.US,D,20240402,000000,9.92,10.64,9.92,10.16,25104.75,0
TCBP.US,D,20240403,000000,10.32,10.4792,10,10.4,19055,0
TCBP.US,D,20240404,000000,17.84,26.16,14.56,15.6,10970573.25,0
TCBP.US,D,20240405,000000,14.64,16.08,14.08,15.2,192578.625,0
TCBP.US,D,20240408,000000,15.2,15.2,13.2,14.24,63367.25,0
TCBP.US,D,20240409,000000,13.76,15.84,13.12,14.88,55125.375,0
TCBP.US,D,20240410,000000,13.44,14.32,12.8,13.6,39841.75,0
TCBP.US,D,20240411,000000,13.28,14,13.28,13.84,13557.75,0
TCBP.US,D,20240412,000000,14,14,12.88,12.88,19393.875,0
TCBP.US,D,20240415,000000,12.32,12.32,10.4,10.48,46281.125,0
TCBP.US,D,20240416,000000,10.48,10.8,10.16,10.64,14276.75,0
TCBP.US,D,20240417,000000,11.04,11.1408,10.4,10.8,9501.75,0
TCBP.US,D,20240418,000000,11.04,12.16,10.9936,11.36,21889.75,0
TCBP.US,D,20240419,000000,11.92,11.92,11.04,11.92,10641.125,0
TCBP.US,D,20240422,000000,12,12.7984,11.92,12.64,18167.125,0
TCBP.US,D,20240423,000000,12.4,13.36,12.32,12.64,14197,0
TCBP.US,D,20240424,000000,12.4,12.96,11.52,11.76,14259.75,0
TCBP.US,D,20240425,000000,12.16,13.2,11.86,12.56,17932.75,0
TCBP.US,D,20240426,000000,12.64,13.04,12.08,12.24,8974.25,0
TCBP.US,D,20240429,000000,12.8,12.8,11.92,11.92,8413.75,0
TCBP.US,D,20240430,000000,11.92,12.32,11.2,11.44,6997.625,0
TCBP.US,D,20240501,000000,11.44,12.1944,11.44,11.84,6520,0
TCBP.US,D,20240502,000000,11.76,11.92,11.44,11.6,5724,0
TCBP.US,D,20240503,000000,12.4,12.4,11.2128,11.68,5671.25,0
TCBP.US,D,20240506,000000,15.04,24,11.28,11.6,5181656.625,0
TCBP.US,D,20240507,000000,12.8,12.8,8.48,9.84,812659.625,0
TCBP.US,D,20240508,000000,9.12,10.4,8.96,9.92,85971.625,0
TCBP.US,D,20240509,000000,10,10,9.52,9.76,44421,0
TCBP.US,D,20240510,000000,10,10,9.04,9.12,48945.875,0
TCBP.US,D,20240513,000000,8.88,9.44,8.64,9.04,46794.75,0
TCBP.US,D,20240514,000000,8.96,9.6,8.8,9.2,50300,0
TCBP.US,D,20240515,000000,9.2,9.44,8.88,8.96,41952.125,0
TCBP.US,D,20240516,000000,8.96,9.28,8.8,9.12,34431.125,0
TCBP.US,D,20240517,000000,9.12,9.2,8.872,9.04,31425.25,0
TCBP.US,D,20240520,000000,9.04,9.2,8.72,8.8,27250,0
TCBP.US,D,20240521,000000,9.12,9.9944,8.8792,9.28,69758.375,0
TCBP.US,D,20240522,000000,9.12,9.5992,9.04,9.28,21888.5,0
TCBP.US,D,20240523,000000,9.2,9.36,8.92,9.12,12362.25,0
TCBP.US,D,20240524,000000,8.96,9.52,8.896,9.04,15817.25,0
TCBP.US,D,20240528,000000,8.88,9.36,8.88,9.12,18019.75,0
TCBP.US,D,20240529,000000,8.96,9.04,8.56,8.64,21736.25,0
TCBP.US,D,20240530,000000,8.8,8.96,8.16,8.52,24440.375,0
TCBP.US,D,20240531,000000,8.72,8.72,8.48,8.64,6465.75,0
TCBP.US,D,20240603,000000,8.88,8.96,8.4,8.64,13989.125,0
TCBP.US,D,20240604,000000,8.4,8.7992,8.4,8.56,15340.75,0
TCBP.US,D,20240605,000000,8.48,9.6,8.48,9.12,50158.125,0
TCBP.US,D,20240606,000000,8.96,9.76,8.88,9.36,56979.75,0
TCBP.US,D,20240607,000000,8.4,8.76,8.16,8.64,32612.25,0
TCBP.US,D,20240610,000000,8.4,8.8,8.24,8.52,14876.625,0
TCBP.US,D,20240611,000000,8.56,8.56,8.24,8.4,9004.625,0
TCBP.US,D,20240612,000000,8.64,9.04,8.32,8.96,17671.25,0
TCBP.US,D,20240613,000000,8.64,8.88,8.48,8.48,7981.5,0
TCBP.US,D,20240614,000000,8.64,9.0288,8.08,8.32,15559.25,0
TCBP.US,D,20240617,000000,8.24,8.32,7.456,7.6008,20996.875,0
TCBP.US,D,20240618,000000,7.76,7.8232,6.96,7.5984,17254,0
TCBP.US,D,20240620,000000,7.52,7.52,6.8,6.8,22275.75,0
TCBP.US,D,20240621,000000,6.96,7.0912,6.8056,6.9584,3699.875,0
TCBP.US,D,20240624,000000,6.88,7.0768,6.0008,6.3952,19345.75,0
TCBP.US,D,20240625,000000,6.288,6.5992,5.7696,5.84,17312.5,0
TCBP.US,D,20240626,000000,5.89778,6.3992,5.84,6.352,5516,0
TCBP.US,D,20240627,000000,6.144,6.72,6.0824,6.64,12468.125,0
TCBP.US,D,20240628,000000,6.8,6.88,6.256,6.5944,13281.5,0
TCBP.US,D,20240701,000000,6.6096,6.88,6.2512,6.6752,4348.875,0
TCBP.US,D,20240702,000000,6.6832,7.476,6.6648,7.1304,6522.875,0
TCBP.US,D,20240703,000000,7.6,7.68,6.9024,7.264,8011.5,0
TCBP.US,D,20240705,000000,7.36,7.4808,6.88,7.1096,2541,0
TCBP.US,D,20240708,000000,6.9904,7.1008,6.408,6.64,2962.375,0
TCBP.US,D,20240709,000000,7.216,7.216,6.612,6.8032,6093,0
TCBP.US,D,20240710,000000,7.12,7.12,6.7216,6.7216,1584.75,0
TCBP.US,D,20240711,000000,6.8,6.87999,6.6136,6.6408,6293.375,0
TCBP.US,D,20240712,000000,6.548,6.88,6.36,6.56,12149.5,0
TCBP.US,D,20240715,000000,6.48,6.72,6.32,6.5512,6456.25,0
TCBP.US,D,20240716,000000,6.52,7.2,6.52,7.2,4704.25,0
TCBP.US,D,20240717,000000,7.2,7.2008,6.816,7.064,1953.75,0
TCBP.US,D,20240718,000000,7.11959,7.11959,6.72,7.04,3310.5,0
TCBP.US,D,20240719,000000,6.96,6.96,6.8,6.8296,1763.25,0
TCBP.US,D,20240722,000000,6.4,6.88,6.2408,6.48,8728.25,0
TCBP.US,D,20240723,000000,6.6936,6.7176,6.4,6.4,8466.75,0
TCBP.US,D,20240724,000000,6.44,6.96,6.2408,6.83351,8365.25,0
TCBP.US,D,20240725,000000,6.8336,6.9128,6.3696,6.88,5051.75,0
TCBP.US,D,20240726,000000,6.72,7.2,6.72,7.2,5255.5,0
TCBP.US,D,20240729,000000,7.2,8,6.94467,7.352,58565.875,0
TCBP.US,D,20240730,000000,7.2592,7.4272,6.8088,7.3912,9488.875,0
TCBP.US,D,20240731,000000,6.4,6.7976,4.4888,4.9976,85599.25,0
TCBP.US,D,20240801,000000,4.64,4.9664,4.32,4.4448,20296.25,0
TCBP.US,D,20240802,000000,4.08,4.16,3.36,3.456,33013.875,0
TCBP.US,D,20240805,000000,2.816,3.55536,2.62664,3.368,51246.25,0
TCBP.US,D,20240806,000000,3.256,3.59192,2.92,3.336,48337.5,0
TCBP.US,D,20240807,000000,3.168,3.176,2.688,2.744,43533.75,0
TCBP.US,D,20240808,000000,2.744,3.22136,2.688,3.12,59936.25,0
TCBP.US,D,20240809,000000,3.056,3.344,3.03208,3.212,21100,0
TCBP.US,D,20240812,000000,3.088,3.6124,3.048,3.168,67193.75,0
TCBP.US,D,20240813,000000,2.848,3.16,2.848,2.92,54967.5,0
TCBP.US,D,20240814,000000,1.704,3.144,1.68808,2.664,450415,0
TCBP.US,D,20240815,000000,2.56,3.04,2.44808,2.912,72748.75,0
TCBP.US,D,20240816,000000,2.936,3.288,2.688,3.072,46208.75,0
TCBP.US,D,20240819,000000,2.744,3.28,2.744,3.232,65752.5,0
TCBP.US,D,20240820,000000,3.28,3.736,3.28,3.736,22778.75,0
TCBP.US,D,20240821,000000,3.784,3.92752,3.44,3.448,22140,0
TCBP.US,D,20240822,000000,3.512,3.616,3.408,3.44,30240,0
TCBP.US,D,20240823,000000,3.2,3.496,3.096,3.408,12577.5,0
TCBP.US,D,20240826,000000,3.248,3.4,3.20968,3.28,11331.25,0
TCBP.US,D,20240827,000000,3.26088,3.384,2.8,2.8,38762.5,0
TCBP.US,D,20240828,000000,2.84,4.728,2.584,3.28,3070130,0
TCBP.US,D,20240829,000000,2.832,4.312,2.808,4.272,1021390,0
TCBP.US,D,20240830,000000,4.408,5.488,4.24,4.456,332987.5,0
TCBP.US,D,20240903,000000,5.008,7.544,4.52,5.824,5394453.75,0
TCBP.US,D,20240904,000000,5.888,6.70392,5.32008,5.736,447810,0
TCBP.US,D,20240905,000000,5.752,6.08,5.36,6,288578.75,0
TCBP.US,D,20240906,000000,6.064,6.52,5.8,6.28,404272.5,0
TCBP.US,D,20240909,000000,6.4,6.4,3.88,4.52,579295,0
TCBP.US,D,20240910,000000,4.88,4.992,4.6,4.704,182990,0
TCBP.US,D,20240911,000000,4.8,4.85568,3.456,4.256,261611.25,0
TCBP.US,D,20240912,000000,4.368,5.168,4.368,4.92,254027.5,0
TCBP.US,D,20240913,000000,5.2,5.6,5.04,5.248,328217.5,0
TCBP.US,D,20240916,000000,5.808,5.84,5.28,5.664,392132.5,0
TCBP.US,D,20240917,000000,6.072,6.23192,5.44,5.48,217895,0
TCBP.US,D,20240918,000000,5.472,5.6,4.68,5.32,183756.25,0
TCBP.US,D,20240919,000000,5.216,5.304,4.8,4.984,114388.75,0
TCBP.US,D,20240920,000000,5.04,5.24792,4.80568,4.952,144868.75,0
TCBP.US,D,20240923,000000,5.16,5.2,4.88008,4.984,171896.25,0
TCBP.US,D,20240924,000000,5.232,5.368,4.808,5.056,227731.25,0
TCBP.US,D,20240925,000000,5.2,5.2,4.912,5,190358.75,0
TCBP.US,D,20240926,000000,5,5,4.472,4.696,231858.75,0
TCBP.US,D,20240927,000000,4.648,4.792,4.016,4.304,164096.25,0
TCBP.US,D,20240930,000000,4.4,4.4,4,4.208,67735,0
TCBP.US,D,20241001,000000,4,4.23992,4,4.08,49497.5,0
TCBP.US,D,20241002,000000,4.04,4.912,4.008,4.736,455915,0
TCBP.US,D,20241003,000000,4.88,5.52384,4.596,5.288,273561.25,0
TCBP.US,D,20241004,000000,5.6,6.2,5.44128,6.072,469551.25,0
TCBP.US,D,20241007,000000,6.288,6.5976,4.312,4.664,781346.25,0
TCBP.US,D,20241008,000000,4.904,4.952,4.008,4.08,377463.75,0
TCBP.US,D,20241009,000000,4.08,4.24,3.824,3.984,209287.5,0
TCBP.US,D,20241010,000000,4,4.144,3.96,4.104,110905,0
TCBP.US,D,20241011,000000,4.144,4.264,3.992,4.096,159507.5,0
TCBP.US,D,20241014,000000,4.12,4.192,3.92808,4.032,237960,0
TCBP.US,D,20241015,000000,4.064,4.16,3.96,4.072,185091.25,0
TCBP.US,D,20241016,000000,4.072,4.144,3.928,4.06512,128341.25,0
TCBP.US,D,20241017,000000,4.056,4.1964,4,4.096,175756.25,0
TCBP.US,D,20241018,000000,4.152,4.152,4.00023,4.048,85481.25,0
TCBP.US,D,20241021,000000,3.976,4.03192,1.512,1.816,3822816.25,0
TCBP.US,D,20241022,000000,2.528,3.10392,1.856,2.08,16243803.75,0
TCBP.US,D,20241023,000000,2.072,2.08,1.72,1.76,1186097.5,0
TCBP.US,D,20241024,000000,1.632,1.79992,1.512,1.584,1296317.5,0
TCBP.US,D,20241025,000000,1.552,1.816,1.28,1.28,2756886.25,0
TCBP.US,D,20241028,000000,1.344,1.4,1.2,1.36,5458816.25,0
TCBP.US,D,20241029,000000,1.368,1.368,1.24,1.296,638447.5,0
TCBP.US,D,20241030,000000,1.304,1.30696,1.04,1.064,1464248.75,0
TCBP.US,D,20241031,000000,1.064,1.096,0.89808,1.056,849918.75,0
TCBP.US,D,20241101,000000,1.056,1.088,1,1.048,270412.5,0
TCBP.US,D,20241104,000000,1.072,1.224,1.024,1.112,874166.25,0
TCBP.US,D,20241105,000000,1.12,1.152,0.992,1.032,558256.25,0
TCBP.US,D,20241106,000000,1.072,1.072,0.912,0.944,555890,0
TCBP.US,D,20241107,000000,0.952,1.00168,0.864,0.928,585193.75,0
TCBP.US,D,20241108,000000,0.92,0.928,0.86816,0.912,352612.5,0
TCBP.US,D,20241111,000000,0.88,0.89592,0.84,0.864,553433.75,0
TCBP.US,D,20241112,000000,0.848,1,0.848,0.904,1376431.25,0
TCBP.US,D,20241113,000000,0.904,0.904,0.664,0.73704,804595,0
TCBP.US,D,20241114,000000,0.7616,0.776,0.50488,0.519071,1626521.25,0
TCBP.US,D,20241115,000000,0.62408,0.76792,0.44592,0.5296,34552393.75,0
TCBP.US,D,20241118,000000,0.52328,0.528,0.4584,0.4888,2000573.75,0
TCBP.US,D,20241119,000000,0.496,0.504,0.464,0.47624,799152.5,0
TCBP.US,D,20241120,000000,0.48008,0.52792,0.464,0.504,825861.25,0
TCBP.US,D,20241121,000000,0.48784,0.51224,0.4728,0.50384,558448.75,0
TCBP.US,D,20241122,000000,0.496,0.511578,0.4728,0.49912,420725,0
TCBP.US,D,20241125,000000,0.496,0.536,0.488,0.5248,618635,0
TCBP.US,D,20241126,000000,0.52,0.5292,0.492,0.50856,377353.75,0
TCBP.US,D,20241127,000000,0.5112,0.516,0.464,0.48,794693.75,0
TCBP.US,D,20241129,000000,0.432,0.456,0.34872,0.44792,565147.5,0
TCBP.US,D,20241202,000000,0.4344,0.488,0.3864,0.47512,334537.5,0
TCBP.US,D,20241203,000000,0.4792,0.48,0.44808,0.47992,440987.5,0
TCBP.US,D,20241204,000000,0.50048,0.56,0.481987,0.50792,708688.75,0
TCBP.US,D,20241205,000000,0.53608,0.53608,0.4976,0.5112,405670,0
TCBP.US,D,20241206,000000,0.52312,0.52312,0.4976,0.51888,258706.25,0
TCBP.US,D,20241209,000000,0.52,0.52312,0.5064,0.50672,304696.25,0
TCBP.US,D,20241210,000000,0.5064,0.50672,0.46472,0.46648,370930,0
TCBP.US,D,20241211,000000,0.50096,0.50096,0.45712,0.46808,333780,0
TCBP.US,D,20241212,000000,0.4872,0.4872,0.464,0.46712,232782.5,0
TCBP.US,D,20241213,000000,0.48,0.48,0.39208,0.4232,422245,0
TCBP.US,D,20241216,000000,0.408,0.4464,0.4008,0.43992,216468.75,0
TCBP.US,D,20241217,000000,0.448,0.448,0.36,0.3752,714597.5,0
TCBP.US,D,20241218,000000,0.64344,0.6568,0.4448,0.52,36679127.5,0
TCBP.US,D,20241219,000000,0.552,0.552,0.48,0.5272,2848413.75,0
TCBP.US,D,20241220,000000,0.512,0.536,0.488,0.528,1201297.5,0
TCBP.US,D,20241223,000000,0.53424,0.57768,0.504,0.5088,695421.25,0
TCBP.US,D,20241224,000000,0.51024,0.54392,0.496,0.50448,454833.75,0
TCBP.US,D,20241226,000000,0.524,0.592,0.5136,0.568,808863.75,0
TCBP.US,D,20241227,000000,0.576,0.59192,0.54544,0.568,852446.25,0
TCBP.US,D,20241230,000000,0.648,0.65608,0.464,0.4864,3645427.5,0
TCBP.US,D,20241231,000000,0.5072,0.608,0.46408,0.516,2879861.25,0
TCBP.US,D,20250102,000000,0.55568,0.55568,0.472,0.4848,1302606.25,0
TCBP.US,D,20250103,000000,0.488,0.504,0.40592,0.41776,1291396.25,0
TCBP.US,D,20250106,000000,0.45208,0.45952,0.36,0.40272,2517751.25,0
TCBP.US,D,20250107,000000,0.4756,0.4781,0.4013,0.416,1278526,0
TCBP.US,D,20250108,000000,0.42,0.43,0.38,0.405,675056,0
TCBP.US,D,20250110,000000,0.424,0.4318,0.3671,0.4005,880396,0
