<TICKER>,<PER>,<DATE>,<TIME>,<OPEN>,<HIGH>,<LOW>,<CLOSE>,<VOL>,<OPENINT>
ALDFW.US,D,20241220,000000,0.25,0.25,0.25,0.25,150000,0
ALDFW.US,D,20241223,000000,0.26,0.26,0.25,0.25,2647,0
ALDFW.US,D,20241224,000000,0.25,0.265,0.25,0.25,25000,0
ALDFW.US,D,20241227,000000,0.26,0.266,0.25,0.2659,45890,0
ALDFW.US,D,20241230,000000,0.266,0.31,0.2659,0.31,1066,0
ALDFW.US,D,20241231,000000,0.3,0.3,0.3,0.3,660,0
ALDFW.US,D,20250103,000000,0.3,0.3,0.2999,0.2999,1334,0
ALDFW.US,D,20250106,000000,0.3,0.3,0.3,0.3,100039,0
ALDFW.US,D,20250107,000000,0.295,0.295,0.295,0.295,836,0
