<TICKER>,<PER>,<DATE>,<TIME>,<OPEN>,<HIGH>,<LOW>,<CLOSE>,<VOL>,<OPENINT>
CRKN.US,D,20200608,000000,54000,72900,54000,72900,0.0074444446305556,0
CRKN.US,D,20200630,000000,135000,135000,135000,135000,0.0036666667583333,0
CRKN.US,D,20200706,000000,216000,216000,216000,216000,0.0036666667583333,0
CRKN.US,D,20200708,000000,270000,270000,270000,270000,0.0036666667583333,0
CRKN.US,D,20200709,000000,162000,162000,162000,162000,0.0036666667583333,0
CRKN.US,D,20200722,000000,162000,162000,148500,148500,0.0076666668583333,0
CRKN.US,D,20200724,000000,148500,148500,148500,148500,0.0077777779722222,0
CRKN.US,D,20200729,000000,148500,148500,148500,148500,0.022222222777778,0
CRKN.US,D,20200730,000000,148500,148500,148500,148500,0.0036666667583333,0
CRKN.US,D,20200804,000000,148500,148500,148500,148500,0.0074444446305556,0
CRKN.US,D,20200805,000000,145800,145800,145800,145800,0.0036666667583333,0
CRKN.US,D,20200807,000000,146070,146070,146070,146070,0.0036666667583333,0
CRKN.US,D,20200810,000000,135000,135000,135000,135000,0.0036666667583333,0
CRKN.US,D,20200817,000000,128250,128250,101250,101250,0.018555556019444,0
CRKN.US,D,20200818,000000,101250,101250,101250,101250,0.0074444446305556,0
CRKN.US,D,20200819,000000,81000,81000,80730,80730,0.022555556119444,0
CRKN.US,D,20200821,000000,80730,80730,80730,80730,0.012333333641667,0
CRKN.US,D,20200824,000000,60750,60750,53730,53730,0.0092222224527778,0
CRKN.US,D,20200825,000000,53730,53730,53730,53730,0.092555557869444,0
CRKN.US,D,20200901,000000,48870,48870,48870,48870,0.0055555556944444,0
CRKN.US,D,20200908,000000,54000,60480,54000,60480,0.0074444446305556,0
CRKN.US,D,20200911,000000,60750,60750,60750,60750,0.054444445805556,0
CRKN.US,D,20200915,000000,54000,70200,13770,28350,1.2616666982083,0
CRKN.US,D,20200916,000000,40500,40500,20250,33750,0.077777779722222,0
CRKN.US,D,20200917,000000,28350,33750,28350,33750,0.19633333824167,0
CRKN.US,D,20200921,000000,32400,36450,32400,36450,0.022222222777778,0
CRKN.US,D,20200922,000000,40500,40500,37800,37800,0.011111111388889,0
CRKN.US,D,20200923,000000,37800,39960,37800,39960,0.044444445555556,0
CRKN.US,D,20201016,000000,35100,40500,35100,40500,0.0083333335416667,0
CRKN.US,D,20201102,000000,37800,37800,37800,37800,0.0036666667583333,0
CRKN.US,D,20201103,000000,37800,37800,37800,37800,0.0081111113138889,0
CRKN.US,D,20201130,000000,54000,54000,35100,35100,0.018555556019444,0
CRKN.US,D,20201201,000000,40500,40500,40500,40500,0.0093333335666667,0
CRKN.US,D,20201202,000000,40500,40500,40500,40500,0.0036666667583333,0
CRKN.US,D,20201221,000000,54000,54000,54000,54000,0.0036666667583333,0
CRKN.US,D,20201223,000000,60480,92610,60480,87480,0.039111112088889,0
CRKN.US,D,20201224,000000,54000,54000,39870,40500,0.056444445855556,0
CRKN.US,D,20201228,000000,39150,39150,31230,36450,0.078777779747222,0
CRKN.US,D,20201229,000000,40500,40500,36450,36450,0.15400000385,0
CRKN.US,D,20201230,000000,41850,41850,32400,32400,0.25766667310833,0
CRKN.US,D,20201231,000000,40500,40500,35100,35100,0.16277778184722,0
CRKN.US,D,20210105,000000,47250,94500,47250,61020,0.24266667273333,0
CRKN.US,D,20210106,000000,95850,135000,94500,121500,0.10766666935833,0
CRKN.US,D,20210107,000000,135000,243000,135000,152460,0.20655556071944,0
CRKN.US,D,20210108,000000,135000,135270,129600,129600,0.086333335491667,0
CRKN.US,D,20210111,000000,135000,135000,114750,114750,0.11855555851944,0
CRKN.US,D,20210112,000000,135000,135000,95850,95850,0.12788889208611,0
CRKN.US,D,20210119,000000,103950,141750,103950,141750,0.082888890961111,0
CRKN.US,D,20210120,000000,148500,168750,121500,145800,0.52744445763056,0
CRKN.US,D,20210121,000000,162000,170100,145800,148500,0.11411111396389,0
CRKN.US,D,20210122,000000,149850,159840,149850,155250,0.65811112756389,0
CRKN.US,D,20210125,000000,183600,216000,145800,189000,0.37744445388056,0
CRKN.US,D,20210126,000000,38250,44550,38250,41850,83.061890965436,0
CRKN.US,D,20210127,000000,42750,44910,39330,39510,38.455334294717,0
CRKN.US,D,20210128,000000,39600,54810,38700,44460,52.103667969258,0
CRKN.US,D,20210129,000000,48510,50400,42840,48960,35.296111993514,0
CRKN.US,D,20210201,000000,50400,50400,45000,45270,32.067889690586,0
CRKN.US,D,20210202,000000,45180,47610,45000,45720,17.526444882606,0
CRKN.US,D,20210203,000000,46350,48510,45450,45900,15.900555953069,0
CRKN.US,D,20210204,000000,46530,47700,44370,45090,16.433333744167,0
CRKN.US,D,20210205,000000,45000,45180,43470,44550,13.321222555253,0
CRKN.US,D,20210208,000000,45540,45540,43830,44820,10.763444713531,0
CRKN.US,D,20210209,000000,44820,49500,43650,49320,21.924556103669,0
CRKN.US,D,20210210,000000,49500,52200,47700,49950,29.956889637811,0
CRKN.US,D,20210211,000000,50850,50850,48690,49320,23.501445031981,0
CRKN.US,D,20210212,000000,49950,52920,49050.9,50895,10.715222490103,0
CRKN.US,D,20210216,000000,52740,52740,49050.9,50400,10.416778038197,0
CRKN.US,D,20210217,000000,51210,51210,47250,48870,6.1798890433861,0
CRKN.US,D,20210218,000000,49320,50580,48150,49950,13.792555900369,0
CRKN.US,D,20210219,000000,50850,51615,48150,49410,12.402555865619,0
CRKN.US,D,20210222,000000,48690,51209.1,47250,48060,8.7488891076111,0
CRKN.US,D,20210223,000000,46980,47700,44460,45000,17.895111558489,0
CRKN.US,D,20210224,000000,45090,46980,43650,46170,18.310889346661,0
CRKN.US,D,20210225,000000,45630,46169.1,40590,42660,11.377889173336,0
CRKN.US,D,20210226,000000,41940,44100,36630,38250,40.505667679308,0
CRKN.US,D,20210301,000000,43887.6,43887.6,40050,43200,30.346667425333,0
CRKN.US,D,20210302,000000,43650,43740,40050,40500,22.545778341422,0
CRKN.US,D,20210303,000000,40680,42840,37980,38880,15.088778154997,0
CRKN.US,D,20210304,000000,38970,41489.1,34650,35910,24.063556157144,0
CRKN.US,D,20210305,000000,36450,40860,34380,37980,14.851000371275,0
CRKN.US,D,20210308,000000,38430,40409.1,35460,38250,9.3245557886694,0
CRKN.US,D,20210309,000000,40860,41171.4,37080,40590,20.681111628139,0
CRKN.US,D,20210310,000000,39960,41175,37884.6,40590,27.642111802164,0
CRKN.US,D,20210311,000000,40950,45000,40950,44010,23.469556142294,0
CRKN.US,D,20210312,000000,43740,49950,41490,48960,54.259001356475,0
CRKN.US,D,20210315,000000,49500,49500,44640,46800,37.379112045589,0
CRKN.US,D,20210316,000000,48780,49140,43920,45540,20.036778278697,0
CRKN.US,D,20210317,000000,43200,46440,41670,42840,23.647556146744,0
CRKN.US,D,20210318,000000,44370,46350,43110,43200,16.627778193472,0
CRKN.US,D,20210319,000000,43290,47970,43290,44730,50.655112377489,0
CRKN.US,D,20210322,000000,45270,47250,43110,43110,13.714111453964,0
CRKN.US,D,20210323,000000,43110,46260,41580,41850,25.086333960492,0
CRKN.US,D,20210324,000000,42210,44362.8,41400,42480,16.803444864531,0
CRKN.US,D,20210325,000000,41400,41612.4,38700,40050,15.259111492589,0
CRKN.US,D,20210326,000000,40950,42680.7,40050,40500,10.771555824844,0
CRKN.US,D,20210329,000000,42030,42750,39150,40500,4.3961112210139,0
CRKN.US,D,20210330,000000,40500,40500,37800,38430,5.4858890260361,0
CRKN.US,D,20210331,000000,37980,39600,37980,38790,5.6397779187722,0
CRKN.US,D,20210401,000000,39060,42204.6,39060,41490,17.703444887031,0
CRKN.US,D,20210405,000000,41490,42300,38250.9,38700,11.465333619967,0
CRKN.US,D,20210406,000000,37980,40860,37809,38520,5.5864445841056,0
CRKN.US,D,20210407,000000,38430,39825,36990,38250,9.4354446803306,0
CRKN.US,D,20210408,000000,38250,38609.1,36900,37530,2.7840000696,0
CRKN.US,D,20210409,000000,37080,39060,36090,37350,9.9821113606639,0
CRKN.US,D,20210412,000000,38340,38340,34200,34920,12.620778093297,0
CRKN.US,D,20210413,000000,34920,35910,31950,34920,14.615000365375,0
CRKN.US,D,20210414,000000,34200,35865,33120,34200,4.85400012135,0
CRKN.US,D,20210415,000000,34380,35685,32940,33210,12.354444753306,0
CRKN.US,D,20210416,000000,32850,34740,31950,32490,14.465555917194,0
CRKN.US,D,20210419,000000,31590,32310,29001.6,30870,15.997778177722,0
CRKN.US,D,20210420,000000,31500,31500,28800,28980,8.3243335414417,0
CRKN.US,D,20210421,000000,28980,32940,28350,31500,13.209555885794,0
CRKN.US,D,20210422,000000,31950,33120,29790.9,31230,8.9431113346889,0
CRKN.US,D,20210423,000000,29970,31500,29700,30420,9.6003335733417,0
CRKN.US,D,20210426,000000,31230,34857,30600.9,34470,14.041889239936,0
CRKN.US,D,20210427,000000,35190,40230,34020,39240,21.092556082869,0
CRKN.US,D,20210428,000000,38700,39150,36499.5,36720,8.5451113247389,0
CRKN.US,D,20210429,000000,37170,39419.1,35550,36990,3.9016667642083,0
CRKN.US,D,20210430,000000,36630,37350,35649,36270,2.5922222870278,0
CRKN.US,D,20210503,000000,37350,37980,35100,35730,2.6657778444222,0
CRKN.US,D,20210504,000000,35280,39600,34740,39510,13.069444771181,0
CRKN.US,D,20210505,000000,39870,40648.5,38070,38790,8.2896668739083,0
CRKN.US,D,20210506,000000,38520,39600,36720,37440,3.647000091175,0
CRKN.US,D,20210507,000000,37350,37980,36720,37980,3.653000091325,0
CRKN.US,D,20210510,000000,37980,39599.1,36000,36000,5.0895556827944,0
CRKN.US,D,20210511,000000,35100,36000,34200,35460,6.3313334916167,0
CRKN.US,D,20210512,000000,35100,35730,33705,34110,11.6560002914,0
CRKN.US,D,20210513,000000,33930,35264.7,32760,33300,16.074889290761,0
CRKN.US,D,20210514,000000,33570,34290,32580,32850,5.15000012875,0
CRKN.US,D,20210517,000000,33300,33300,32400,32580,3.3187778607472,0
CRKN.US,D,20210518,000000,32580,33975,32580,32850,1.6001111511139,0
CRKN.US,D,20210519,000000,32400,33300,31500,32130,9.8255558011944,0
CRKN.US,D,20210520,000000,32040,34560,32040,34560,4.1880001047,0
CRKN.US,D,20210521,000000,34470,37440,34091.1,36720,9.2175557859944,0
CRKN.US,D,20210524,000000,36540,37314.9,33660,33750,5.7525556993694,0
CRKN.US,D,20210525,000000,33750,36540,31950,36000,9.6315557963444,0
CRKN.US,D,20210526,000000,36000,38159.1,36000,36900,9.8593335798167,0
CRKN.US,D,20210527,000000,37260,38250,37047.6,37935,2.6906667339333,0
CRKN.US,D,20210528,000000,38250,39611.7,37350,39060,10.783000269575,0
CRKN.US,D,20210601,000000,39150,42120,36090,36450,28.555667380558,0
CRKN.US,D,20210602,000000,36720,39453.3,35370,35370,9.9252224703528,0
CRKN.US,D,20210603,000000,35910,37350,33300,34020,11.135889167286,0
CRKN.US,D,20210604,000000,33840,34931.7,32400,33210,12.831111431889,0
CRKN.US,D,20210607,000000,33750,36809.1,33120,36270,8.9981113360639,0
CRKN.US,D,20210608,000000,36180,37350,33840,37080,21.130778306047,0
CRKN.US,D,20210609,000000,37170,38250,36270,36270,7.2854446265806,0
CRKN.US,D,20210610,000000,36450,37440,34380,34380,5.41400013535,0
CRKN.US,D,20210611,000000,35190,38160,35190,36810,3.06600007665,0
CRKN.US,D,20210614,000000,36450,37260,35273.7,36000,4.277000106925,0
CRKN.US,D,20210615,000000,36360,37215,35100,35820,5.7414445879806,0
CRKN.US,D,20210616,000000,35460,37350,35460,37260,4.7597778967722,0
CRKN.US,D,20210617,000000,36900,37710,36090,37710,4.9796667911583,0
CRKN.US,D,20210618,000000,36990,40671,36990,40500,18.877333805267,0
CRKN.US,D,20210621,000000,40140,40589.1,37440,39600,8.5212224352528,0
CRKN.US,D,20210622,000000,38880,40500,37440,40500,14.099333685817,0
CRKN.US,D,20210623,000000,40230,42569.1,39870,42030,12.761889207936,0
CRKN.US,D,20210624,000000,41760,42300,40500,41220,7.1920001798,0
CRKN.US,D,20210625,000000,41490,43650,40950,42750,22.776445013856,0
CRKN.US,D,20210628,000000,42750,43596.9,41310,41580,7.2616668482083,0
CRKN.US,D,20210629,000000,41400,42480,40140,40500,5.3053334659667,0
CRKN.US,D,20210630,000000,40500,40500,36765,38070,18.063667118258,0
CRKN.US,D,20210701,000000,38070,40050,37710,39870,8.8622224437778,0
CRKN.US,D,20210702,000000,39690,41580,38520,39060,14.917111484039,0
CRKN.US,D,20210706,000000,38970,38970,35280,36270,8.0005557555694,0
CRKN.US,D,20210707,000000,35460,36353.7,34200,34470,13.933222570553,0
CRKN.US,D,20210708,000000,33750,38552.4,33750,35280,7.1148890667611,0
CRKN.US,D,20210709,000000,35820,35820,34920,35550,2.609000065225,0
CRKN.US,D,20210712,000000,35218.8,36809.1,35218.8,36270,2.4156667270583,0
CRKN.US,D,20210713,000000,36720,36720,35010,35370,1.0884444716556,0
CRKN.US,D,20210714,000000,35370,35370,33750.9,34290,2.3424445030056,0
CRKN.US,D,20210715,000000,34200,34425,31680,32310,4.6824445615056,0
CRKN.US,D,20210716,000000,33030,35280,32211.9,33300,3.069000076725,0
CRKN.US,D,20210719,000000,33030,35370,32445,34380,4.2612223287528,0
CRKN.US,D,20210720,000000,34380,35709.3,34020,34920,16.121555958594,0
CRKN.US,D,20210721,000000,35460,35550,34830,34830,0.97622224662778,0
CRKN.US,D,20210722,000000,35190,38070,34200,35190,12.147333637017,0
CRKN.US,D,20210723,000000,35522.1,35730,34290,35730,1.6393333743167,0
CRKN.US,D,20210726,000000,35820,35820,34200,34290,1.8941111584639,0
CRKN.US,D,20210727,000000,34290,34425,31770,31950,1.8978889363361,0
CRKN.US,D,20210728,000000,32850,33570,32220,32760,5.7452223658528,0
CRKN.US,D,20210729,000000,33300,33300,30510,32490,8.251000206275,0
CRKN.US,D,20210730,000000,31950,33210,31950,33210,5.0685556822694,0
CRKN.US,D,20210802,000000,33390,34682.4,30960,31905,2.4348889497611,0
CRKN.US,D,20210803,000000,32040,32332.5,30780,31050,5.8765557024694,0
CRKN.US,D,20210804,000000,31140,31140,29520,29970,7.3301112943639,0
CRKN.US,D,20210805,000000,30600,32220,30600,31050,9.313000232825,0
CRKN.US,D,20210806,000000,30690,31320,29790,30150,2.3268889470611,0
CRKN.US,D,20210809,000000,29700,30420,29070,29340,2.7631111801889,0
CRKN.US,D,20210810,000000,28980,30420,28980,30150,3.8841112082139,0
CRKN.US,D,20210811,000000,30150,30240,28980,29520,1.7957778226722,0
CRKN.US,D,20210812,000000,29250,29520,28809,28980,1.5381111495639,0
CRKN.US,D,20210813,000000,28350,30240,28350,29970,2.3880000597,0
CRKN.US,D,20210816,000000,30150,30150,25200,26640,16.466555967219,0
CRKN.US,D,20210817,000000,26370,28213.2,26010,27180,7.6895557477944,0
CRKN.US,D,20210818,000000,26820,27180,25200,25560,6.0401112621139,0
CRKN.US,D,20210819,000000,26370,26370,23220,23670,16.392333743142,0
CRKN.US,D,20210820,000000,23760,27450,23400.9,24840,8.8864446666056,0
CRKN.US,D,20210823,000000,24750,25739.1,23850,24750,3.029000075725,0
CRKN.US,D,20210824,000000,25200,26999.1,24840,26730,4.1215556585944,0
CRKN.US,D,20210825,000000,26730,26999.1,24660,25470,6.03000015075,0
CRKN.US,D,20210826,000000,25560,26910,25560,26820,3.4868889760611,0
CRKN.US,D,20210827,000000,26910,28350,26910,28080,6.3505557143194,0
CRKN.US,D,20210830,000000,27900,28305,26186.4,27720,6.7278890570861,0
CRKN.US,D,20210831,000000,27090,28080,26498.7,27900,5.8336668125083,0
CRKN.US,D,20210901,000000,27810,29763.9,26955,28440,8.7392224407028,0
CRKN.US,D,20210902,000000,28710,28710,27810,28080,4.0818889909361,0
CRKN.US,D,20210903,000000,28080,28440,27517.5,28260,4.2792223292028,0
CRKN.US,D,20210907,000000,28800,29069.1,27810,28440,3.7725556498694,0
CRKN.US,D,20210908,000000,27810,28080,26820,27630,7.3363335167417,0
CRKN.US,D,20210909,000000,27720,28079.1,26837.1,27090,3.6632223138028,0
CRKN.US,D,20210910,000000,27090,27450,26820,26955,3.9714445437306,0
CRKN.US,D,20210913,000000,27000,27360,26576.1,27090,4.2293334390667,0
CRKN.US,D,20210914,000000,27270,27450,26910,27270,4.6187778932472,0
CRKN.US,D,20210915,000000,27000,27900,26891.1,27180,3.0320000758,0
CRKN.US,D,20210916,000000,26910,27720,26010,27270,2.8562222936278,0
CRKN.US,D,20210917,000000,27450,29160,27090,29160,6.519000162975,0
CRKN.US,D,20210920,000000,29160,29160,27270,28170,6.7085557232694,0
CRKN.US,D,20210921,000000,27909,29070,27540,27990,6.5953334982167,0
CRKN.US,D,20210922,000000,28170,30600,27450,29340,7.4762224091278,0
CRKN.US,D,20210923,000000,29790,32300.1,29340,31860,18.431778238572,0
CRKN.US,D,20210924,000000,31320,35279.1,31050,32310,14.231444800231,0
CRKN.US,D,20210927,000000,32580,32580,30060,30600,5.4445556916694,0
CRKN.US,D,20210928,000000,32940,37170,32220,32940,107.62900269073,0
CRKN.US,D,20210929,000000,33030,36450,30060,31050,52.826334653992,0
CRKN.US,D,20210930,000000,31590,39060,30060,36000,111.17844722391,0
CRKN.US,D,20211001,000000,36360,37210.5,34200,35820,30.331778536072,0
CRKN.US,D,20211004,000000,36000,36632.7,34290,34560,8.8737779996222,0
CRKN.US,D,20211005,000000,34740,35505,32850,33660,5.2812223542528,0
CRKN.US,D,20211006,000000,33750,38430,32940,37260,43.291112193389,0
CRKN.US,D,20211007,000000,37080,38582.1,35578.8,38070,7.8257779734222,0
CRKN.US,D,20211008,000000,38700,39010.5,35550,36360,8.4773335452667,0
CRKN.US,D,20211011,000000,37080,37800,35640,36180,5.3318890221861,0
CRKN.US,D,20211012,000000,36180,37485,36180,36360,2.6975556229944,0
CRKN.US,D,20211013,000000,36900,36900,33930,36450,6.5837779423722,0
CRKN.US,D,20211014,000000,36450,36450,35370,35640,7.5201112991139,0
CRKN.US,D,20211015,000000,35820,36135,33660,34920,6.3187779357472,0
CRKN.US,D,20211018,000000,34290,35040.6,33570,33930,2.7627778468472,0
CRKN.US,D,20211019,000000,33660,35370,32490.9,33570,5.8813334803667,0
CRKN.US,D,20211020,000000,33930,35100,33300,34380,7.5048890765111,0
CRKN.US,D,20211021,000000,34290,34920,33750,34740,2.0514444957306,0
CRKN.US,D,20211022,000000,34470,34862.4,33120,34650,11.658222513678,0
CRKN.US,D,20211025,000000,35100,35100,32624.1,33120,5.8721112579139,0
CRKN.US,D,20211026,000000,33030,33750,32400,33570,2.8973334057667,0
CRKN.US,D,20211027,000000,33210,36900,33210,35550,7.409000185225,0
CRKN.US,D,20211028,000000,35640,37710,33750,34920,12.695444761831,0
CRKN.US,D,20211029,000000,34830,36180,33930,36000,5.1965556854694,0
CRKN.US,D,20211101,000000,35910,38250,35190,36990,10.740889157411,0
CRKN.US,D,20211102,000000,36810,37799.1,35550,37440,5.4424445805056,0
CRKN.US,D,20211103,000000,37800,37800,36720.9,37530,4.6197778932722,0
CRKN.US,D,20211104,000000,36990,37800,36450,37350,2.9360000734,0
CRKN.US,D,20211105,000000,37170,37535.4,35460.9,37350,4.14600010365,0
CRKN.US,D,20211108,000000,37350,40334.4,34560,35640,21.591667206458,0
CRKN.US,D,20211109,000000,36180,37800,36000,36450,6.7218890569361,0
CRKN.US,D,20211110,000000,35910,37620,34470,35100,5.3605556895694,0
CRKN.US,D,20211111,000000,35010,35909.1,31770,34200,7.6588890803611,0
CRKN.US,D,20211112,000000,33660,36989.1,31725,35730,6.853000171325,0
CRKN.US,D,20211115,000000,35640,36269.1,33750,34380,6.8125557258694,0
CRKN.US,D,20211116,000000,34020,35009.1,30870,32850,9.5872224619028,0
CRKN.US,D,20211117,000000,32310,33397.2,31410,33030,1.1167778056972,0
CRKN.US,D,20211118,000000,32670,34019.1,28980,32040,10.304666924283,0
CRKN.US,D,20211119,000000,31770,35640,30240,32850,5.4824445815056,0
CRKN.US,D,20211122,000000,32580,34379.1,29700,29880,9.4182224576778,0
CRKN.US,D,20211123,000000,30060,31140,27765,29700,11.572889178211,0
CRKN.US,D,20211124,000000,29880,32760,29880,31230,6.1362223756278,0
CRKN.US,D,20211126,000000,30690,31860,30150,31500,1.9794444939306,0
CRKN.US,D,20211129,000000,31590,32490,31500,32220,3.5898889786361,0
CRKN.US,D,20211130,000000,31770,33660,30060.9,32130,4.0795556575444,0
CRKN.US,D,20211201,000000,32220,33120,30676.5,30780,2.1306667199333,0
CRKN.US,D,20211202,000000,31050,33029.1,31050,32400,4.0336667675083,0
CRKN.US,D,20211203,000000,31860,32760,30600,31095,2.0727778295972,0
CRKN.US,D,20211206,000000,30870,31410,29700,30690,1.9223333813917,0
CRKN.US,D,20211207,000000,30690,30906,28350,28620,6.2281112668139,0
CRKN.US,D,20211208,000000,28800,29782.8,28800,29782.8,1.8286667123833,0
CRKN.US,D,20211209,000000,29250,31050,29250,30510,1.7708889331611,0
CRKN.US,D,20211210,000000,30510,30600,28801.8,29970,3.0796667436583,0
CRKN.US,D,20211213,000000,30420,30780,28980,28980,3.6677778694722,0
CRKN.US,D,20211214,000000,28980,28980,25650,25650,7.3258890720361,0
CRKN.US,D,20211215,000000,25650,26910,21240,25650,16.338333741792,0
CRKN.US,D,20211216,000000,26190,26190,23040,25110,9.8222224677778,0
CRKN.US,D,20211217,000000,25920,30330,24030,30330,6.4346668275333,0
CRKN.US,D,20211220,000000,30240,30240,25380,27360,10.413666927008,0
CRKN.US,D,20211221,000000,27065.7,29070,26550,28980,6.2912223795028,0
CRKN.US,D,20211222,000000,28080,29700,27000,29160,3.6926667589833,0
CRKN.US,D,20211223,000000,28440,29430,28440,28980,1.7781111555639,0
CRKN.US,D,20211227,000000,31320,31320,28881.9,30150,3.1563334122417,0
CRKN.US,D,20211228,000000,30600,30600,27450,29160,3.3986667516333,0
CRKN.US,D,20211229,000000,28620,29339.1,27180,27630,5.1391112395889,0
CRKN.US,D,20211230,000000,28709.1,29250,27720,28620,4.7513334521167,0
CRKN.US,D,20211231,000000,28350,35910,27180,35910,19.111111588889,0
CRKN.US,D,20220103,000000,34200,35009.1,29250.9,31050,9.4597780142722,0
CRKN.US,D,20220104,000000,31050,32760,29970,30690,3.8943334306917,0
CRKN.US,D,20220105,000000,29925,31140,28620,29340,3.0440000761,0
CRKN.US,D,20220106,000000,29430,34650,28493.1,31140,13.293111443439,0
CRKN.US,D,20220107,000000,31140,32400,28958.4,29250,3.3516667504583,0
CRKN.US,D,20220110,000000,28710,29584.8,28710,28800,1.4861111482639,0
CRKN.US,D,20220111,000000,29070,30780,28530,30780,2.9628889629611,0
CRKN.US,D,20220112,000000,30546.9,31050,28440,30590.1,3.2307778585472,0
CRKN.US,D,20220113,000000,30780,30780,28260,28350,5.70200014255,0
CRKN.US,D,20220114,000000,29160,29160,24300,26010,15.315778160672,0
CRKN.US,D,20220118,000000,25200,28350,25200,26460,4.0796667686583,0
CRKN.US,D,20220119,000000,25920,27270,25650,26910,3.8996667641583,0
CRKN.US,D,20220120,000000,26560.8,27630,24300,24810.3,6.7118890566861,0
CRKN.US,D,20220121,000000,24975,25020,23479.2,24300,2.4913333956167,0
CRKN.US,D,20220124,000000,25740,25740,20926.8,23310,9.0625557821194,0
CRKN.US,D,20220125,000000,23400,24030,21960,24030,1.2920000323,0
CRKN.US,D,20220126,000000,24750,25200,23490.9,24840,4.481000112025,0
CRKN.US,D,20220127,000000,24570,25199.1,23400,24930,3.0344445203056,0
CRKN.US,D,20220128,000000,24570,25109.1,23130,23895,1.4181111465639,0
CRKN.US,D,20220131,000000,24660,26910,24301.8,26910,3.5135556433944,0
CRKN.US,D,20220201,000000,27000,27237.6,26370,26640,1.5803333728417,0
CRKN.US,D,20220202,000000,27360,27360,24840,25650,3.5038889764861,0
CRKN.US,D,20220203,000000,24840,25200,24840,24840,1.0284444701556,0
CRKN.US,D,20220204,000000,25200,25907.4,23850.9,25200,1.5591111500889,0
CRKN.US,D,20220207,000000,26100,26370,25110,25110,24.958889512861,0
CRKN.US,D,20220208,000000,26010,26459.1,25065,25740,0.77544446383056,0
CRKN.US,D,20220209,000000,25830,25830,19350,19710,65.331890522186,0
CRKN.US,D,20220210,000000,21330,22050,18270,18900,26.731222890503,0
CRKN.US,D,20220211,000000,18180,19170,17640,17640,16.509778190522,0
CRKN.US,D,20220214,000000,18450,18450,16650,16920,7.6701113028639,0
CRKN.US,D,20220215,000000,16740,17307.9,16650,16830,5.1080001277,0
CRKN.US,D,20220216,000000,16650,17370,16650,17190,1.1992222522028,0
CRKN.US,D,20220217,000000,16920,17820,16920,17190,2.8617778493222,0
CRKN.US,D,20220218,000000,16830,17730,16740,17280,2.2058889440361,0
CRKN.US,D,20220222,000000,17820,17910,16650,16740,4.6114445597306,0
CRKN.US,D,20220223,000000,17190,17550,16650,16740,1.7174444873806,0
CRKN.US,D,20220224,000000,17190,17190,16314.3,16380,4.40200011005,0
CRKN.US,D,20220225,000000,16200,17280,16200,17190,2.4126667269833,0
CRKN.US,D,20220228,000000,17052.3,18000,16470,17460,3.2186667471333,0
CRKN.US,D,20220301,000000,17370,18000,17370,17370,1.7312222655028,0
CRKN.US,D,20220302,000000,17640,18000,17370,17550,4.8366667875833,0
CRKN.US,D,20220303,000000,17370,17640,16470,16515,3.3074445271306,0
CRKN.US,D,20220304,000000,16830,16830,16020,16200,2.1557778316722,0
CRKN.US,D,20220307,000000,16560,16560,15930,15930,4.2505556618194,0
CRKN.US,D,20220308,000000,15840,16829.1,15750,16650,6.8564446158556,0
CRKN.US,D,20220309,000000,16470,17280,16110,16830,1.9008889364111,0
CRKN.US,D,20220310,000000,16560,17550,16111.8,17280,1.7472222659028,0
CRKN.US,D,20220311,000000,17370,17460,15840,16020,8.6776668836083,0
CRKN.US,D,20220314,000000,15882.3,16019.1,11565,11880,27.85800069645,0
CRKN.US,D,20220315,000000,12600,13050,11700,11970,9.2014446744806,0
CRKN.US,D,20220316,000000,12330,12960,11655,12420,7.4177779632222,0
CRKN.US,D,20220317,000000,12555,13943.7,12555,13770,4.8874445666306,0
CRKN.US,D,20220318,000000,14040,15120,13950,15120,4.7162223401278,0
CRKN.US,D,20220321,000000,15750,16200,15570,15840,1.1316666949583,0
CRKN.US,D,20220322,000000,16200,16560,14130,15480,5.4623334698917,0
CRKN.US,D,20220323,000000,14850,15840,14310,15840,2.4663333949917,0
CRKN.US,D,20220324,000000,15930,15930,14940,15120,1.3897778125222,0
CRKN.US,D,20220325,000000,15570,15570,14850,15030,0.96233335739167,0
CRKN.US,D,20220328,000000,15210,17010,14400,14580,10.601111376139,0
CRKN.US,D,20220329,000000,14310,15390,14310,15300,4.1347778811472,0
CRKN.US,D,20220330,000000,15750,17190,15390,16200,17.185555985194,0
CRKN.US,D,20220331,000000,16020,17280,15390.9,16380,4.6982223396778,0
CRKN.US,D,20220401,000000,16650,16740,16200,16200,1.5627778168472,0
CRKN.US,D,20220404,000000,17010,17010,16123.5,16830,2.5613333973667,0
CRKN.US,D,20220405,000000,16380,16380,14265,14580,3.6347778686472,0
CRKN.US,D,20220406,000000,14040,14309.1,13140,13860,7.105000177625,0
CRKN.US,D,20220407,000000,13988.7,14220,13140,13320,3.43000008575,0
CRKN.US,D,20220408,000000,13050,14112,13050,14112,2.2705556123194,0
CRKN.US,D,20220411,000000,14580,14580,13950,13950,0.70200001755,0
CRKN.US,D,20220412,000000,14309.1,19080,13320,14670,182.82456012617,0
CRKN.US,D,20220413,000000,13680,14219.1,11700,11790,15.592222612028,0
CRKN.US,D,20220414,000000,12060,12060,11700,11880,5.0536667930083,0
CRKN.US,D,20220418,000000,12330,12420,11700,11970,4.6771112280389,0
CRKN.US,D,20220419,000000,11340,12060,11340,11430,5.2455556866944,0
CRKN.US,D,20220420,000000,11322,12060,11160,12060,6.6082223874278,0
CRKN.US,D,20220421,000000,11790,11970,11374.2,11970,7.8091113063389,0
CRKN.US,D,20220422,000000,11880,11880,10800,11430,6.5840001646,0
CRKN.US,D,20220425,000000,11203.2,11340,10800,11070,0.71877779574722,0
CRKN.US,D,20220426,000000,10800,10800,10014.3,10170,3.0952222996028,0
CRKN.US,D,20220427,000000,10529.1,10529.1,9810,9900.9,2.3848889485111,0
CRKN.US,D,20220428,000000,9990,9990,9720,9990,4.7596667856583,0
CRKN.US,D,20220429,000000,10170,10171.8,9360,10170,6.857000171425,0
CRKN.US,D,20220502,000000,10080,10979.1,9810,10530,3.2133334136667,0
CRKN.US,D,20220503,000000,10710,11070,10620,10800,1.52200003805,0
CRKN.US,D,20220504,000000,10719.9,10800,10350,10620,1.4714444812306,0
CRKN.US,D,20220505,000000,10350,10897.2,9180,9630,7.3341112944639,0
CRKN.US,D,20220506,000000,9656.1,9990,9180,9270,2.7277778459722,0
CRKN.US,D,20220509,000000,8730,9630,8711.1,9000,3.7861112057639,0
CRKN.US,D,20220510,000000,8999.1,9000,8640,9000,3.545000088625,0
CRKN.US,D,20220511,000000,9000,9449.1,9000,9000,3.5585556445194,0
CRKN.US,D,20220512,000000,8628.3,9346.5,8553.6,8639.1,6.1446668202833,0
CRKN.US,D,20220513,000000,8910.9,8911.8,7919.1,8284.51,11.078333610292,0
CRKN.US,D,20220516,000000,8532,9360,8532,9000,5.0886667938833,0
CRKN.US,D,20220517,000000,9000,9360,8550,9000,3.9608889879111,0
CRKN.US,D,20220518,000000,8190,9000,8190,8775,0.89744446688056,0
CRKN.US,D,20220519,000000,9000,9000,8370,8680.5,1.3703333675917,0
CRKN.US,D,20220520,000000,9000,9180,7800.3,8457.3,2.7057778454222,0
CRKN.US,D,20220523,000000,8820,8820,8682.3,8683.2,0.88622224437778,0
CRKN.US,D,20220524,000000,9540,9540,8298.9,8603.1,0.49044445670556,0
CRKN.US,D,20220525,000000,8550,9117,8550,8964.9,2.1634444985306,0
CRKN.US,D,20220526,000000,9630,9630,8866.8,8866.8,0.60344445953056,0
CRKN.US,D,20220527,000000,9270,9270,5580,8910.9,19.763111605189,0
CRKN.US,D,20220531,000000,9000,9000,8619.4,8860.5,1.349000033725,0
CRKN.US,D,20220601,000000,8910,9180,8910,9090,1.7722222665278,0
CRKN.US,D,20220602,000000,9450,10260,8380.8,10080,1.4353333692167,0
CRKN.US,D,20220603,000000,9990,10080,9270,10080,1.9436667152583,0
CRKN.US,D,20220606,000000,10530,10530,9747.9,10125,2.2645556121694,0
CRKN.US,D,20220607,000000,10350,12240,10350,11250,2.7334445127806,0
CRKN.US,D,20220608,000000,11520,11520,10710,10710,0.44155556659444,0
CRKN.US,D,20220609,000000,10710.9,10746,9492.3,9720,4.203000105075,0
CRKN.US,D,20220610,000000,9630,10719,8460,9990,6.6560001664,0
CRKN.US,D,20220613,000000,9810,9810,8522.1,8865,1.3152222551028,0
CRKN.US,D,20220614,000000,8910,9315,8523,8965.8,2.485000062125,0
CRKN.US,D,20220615,000000,9630,10800,7964.1,7964.1,6.4315557163444,0
CRKN.US,D,20220616,000000,7650,8086.5,6750.9,7814.7,5.7085556982694,0
CRKN.US,D,20220617,000000,7560,8415.9,7470,8415.9,2.14200005355,0
CRKN.US,D,20220621,000000,8910,9450,8910,9450,2.23000005575,0
CRKN.US,D,20220622,000000,10350,10530,9086.4,9810,3.2560000814,0
CRKN.US,D,20220623,000000,9000,9270,8667.9,9000,0.83533335421667,0
CRKN.US,D,20220624,000000,8785.8,9990,8785.8,8820,2.6948889562611,0
CRKN.US,D,20220627,000000,8550,9090,8550,9000,0.13233333664167,0
CRKN.US,D,20220628,000000,9000,9226.8,8550,8776.8,0.50155556809444,0
CRKN.US,D,20220629,000000,8730,8730,7367.4,8415.9,3.0551111874889,0
CRKN.US,D,20220630,000000,8530.2,8550,8191.8,8191.8,0.615000015375,0
CRKN.US,D,20220701,000000,8190,9270,7852.5,8730,1.5176667046083,0
CRKN.US,D,20220705,000000,8785.8,8785.8,8785.8,8785.8,0.13788889233611,0
CRKN.US,D,20220706,000000,8820,10260,8787.6,9900,1.2357778086722,0
CRKN.US,D,20220707,000000,9675,10170,9675,9990,1.1454444730806,0
CRKN.US,D,20220708,000000,11041.2,11250,9720,10582.2,2.7082222899278,0
CRKN.US,D,20220711,000000,9630,10260,9630,9931.5,1.0656666933083,0
CRKN.US,D,20220712,000000,10350,10800,8910,9449.1,1.2305555863194,0
CRKN.US,D,20220713,000000,9900,10620,8820.9,9540,1.08600002715,0
CRKN.US,D,20220714,000000,9540,9900,8460,9450,0.64444446055556,0
CRKN.US,D,20220715,000000,9180,9629.1,9090,9629.1,0.57255556986944,0
CRKN.US,D,20220718,000000,9990,10350,9630,9675,0.72188890693611,0
CRKN.US,D,20220719,000000,9996.3,10710,9810,9990,0.83433335419167,0
CRKN.US,D,20220720,000000,8820,8820,7874.98,8051.4,16.990333758092,0
CRKN.US,D,20220721,000000,8051.4,8869.5,7875,7920.9,2.6280000657,0
CRKN.US,D,20220722,000000,8010.46,8100,7650,7650,6.0972223746528,0
CRKN.US,D,20220725,000000,7335,8370,7335,7646.4,1.2708889206611,0
CRKN.US,D,20220726,000000,8029.81,8190,7290,7306.2,3.653000091325,0
CRKN.US,D,20220727,000000,7670.7,7670.7,7470.9,7649.1,0.75855557451944,0
CRKN.US,D,20220728,000000,7650,7650,7290,7290,0.57411112546389,0
CRKN.US,D,20220729,000000,7335,7649.1,7335,7573.5,1.4595555920444,0
CRKN.US,D,20220801,000000,7560.9,7920,7200,7539.3,4.4034445545306,0
CRKN.US,D,20220802,000000,7920,7920,7470,7920,1.9615556045944,0
CRKN.US,D,20220803,000000,8226,8856.9,7740.9,8316,3.360000084,0
CRKN.US,D,20220804,000000,8316,8730,7920,7965.9,4.9655556796944,0
CRKN.US,D,20220805,000000,8362.8,8362.8,7200.9,7618.5,32.076667468583,0
CRKN.US,D,20220808,000000,7389.9,7560,7209,7209,3.5813334228667,0
CRKN.US,D,20220809,000000,7380,7380,5940.9,6525,15.424222607828,0
CRKN.US,D,20220810,000000,6525,6821.1,6389.1,6817.5,4.8474445656306,0
CRKN.US,D,20220811,000000,6819.3,7091.1,6463.8,6749.08,3.1274445226306,0
CRKN.US,D,20220812,000000,6969.6,6975.9,6390.01,6930.9,4.4315556663444,0
CRKN.US,D,20220815,000000,7091.1,7335,6966,6966.9,7.3086668493833,0
CRKN.US,D,20220816,000000,6966.9,7272,6570,6570,8.9324446677556,0
CRKN.US,D,20220817,000000,6543.9,7470,6169.5,6390,25.382222856778,0
CRKN.US,D,20220818,000000,6390,6750,6030,6030,5.6228890294611,0
CRKN.US,D,20220819,000000,6030,6840,5850,6210,9.7153335762167,0
CRKN.US,D,20220822,000000,6120,6120,5760,5832,6.2827779348472,0
CRKN.US,D,20220823,000000,6074.1,6074.1,5191.2,5382.9,9.0264446701056,0
CRKN.US,D,20220824,000000,5220,5400,5220,5355,2.583000064575,0
CRKN.US,D,20220825,000000,5243.4,5769,4275.9,4329,42.199445499431,0
CRKN.US,D,20220826,000000,4669.2,5040,4366.8,4509.9,15.936778176197,0
CRKN.US,D,20220829,000000,4738.5,4740.28,4311,4311,15.544667055283,0
CRKN.US,D,20220830,000000,4330.8,4857.3,4140,4186.8,9.8885558027694,0
CRKN.US,D,20220831,000000,4228.2,4410,3330,3668.4,39.92200099805,0
CRKN.US,D,20220901,000000,3885.3,3885.3,3510.9,3528.9,4.2205556610694,0
CRKN.US,D,20220902,000000,3528.9,3870,3510,3510,8.8368891098111,0
CRKN.US,D,20220906,000000,3678.3,3959.98,3510,3636,9.5031113486889,0
CRKN.US,D,20220907,000000,3782.7,6129,3690,4049.1,384.79800961995,0
CRKN.US,D,20220908,000000,4399.2,4399.2,3712.5,3917.26,19.462444931006,0
CRKN.US,D,20220909,000000,3492,4095,3492,3861,15.044555931669,0
CRKN.US,D,20220912,000000,3960,4050,3682.8,3683.7,8.1314446477306,0
CRKN.US,D,20220913,000000,3903.3,3903.3,3420,3465,8.5412224357528,0
CRKN.US,D,20220914,000000,3420,3853.8,3375.9,3417.3,13.972889238211,0
CRKN.US,D,20220915,000000,3600,3843,3154.5,3169.8,12.417333643767,0
CRKN.US,D,20220916,000000,3240,3420,2975.4,2975.4,15.762222616278,0
CRKN.US,D,20220919,000000,2791.8,3329.1,2791.8,2943.9,35.271334215117,0
CRKN.US,D,20220920,000000,3038.4,5454.9,3031.2,3377.7,3036.3686314648,0
CRKN.US,D,20220921,000000,3528,4751.1,3123.9,3240.9,1183.8472518184,0
CRKN.US,D,20220922,000000,3374.1,3905.1,3142.8,3600,349.05245317076,0
CRKN.US,D,20220923,000000,3330,3510,2677.5,3060,97.091113538389,0
CRKN.US,D,20220926,000000,2968.2,3060,2448,2520,76.665113027739,0
CRKN.US,D,20220927,000000,2610,2930.4,1919.7,2439.9,90.537557818994,0
CRKN.US,D,20220928,000000,2367,2548.8,2256.3,2520,48.642778993847,0
CRKN.US,D,20220929,000000,2402.1,2425.5,2247.3,2259,20.058444945906,0
CRKN.US,D,20220930,000000,2278.8,2371.5,2061,2061,29.408556290769,0
CRKN.US,D,20221003,000000,2163.6,2340,1809,1818.9,90.394668926533,0
CRKN.US,D,20221004,000000,1828.8,1980,1728.9,1729.8,106.25978043427,0
CRKN.US,D,20221005,000000,1773,4320,1724.4,2988,5601.991362272,0
CRKN.US,D,20221006,000000,2601,2700,2160,2215.8,320.09789689134,0
CRKN.US,D,20221007,000000,2249.1,3420,1890,2340,285.84645159061,0
CRKN.US,D,20221010,000000,3331.8,3358.8,2679.3,3186,2101.0871636383,0
CRKN.US,D,20221011,000000,2523.6,2790,2331,2620.8,325.65211925241,0
CRKN.US,D,20221012,000000,2641.5,2700,2160,2520,179.85622671863,0
CRKN.US,D,20221013,000000,3168,3600,2610,2691,1706.4960426624,0
CRKN.US,D,20221014,000000,2610,2691,2349,2421,201.71633837624,0
CRKN.US,D,20221017,000000,2610,2790,2385.9,2646.9,150.63967043266,0
CRKN.US,D,20221018,000000,2596.5,3041.1,2529,2895.3,176.26711551779,0
CRKN.US,D,20221019,000000,2804.4,4230,2533.5,2610,2782.5041806737,0
CRKN.US,D,20221020,000000,2610,2839.5,2295,2340,277.54567360531,0
CRKN.US,D,20221021,000000,2340,2435.4,2164.5,2378.7,111.46778056447,0
CRKN.US,D,20221024,000000,2416.5,2423.7,2160,2205,98.179002454475,0
CRKN.US,D,20221025,000000,2205,2610,2205,2451.6,206.0767829297,0
CRKN.US,D,20221026,000000,2451.6,2519.98,2357.1,2438.1,66.254668323033,0
CRKN.US,D,20221027,000000,2386.8,2520,2250,2352.6,79.421224207753,0
CRKN.US,D,20221028,000000,2424.6,2424.6,2295,2315.7,41.939889937386,0
CRKN.US,D,20221031,000000,2431.8,2455.2,2250,2286,77.152557484369,0
CRKN.US,D,20221101,000000,2385,2416.5,2250,2251.8,34.9360008734,0
CRKN.US,D,20221102,000000,2301.3,2338.2,2070,2160,90.193335588167,0
CRKN.US,D,20221103,000000,2142,2430,1989.9,2160,146.79011478086,0
CRKN.US,D,20221104,000000,2240.1,2430,2160,2248.2,41.7320010433,0
CRKN.US,D,20221107,000000,2378.7,2378.7,1980,2250,122.97411418546,0
CRKN.US,D,20221108,000000,2250,2326.5,2076.3,2134.8,102.61566923206,0
CRKN.US,D,20221109,000000,2051.1,2238.3,1629,1883.7,182.71144901223,0
CRKN.US,D,20221110,000000,1827,2250,1809,2249.1,66.476779439697,0
CRKN.US,D,20221111,000000,2249.1,2339.08,2014.2,2160,41.205667696808,0
CRKN.US,D,20221114,000000,2095.2,2158.2,1979.1,2127.6,61.801445989481,0
CRKN.US,D,20221115,000000,2160,2429.1,1980,2068.2,62.075445996331,0
CRKN.US,D,20221116,000000,2069.1,2092.5,1890,2009.7,25.127333961517,0
CRKN.US,D,20221117,000000,2024.1,2025,1849.5,1921.5,13.558222561178,0
CRKN.US,D,20221118,000000,1980,1981.8,1809,1869.3,29.974111860464,0
CRKN.US,D,20221121,000000,1813.5,1934.1,1712.7,1794.6,38.618334298792,0
CRKN.US,D,20221122,000000,1799.1,1935,1755,1822.5,9.1757780071722,0
CRKN.US,D,20221123,000000,1822.5,1946.7,1818.9,1854.9,10.567555819744,0
CRKN.US,D,20221125,000000,1910.7,1980,1632.6,1845,16.421444854981,0
CRKN.US,D,20221128,000000,1817.1,1980,1710,1799.1,31.799334128317,0
CRKN.US,D,20221129,000000,1800,1858.5,1710,1714.5,30.586445209106,0
CRKN.US,D,20221130,000000,1800,1939.5,1791,1845,325.21211924141,0
CRKN.US,D,20221201,000000,1974.6,1974.6,1729.8,1888.2,58.670779244547,0
CRKN.US,D,20221202,000000,1890,1890,1639.8,1732.5,41.437556591494,0
CRKN.US,D,20221205,000000,1739.7,1739.7,1539,1647,41.768556599769,0
CRKN.US,D,20221206,000000,1376.1,1669.5,1170.91,1437.3,115.98422512183,0
CRKN.US,D,20221207,000000,1440,1440,1233,1350,64.674557172419,0
CRKN.US,D,20221208,000000,1464.3,1464.3,1260,1323,53.77800134445,0
CRKN.US,D,20221209,000000,1361.7,1415.7,1125,1227.6,52.748556874269,0
CRKN.US,D,20221212,000000,1289.7,1353.6,450,1034.1,120.28489189601,0
CRKN.US,D,20221213,000000,1125,1386,1062,1179,223.99222782203,0
CRKN.US,D,20221214,000000,2488.5,3532.5,1276.2,1381.5,10872.550716258,0
CRKN.US,D,20221215,000000,1744.2,2655,1441.8,1652.4,4678.5810058534,0
CRKN.US,D,20221216,000000,2091.6,2133.9,1539,1845,1739.2757101486,0
CRKN.US,D,20221219,000000,1687.5,1692,1486.8,1596.6,384.76889850811,0
CRKN.US,D,20221220,000000,1350,1467,1215,1440,279.85100699628,0
CRKN.US,D,20221221,000000,1410.3,1509.3,1333.8,1467,141.72489243201,0
CRKN.US,D,20221222,000000,1405.8,1602,1361.7,1466.1,136.91400342285,0
CRKN.US,D,20221223,000000,1395,1530,1385.1,1477.8,102.46178033932,0
CRKN.US,D,20221227,000000,1404.9,1890,1350,1485,215.47856094252,0
CRKN.US,D,20221228,000000,1620,1620,1395,1507.5,38.696223189628,0
CRKN.US,D,20221229,000000,1502.1,1647,1413,1647,63.685446036581,0
CRKN.US,D,20221230,000000,1597.5,1845,1575,1702.8,113.32778061097,0
CRKN.US,D,20230103,000000,1651.5,1710,1620,1665,35.459889775386,0
CRKN.US,D,20230104,000000,5200.2,5400,2599.2,2667.6,8398.5313210747,0
CRKN.US,D,20230105,000000,2499.3,2605.5,2113.2,2169,1139.4076951518,0
CRKN.US,D,20230106,000000,1986.3,2879.1,1890,2385,1372.4104787547,0
CRKN.US,D,20230109,000000,2617.2,2617.2,2178,2271.6,406.49401016235,0
CRKN.US,D,20230110,000000,2340,2636.1,2241,2450.7,320.19534133822,0
CRKN.US,D,20230111,000000,2452.5,2835,2385,2565,289.94022947073,0
CRKN.US,D,20230112,000000,2812.5,2835,2348.1,2592,359.08456453267,0
CRKN.US,D,20230113,000000,2691,2691,2385,2596.5,159.951226221,0
CRKN.US,D,20230117,000000,2448,2520,2385.9,2475,108.68333605042,0
CRKN.US,D,20230118,000000,2430,2430,2160,2244.6,120.43844745541,0
CRKN.US,D,20230119,000000,1890,2379.6,1890,2275.2,134.57011447536,0
CRKN.US,D,20230120,000000,2250,2513.7,2160.9,2439.91,115.07444732131,0
CRKN.US,D,20230123,000000,2473.2,2473.2,2205.9,2289.6,145.09355918289,0
CRKN.US,D,20230124,000000,2295,2300.4,2205,2250,60.325445952581,0
CRKN.US,D,20230125,000000,2340,2340,2152.8,2161.8,77.545668605308,0
CRKN.US,D,20230126,000000,2169.9,2388.6,2124,2384.1,212.76444976356,0
CRKN.US,D,20230127,000000,2398.5,2695.5,2250.9,2583.9,237.64156149659,0
CRKN.US,D,20230130,000000,2583,2655,2510.1,2609.1,91.214446724806,0
CRKN.US,D,20230131,000000,2550.6,2648.7,2340,2340,113.29589172129,0
CRKN.US,D,20230201,000000,2363.4,2610,2349.9,2547,104.08622482438,0
CRKN.US,D,20230202,000000,2610.9,3373.2,2547,2880,762.51568572958,0
CRKN.US,D,20230203,000000,3702.6,3735,3006,3082.5,2017.9070504477,0
CRKN.US,D,20230206,000000,2898,2925,2629.8,2714.4,331.10967494441,0
CRKN.US,D,20230207,000000,2679.3,2694.6,2448,2655,107.53289157721,0
CRKN.US,D,20230208,000000,2520,2609.1,2358.9,2430,91.847446740631,0
CRKN.US,D,20230209,000000,2484,2484,2250,2340,71.075890665786,0
CRKN.US,D,20230210,000000,2330.1,2880,2295.9,2655,269.72100674303,0
CRKN.US,D,20230213,000000,2646,2646,2349,2475,97.595002439875,0
CRKN.US,D,20230214,000000,2520,2554.2,2421,2511,64.768334952542,0
CRKN.US,D,20230215,000000,2511,2745.9,2510.1,2673,152.12333713642,0
CRKN.US,D,20230216,000000,2673,2673,2368.8,2671.2,66.430779438547,0
CRKN.US,D,20230217,000000,2520,2655,2520,2575.8,50.086334585492,0
CRKN.US,D,20230221,000000,2430,2529,2421,2469.6,44.398223332178,0
CRKN.US,D,20230222,000000,2395.8,2556,2394,2441.7,55.660112502614,0
CRKN.US,D,20230223,000000,2475,2475,2286,2430,54.097668019108,0
CRKN.US,D,20230224,000000,2357.1,2520,2357.1,2474.1,44.550334447092,0
CRKN.US,D,20230227,000000,2475.9,2520,2408.4,2408.4,57.389445879181,0
CRKN.US,D,20230228,000000,2421.9,2492.1,2172.6,2301.3,84.267890995586,0
CRKN.US,D,20230301,000000,2250,2430,2205,2227.5,52.195890193786,0
CRKN.US,D,20230302,000000,2250,2403.9,2178,2378.7,28.043556256644,0
CRKN.US,D,20230303,000000,2307.6,2367,2258.1,2296.8,29.907445192131,0
CRKN.US,D,20230306,000000,2394,2511,2043,2160,236.40711702129,0
CRKN.US,D,20230307,000000,2070,2250,2070,2132.1,75.334224105578,0
CRKN.US,D,20230308,000000,2070,2130.3,1805.4,1913.4,100.41266917698,0
CRKN.US,D,20230309,000000,1917,1917,1629,1710,104.46933594507,0
CRKN.US,D,20230310,000000,1800,1962,1795.5,1800,60.622890404461,0
CRKN.US,D,20230313,000000,1748.7,1889.1,1575,1590.3,52.266445751106,0
CRKN.US,D,20230314,000000,1593,1638,1449,1535.4,31.505000787625,0
CRKN.US,D,20230315,000000,1485,1485,1369.8,1459.8,33.497556392994,0
CRKN.US,D,20230316,000000,1533.6,1608.3,1485,1606.5,16.652889305211,0
CRKN.US,D,20230317,000000,1530,1701,1474.2,1530,21.728222765428,0
CRKN.US,D,20230320,000000,1440,1620,1440,1489.5,20.599111626089,0
CRKN.US,D,20230321,000000,1489.5,1619.1,1440.9,1468.8,20.125556058694,0
CRKN.US,D,20230322,000000,1530,1551.6,1476.01,1494,13.669000341725,0
CRKN.US,D,20230323,000000,1494,1494,1350,1411.2,36.502889801461,0
CRKN.US,D,20230324,000000,1404,1417.94,1352.7,1416.6,9.0387780037472,0
CRKN.US,D,20230327,000000,1953,2957.4,1314.9,1332.9,6600.8784983553,0
CRKN.US,D,20230328,000000,1332,1414.8,1103.4,1155.6,1474.0729257407,0
CRKN.US,D,20230329,000000,1170,1414.8,1136.7,1269,2316.6608356943,0
CRKN.US,D,20230330,000000,1449,1800,1278,1532.7,2616.2511765174,0
CRKN.US,D,20230331,000000,1395,1519.63,1170,1291.5,1635.146374212,0
CRKN.US,D,20230403,000000,1125,1218.6,1085.4,1097.1,526.37267982598,0
CRKN.US,D,20230404,000000,1107,1124.1,918,972,443.05801107645,0
CRKN.US,D,20230405,000000,943.2,1440,927,1144.8,1171.6980292924,0
CRKN.US,D,20230406,000000,1069.2,1134,1008,1044.9,241.61545048483,0
CRKN.US,D,20230410,000000,1053,1072.8,990,1035.9,143.38333691792,0
CRKN.US,D,20230411,000000,990,1161,985.5,1076.4,256.28022862923,0
CRKN.US,D,20230412,000000,1080,1109.7,990,1035,135.41055894082,0
CRKN.US,D,20230413,000000,1035,1074.6,990,1045.8,179.16233781239,0
CRKN.US,D,20230414,000000,1014.3,1066.79,992.7,1031.4,137.57967010616,0
CRKN.US,D,20230417,000000,1010.7,1052.1,990.9,1037.7,119.16200297905,0
CRKN.US,D,20230418,000000,1044,1159.2,954,1026.9,441.27878880975,0
CRKN.US,D,20230419,000000,996.3,999,918,975.6,134.64244781051,0
CRKN.US,D,20230420,000000,945.9,967.059,873,895.95,162.73944851293,0
CRKN.US,D,20230421,000000,900,932.4,828.9,875.7,106.24422487833,0
CRKN.US,D,20230424,000000,810,865.8,639.9,756,248.00356175564,0
CRKN.US,D,20230425,000000,733.5,819,723.6,758.7,105.56144708348,0
CRKN.US,D,20230426,000000,990,2499.3,900,1367.1,31418.620674354,0
CRKN.US,D,20230427,000000,1299.6,1307.7,1044.9,1269,2367.9769480883,0
CRKN.US,D,20230428,000000,1077.3,1890,1071.9,1440,3048.8552984436,0
CRKN.US,D,20230501,000000,1399.5,1431,1278,1409.4,595.46457044217,0
CRKN.US,D,20230502,000000,1350,1395,1224,1280.7,302.79156312534,0
CRKN.US,D,20230503,000000,1260,1376.1,1242,1299.6,341.39578631267,0
CRKN.US,D,20230504,000000,1258.2,1322.09,1080.9,1129.5,450.50756681824,0
CRKN.US,D,20230505,000000,1117.8,1147.5,910.8,989.1,1039.4504704307,0
CRKN.US,D,20230508,000000,1291.5,1386,1125,1315.8,2713.4396233915,0
CRKN.US,D,20230509,000000,1323,1559.7,1233,1431,1422.2310355558,0
CRKN.US,D,20230510,000000,1692.9,1766.7,1485.9,1550.7,1561.7251501542,0
CRKN.US,D,20230511,000000,1532.7,1710,1467,1676.7,789.11779750572,0
CRKN.US,D,20230512,000000,1732.5,1797.3,1548,1748.7,738.39246290423,0
CRKN.US,D,20230515,000000,1774.8,2124,1674,1944,1593.1111509389,0
CRKN.US,D,20230516,000000,1566,1701,1485,1639.8,642.71723829015,0
CRKN.US,D,20230517,000000,1800,1881,1683.9,1809,622.46279333935,0
CRKN.US,D,20230518,000000,1782,1799.1,1575,1656,320.17534133772,0
CRKN.US,D,20230519,000000,1701,1701,1519.2,1530,332.31956386354,0
CRKN.US,D,20230522,000000,1512,1528.2,1350,1395,372.41034264359,0
CRKN.US,D,20230523,000000,1391.4,1484.1,1305.79,1395,332.18378608237,0
CRKN.US,D,20230524,000000,1350,1430.1,1305.9,1408.5,388.5160097129,0
CRKN.US,D,20230525,000000,1408.5,1476,1350,1440,338.30245290201,0
CRKN.US,D,20230526,000000,1381.5,1431,1359,1372.5,179.20411559121,0
CRKN.US,D,20230530,000000,1372.5,1432.8,1314,1395,264.79756217549,0
CRKN.US,D,20230531,000000,1372.5,1379.7,1287,1322.1,223.04178335382,0
CRKN.US,D,20230601,000000,1282.5,1394.1,1260,1338.3,178.56533779747,0
CRKN.US,D,20230602,000000,1323,1348.2,1261.8,1330.2,223.74300559358,0
CRKN.US,D,20230605,000000,1323,1348.2,1260,1342.8,147.95555925444,0
CRKN.US,D,20230606,000000,1696.5,1755,1269.9,1341.9,3439.401085985,0
CRKN.US,D,20230607,000000,1350,1417.5,1251,1359,711.0661288878,0
CRKN.US,D,20230608,000000,1291.5,1334.5,1188,1269,481.00267869173,0
CRKN.US,D,20230609,000000,1252.8,1413,1215,1348.2,659.41857204102,0
CRKN.US,D,20230612,000000,1362.6,1475.1,1350,1429.2,377.07745387138,0
CRKN.US,D,20230613,000000,1710,1710,1467,1516.5,2540.8023968534,0
CRKN.US,D,20230614,000000,1516.5,1629,1449,1575,715.18224010178,0
CRKN.US,D,20230615,000000,1610.1,1610.1,1273.5,1350,1300.7782547417,0
CRKN.US,D,20230616,000000,1350,1404,1305,1321.2,357.37034226759,0
CRKN.US,D,20230620,000000,1304.1,1359,1242,1314,313.08956338279,0
CRKN.US,D,20230621,000000,1314,1322.1,1261.8,1308.6,201.50844948216,0
CRKN.US,D,20230622,000000,1301.4,1340.1,1260,1282.5,152.32378158587,0
CRKN.US,D,20230623,000000,1282.5,1312.2,1242,1278,148.35744815338,0
CRKN.US,D,20230626,000000,1242,1260,1224,1254.6,99.046780253947,0
CRKN.US,D,20230627,000000,1218.6,1296,1218.6,1260,133.6352255631,0
CRKN.US,D,20230628,000000,1225.8,1276.2,1218.6,1251,162.02422627283,0
CRKN.US,D,20230629,000000,1266.3,1276.2,1225.8,1259.1,140.10300350258,0
CRKN.US,D,20230630,000000,1233,1260,1170,1179.9,303.17934091282,0
CRKN.US,D,20230703,000000,1125,1126.8,1047.6,1105.2,225.58122786175,0
CRKN.US,D,20230705,000000,1156.5,1156.5,1022.4,1107,184.60022683723,0
CRKN.US,D,20230706,000000,1118.7,1138.5,1028.7,1044,177.00500442513,0
CRKN.US,D,20230707,000000,1017,1064.7,1012.5,1062,170.24644870061,0
CRKN.US,D,20230710,000000,1071,1071,900,918,832.43835414426,0
CRKN.US,D,20230711,000000,1059.3,1117.8,918,979.2,6088.2913744295,0
CRKN.US,D,20230712,000000,871.2,873,784.8,830.7,2013.2818281098,0
CRKN.US,D,20230713,000000,846,862.2,774,787.5,1371.8765898524,0
CRKN.US,D,20230714,000000,796.5,801,648,720,1047.0890261772,0
CRKN.US,D,20230717,000000,720,788.4,702.9,788.4,668.19457226044,0
CRKN.US,D,20230718,000000,773.1,792.9,756.9,792,353.50634217099,0
CRKN.US,D,20230719,000000,792,792,733.5,755.1,412.71078809555,0
CRKN.US,D,20230720,000000,756,786.6,747,783,265.57989552839,0
CRKN.US,D,20230721,000000,774,855,739.8,756,268.99945116943,0
CRKN.US,D,20230724,000000,756,756,695.7,717.3,417.55634377224,0
CRKN.US,D,20230725,000000,669.6,701.1,630,645.3,600.49990390139,0
CRKN.US,D,20230726,000000,647.1,656.1,603,630,357.88034228034,0
CRKN.US,D,20230727,000000,630,642.6,585,620.1,558.01090283916,0
CRKN.US,D,20230728,000000,625.5,661.5,621,630,358.56945340868,0
CRKN.US,D,20230731,000000,657,657,618.3,630,274.10545129708,0
CRKN.US,D,20230801,000000,648,648,594,621,429.48701073718,0
CRKN.US,D,20230802,000000,845.1,853.2,520.2,543.6,16812.363975864,0
CRKN.US,D,20230803,000000,522,535.5,500.4,513.9,2395.0925043217,0
CRKN.US,D,20230804,000000,540,540,479.7,499.5,1353.5879227286,0
CRKN.US,D,20230807,000000,485.1,486.9,464.4,469.8,793.78068651117,0
CRKN.US,D,20230808,000000,468,519.3,468,488.7,946.44846810564,0
CRKN.US,D,20230809,000000,477,502.2,477,502.2,492.96523454635,0
CRKN.US,D,20230810,000000,477,519.3,472.5,500.4,849.35479901164,0
CRKN.US,D,20230811,000000,495,556.2,474.3,521.1,1998.1986055105,0
CRKN.US,D,20230814,000000,522,549,373.5,392.4,3729.0082043363,0
CRKN.US,D,20230815,000000,333,369.87,273,326.4,7443.1600372158,0
CRKN.US,D,20230816,000000,321,321,250.5,271.5,3685.133351759,0
CRKN.US,D,20230817,000000,268.5,270,237,248.25,4705.7466901954,0
CRKN.US,D,20230818,000000,321,354,238.5,276,175106.7875422,0
CRKN.US,D,20230821,000000,265.5,267,241.5,253.5,5687.6066951047,0
CRKN.US,D,20230822,000000,244.5,277.5,237.375,256.5,10118.373383925,0
CRKN.US,D,20230823,000000,244.5,247.5,202.5,207,5919.6400295982,0
CRKN.US,D,20230824,000000,222,225,183,187.5,5701.2066951727,0
CRKN.US,D,20230825,000000,286.5,328.5,195,199.5,198844.89432756,0
CRKN.US,D,20230828,000000,193.5,193.5,173.25,181.5,8768.6867105101,0
CRKN.US,D,20230829,000000,184.5,192,168,181.5,23788.926785611,0
CRKN.US,D,20230830,000000,195,195,174,178.5,14144.320070722,0
CRKN.US,D,20230831,000000,183,202.5,175.5,184.5,15196.66674265,0
CRKN.US,D,20230901,000000,180,201,175.5,178.5,17856.206755948,0
CRKN.US,D,20230905,000000,204,211.5,180,181.5,87800.66710567,0
CRKN.US,D,20230906,000000,172.5,177,162,165,16871.280084356,0
CRKN.US,D,20230907,000000,162,166.5,130.515,135,16102.466747179,0
CRKN.US,D,20230908,000000,133.515,133.515,117.615,118.515,9614.6733814067,0
CRKN.US,D,20230911,000000,124.245,124.65,109.8,121.815,30654.433486605,0
CRKN.US,D,20230912,000000,117.81,135,114.165,123,8961.2200448061,0
CRKN.US,D,20230913,000000,121.845,126,113.115,119.355,8977.2733782197,0
CRKN.US,D,20230914,000000,117.3,121.2,112.5,115.29,5470.6533606866,0
CRKN.US,D,20230915,000000,115.575,131.04,114.825,124.5,13272.413399695,0
CRKN.US,D,20230918,000000,133.005,136.5,122.25,125.145,20350.740101754,0
CRKN.US,D,20230919,000000,116.67,116.695,110.4,112.8,7768.7867055106,0
CRKN.US,D,20230920,000000,112.2,112.83,106.5,107.85,5801.6200290081,0
CRKN.US,D,20230921,000000,102.315,102.69,91.575,94.35,8412.7600420638,0
CRKN.US,D,20230922,000000,91.5,94.185,85.575,88.035,4478.9066890612,0
CRKN.US,D,20230925,000000,87.285,91.5,84,88.605,3349.7666834155,0
CRKN.US,D,20230926,000000,89.28,116.25,87.615,111.765,19981.986766577,0
CRKN.US,D,20230927,000000,103.125,104.7,85.2,88.65,7731.5200386576,0
CRKN.US,D,20230928,000000,78.045,82.485,70.5,72.285,9931.4600496573,0
CRKN.US,D,20230929,000000,72.75,75.72,66,66.75,4843.5933575513,0
CRKN.US,D,20231002,000000,70.035,78,63.3001,68.85,49550.493581086,0
CRKN.US,D,20231003,000000,64.5,67.47,61.665,64.05,10133.586717335,0
CRKN.US,D,20231004,000000,64.185,64.185,55.77,63.72,10182.026717577,0
CRKN.US,D,20231005,000000,63.51,66.945,61.44,64.485,11271.020056355,0
CRKN.US,D,20231006,000000,60.36,63.3885,55.935,60,5548.8866944111,0
CRKN.US,D,20231009,000000,57.27,65.85,55.5,56.265,3551.7400177587,0
CRKN.US,D,20231010,000000,58.68,63.45,55.575,60,17429.000087145,0
CRKN.US,D,20231011,000000,61.62,63,58.65,60.15,19532.186764328,0
CRKN.US,D,20231012,000000,57.09,58.35,54.15,57.885,9807.8133823724,0
CRKN.US,D,20231013,000000,56.25,57,47.085,52.485,11587.193391269,0
CRKN.US,D,20231016,000000,50.25,56.25,48.015,50.55,6286.8066981007,0
CRKN.US,D,20231017,000000,49.95,54,49.605,52.485,4222.1866877776,0
CRKN.US,D,20231018,000000,52.41,52.41,48.735,50.1,6580.5466995694,0
CRKN.US,D,20231019,000000,52.155,52.425,39.75,41.19,29248.086812907,0
CRKN.US,D,20231020,000000,40.83,41.7,36.45,40.275,11641.266724873,0
CRKN.US,D,20231023,000000,39.795,40.1998,37.275,37.8,3377.2200168861,0
CRKN.US,D,20231024,000000,38.85,46.5,36.45,37.5,15180.393409235,0
CRKN.US,D,20231025,000000,43.545,46.3335,36.45,38.7,30790.913487288,0
CRKN.US,D,20231026,000000,36.615,37.5,34.95,37.125,7697.7467051554,0
CRKN.US,D,20231027,000000,36.735,37.35,35.61,37.35,2946.7200147336,0
CRKN.US,D,20231030,000000,38.25,38.25,35.85,36.6,5252.6600262633,0
CRKN.US,D,20231031,000000,36.9,38.25,36.3,37.5,4506.266689198,0
CRKN.US,D,20231101,000000,37.83,37.83,36.765,37.35,1716.2533419146,0
CRKN.US,D,20231102,000000,38.025,40.35,37.05,40.17,5531.6800276584,0
CRKN.US,D,20231103,000000,40.485,41.52,38.52,39.735,5672.6600283633,0
CRKN.US,D,20231106,000000,40.2,43.2,37.5,37.65,6297.3200314866,0
CRKN.US,D,20231107,000000,37.5,38.685,35.4,35.625,3330.7266833203,0
CRKN.US,D,20231108,000000,36.45,36.45,35.265,36.075,2079.1066770622,0
CRKN.US,D,20231109,000000,36.165,36.585,33,33.945,3414.5000170725,0
CRKN.US,D,20231110,000000,35.325,35.325,30.3,33.15,5577.800027889,0
CRKN.US,D,20231113,000000,34.5,36.4485,31.35,32.55,7577.1800378859,0
CRKN.US,D,20231114,000000,34.11,34.11,28.695,30.135,11615.033391409,0
CRKN.US,D,20231115,000000,29.7,29.985,28.29,28.86,5713.1666952325,0
CRKN.US,D,20231116,000000,28.8,28.8,25.665,28.335,4970.533358186,0
CRKN.US,D,20231117,000000,29.7,30.75,27.9,29.415,6009.4600300473,0
CRKN.US,D,20231120,000000,28.5,35.22,28.5,32.295,97870.787156021,0
CRKN.US,D,20231121,000000,30.45,31.47,24.165,26.55,53860.833602637,0
CRKN.US,D,20231122,000000,25.95,26.775,22.8,25.5,18663.96009332,0
CRKN.US,D,20231124,000000,24.3,27.15,24.09,26.6398,7711.6933718918,0
CRKN.US,D,20231127,000000,29.25,29.55,25.65,26.865,184361.26758847,0
CRKN.US,D,20231128,000000,26.235,28.32,25.575,26.85,60975.046971542,0
CRKN.US,D,20231129,000000,26.49,31.5,25.845,26.25,122512.6339459,0
CRKN.US,D,20231130,000000,27.315,27.735,24.15,25.455,46441.406898874,0
CRKN.US,D,20231201,000000,26.085,26.085,24.33,25.59,30310.240151551,0
CRKN.US,D,20231204,000000,26.85,28.5,26.265,28.305,41989.700209948,0
CRKN.US,D,20231205,000000,27.315,28.305,25.8,26.4,24603.046789682,0
CRKN.US,D,20231206,000000,26.22,26.22,24.39,24.9,21784.133442254,0
CRKN.US,D,20231207,000000,24.45,24.75,23.355,24.45,15737.853412023,0
CRKN.US,D,20231208,000000,24.555,24.72,20.715,21.63,31871.620159358,0
CRKN.US,D,20231211,000000,21.03,21.57,17.415,18.15,31242.660156213,0
CRKN.US,D,20231212,000000,18.09,20.2348,17.445,19.14,14617.700073088,0
CRKN.US,D,20231213,000000,23.73,24.3,18.9,21.3,74402.087038677,0
CRKN.US,D,20231214,000000,19.515,22.2,19.515,21.66,22457.286778953,0
CRKN.US,D,20231215,000000,22.05,22.05,19.5,20.385,10429.426718814,0
CRKN.US,D,20231218,000000,19.59,20.685,19.5,20.46,9513.4733809007,0
CRKN.US,D,20231219,000000,20.4,21.96,19.875,21.75,8957.4133781204,0
CRKN.US,D,20231220,000000,21.9,24.45,20.415,22.74,24364.046788487,0
CRKN.US,D,20231221,000000,22.35,23.4,21.42,22.5,8507.2600425363,0
CRKN.US,D,20231222,000000,22.5,22.65,21,21.45,8176.3400408817,0
CRKN.US,D,20231226,000000,21.3,22.95,20.97,21.51,8474.5133757059,0
CRKN.US,D,20231227,000000,21.915,23.7225,21.555,22.485,13133.400065667,0
CRKN.US,D,20231228,000000,22.515,23.235,22.2,22.785,6733.9200336696,0
CRKN.US,D,20231229,000000,22.725,23.1679,21.315,22.125,10316.426718249,0
CRKN.US,D,20240102,000000,22.17,22.9642,21.75,22.89,4511.0333558885,0
CRKN.US,D,20240103,000000,22.275,22.65,21.765,22.2,3686.8466851009,0
CRKN.US,D,20240104,000000,23.565,23.775,19.08,21,34565.906839496,0
CRKN.US,D,20240105,000000,20.325,21.615,20.205,20.385,9092.9533787981,0
CRKN.US,D,20240108,000000,21.12,21.12,19.77,20.58,11708.64672521,0
CRKN.US,D,20240109,000000,20.4,20.475,19.77,20.34,5626.1933614643,0
CRKN.US,D,20240110,000000,20.25,20.865,19.905,20.55,5856.4466959489,0
CRKN.US,D,20240111,000000,20.55,20.55,19.125,19.275,13672.313401695,0
CRKN.US,D,20240112,000000,19.185,20.04,19.05,19.65,14983.600074918,0
CRKN.US,D,20240116,000000,19.5,19.56,18.765,19.29,4245.7133545619,0
CRKN.US,D,20240117,000000,19.185,19.185,17.46,18.21,14749.906740416,0
CRKN.US,D,20240118,000000,18,18.51,17.25,18,7214.2467027379,0
CRKN.US,D,20240119,000000,17.895,18.375,17.505,18,5962.266696478,0
CRKN.US,D,20240122,000000,18.3,18.3,15.33,16.29,16338.146748357,0
CRKN.US,D,20240123,000000,16.215,16.935,15.63,16.5,7478.8133707274,0
CRKN.US,D,20240124,000000,15.99,16.605,15.915,15.945,5576.2133612144,0
CRKN.US,D,20240125,000000,15.9,18,15.9,17.0398,32167.300160836,0
CRKN.US,D,20240126,000000,18.105,22.35,17.94,21.735,123329.96728332,0
CRKN.US,D,20240129,000000,21.735,21.735,18.75,21.255,34432.466838829,0
CRKN.US,D,20240130,000000,20.7,20.85,18.21,19.05,38226.220191131,0
CRKN.US,D,20240131,000000,18.975,20.4,18.3,19.65,15826.773412467,0
CRKN.US,D,20240201,000000,20.115,20.205,18.84,19.95,9888.8333827775,0
CRKN.US,D,20240202,000000,20.7,20.7,17.04,18.45,17163.180085816,0
CRKN.US,D,20240205,000000,18,18.435,17.265,17.835,12553.586729435,0
CRKN.US,D,20240206,000000,16.32,17.25,15.75,16.89,9932.4533829956,0
CRKN.US,D,20240207,000000,16.5,17.37,16.215,16.98,4963.3066914832,0
CRKN.US,D,20240208,000000,17.4,17.67,16.8,17.655,3432.5000171625,0
CRKN.US,D,20240209,000000,17.64,20.25,17.475,19.02,15456.973410618,0
CRKN.US,D,20240212,000000,19.2,19.2,16.8,17.4,18478.266759058,0
CRKN.US,D,20240213,000000,18,18,14.715,15.15,21681.133441739,0
CRKN.US,D,20240214,000000,15.315,16.35,15.3,15.75,7022.4067017787,0
CRKN.US,D,20240215,000000,15.42,16.2,15.015,15.69,8660.066709967,0
CRKN.US,D,20240216,000000,16.5,16.5,14.625,15.09,14548.406739409,0
CRKN.US,D,20240220,000000,15.765,15.765,14.625,15.285,7998.6333733265,0
CRKN.US,D,20240221,000000,15.57,15.69,14.775,15,42744.886880391,0
CRKN.US,D,20240222,000000,14.715,15.555,14.715,15.3,8635.2200431761,0
CRKN.US,D,20240223,000000,15.27,15.27,14.52,15.075,7232.9933694983,0
CRKN.US,D,20240226,000000,14.985,15.225,14.64,15.15,5121.1000256055,0
CRKN.US,D,20240227,000000,15,15.45,13.8,15,18392.153425294,0
CRKN.US,D,20240228,000000,14.55,15.3,14.55,14.985,6486.3200324316,0
CRKN.US,D,20240229,000000,15.3,15.3,14.4,14.835,7816.733372417,0
CRKN.US,D,20240301,000000,14.565,15.135,13.77,14.1,14048.260070241,0
CRKN.US,D,20240304,000000,14.82,14.82,13.32,13.65,16996.120084981,0
CRKN.US,D,20240305,000000,13.53,14.25,12.84,13.35,30600.320153002,0
CRKN.US,D,20240306,000000,13.875,13.935,11.97,12.825,39330.013529983,0
CRKN.US,D,20240307,000000,13.2,13.2,12,12.75,12607.573396371,0
CRKN.US,D,20240308,000000,13.2,13.2,12.1501,12.6,8792.4467106289,0
CRKN.US,D,20240311,000000,12.45,12.75,11.6098,11.955,13211.093399389,0
CRKN.US,D,20240312,000000,11.595,11.88,9.6,9.975,71062.187021978,0
CRKN.US,D,20240313,000000,10.62,10.755,9.3,9.885,26662.033466643,0
CRKN.US,D,20240314,000000,9.69,10.35,9.555,9.915,15384.993410258,0
CRKN.US,D,20240315,000000,9.615,10.2,9.24,9.24,22891.98011446,0
CRKN.US,D,20240318,000000,9.525,9.525,8.55,8.94,23074.880115374,0
CRKN.US,D,20240319,000000,8.97,9.27,8.625,8.7,9559.3733811302,0
CRKN.US,D,20240320,000000,8.85,9.3,8.85,9.225,14687.506740104,0
CRKN.US,D,20240321,000000,8.28,9.36,8.28,8.97,11501.720057509,0
CRKN.US,D,20240322,000000,8.985,9.165,8.7,8.925,10131.633383991,0
CRKN.US,D,20240325,000000,9.3,9.3,8.775,9,10038.480050192,0
CRKN.US,D,20240326,000000,9,9.18,8.73,9.15,19595.893431313,0
CRKN.US,D,20240327,000000,9.12,9.12,8.73,8.775,18127.360090637,0
CRKN.US,D,20240328,000000,8.655,9.3,8.655,8.985,72314.167028237,0
CRKN.US,D,20240401,000000,8.97,9.375,8.4,8.625,77036.467051849,0
CRKN.US,D,20240402,000000,8.625,8.625,6.915,7.35,55600.513611336,0
CRKN.US,D,20240403,000000,7.5,7.725,7.35,7.425,35044.906841891,0
CRKN.US,D,20240404,000000,8.025,8.025,7.215,7.335,18052.206756928,0
CRKN.US,D,20240405,000000,7.5,7.98,7.38,7.98,18066.140090331,0
CRKN.US,D,20240408,000000,8.1,8.4,7.8,8.25,15076.213408714,0
CRKN.US,D,20240409,000000,8.7,9.735,8.25,9.15,44250.026887917,0
CRKN.US,D,20240410,000000,9.15,9.15,7.8009,8.025,27213.200136066,0
CRKN.US,D,20240411,000000,8.085,8.67,7.875,8.25,9311.7000465585,0
CRKN.US,D,20240412,000000,8.655,8.655,7.8,8.145,17665.306754993,0
CRKN.US,D,20240415,000000,8.25,8.4,7.305,7.41,22592.906779631,0
CRKN.US,D,20240416,000000,7.41,7.41,6.93,7.2,13902.653402847,0
CRKN.US,D,20240417,000000,7.05,7.35,6.525,7.35,32552.553496096,0
CRKN.US,D,20240418,000000,7.35,8.7,7.2,7.8,32657.660163288,0
CRKN.US,D,20240419,000000,8.25,9.615,7.68,8.325,91301.833789842,0
CRKN.US,D,20240422,000000,8.7,8.7,7.65,7.725,24452.640122263,0
CRKN.US,D,20240423,000000,8.04,8.04,7.2,7.35,22272.860111364,0
CRKN.US,D,20240424,000000,7.35,7.425,7.02,7.185,14485.94007243,0
CRKN.US,D,20240425,000000,7.8,7.8,6.9,7.5,22069.606777015,0
CRKN.US,D,20240426,000000,7.5,8.27985,7.35,7.635,31819.853492433,0
CRKN.US,D,20240429,000000,8.85,8.85,7.32,7.575,80010.527066719,0
CRKN.US,D,20240430,000000,7.575,7.755,7.365,7.485,38515.29352591,0
CRKN.US,D,20240501,000000,8.1,8.535,7.2,7.32,70470.433685685,0
CRKN.US,D,20240502,000000,7.5,7.935,6.645,7.05,128487.5473091,0
CRKN.US,D,20240503,000000,7.05,7.8,6.675,7.065,112204.30722769,0
CRKN.US,D,20240506,000000,6.9,6.975,6.615,6.69,48556.026909447,0
CRKN.US,D,20240507,000000,6.615,7.32,6.375,7.02,116724.61391696,0
CRKN.US,D,20240508,000000,7.05,7.05,6.39,6.42,82603.747079685,0
CRKN.US,D,20240509,000000,6.45,7.125,6.21,7.05,76104.167047187,0
CRKN.US,D,20240510,000000,6.975,6.975,6.225,6.435,104356.30052178,0
CRKN.US,D,20240513,000000,6.375,7.215,6.27,6.87,87642.773771547,0
CRKN.US,D,20240514,000000,7.005,15.75,6.6,7.14,2600035.0330002,0
CRKN.US,D,20240515,000000,8.64,8.7,6.615,6.93,3490732.7774537,0
CRKN.US,D,20240516,000000,10.875,79.5,9.75,36,15.6066667447,0
CRKN.US,D,20240517,000000,63.15,90,21.15,25.65,4409555.5020478,0
CRKN.US,D,20240520,000000,42,42,22.65,29.85,5011962.7050598,0
CRKN.US,D,20240521,000000,25.995,27.735,17.25,18.855,2158078.8841237,0
CRKN.US,D,20240522,000000,16.65,27.24,14.7,19.44,3540785.3510373,0
CRKN.US,D,20240523,000000,21.165,21.75,16.2,16.965,1054850.6252743,0
CRKN.US,D,20240524,000000,16.545,17.055,14.37,15.15,703715.89685191,0
CRKN.US,D,20240528,000000,17.97,20.55,15.75,16.2,1627353.2881368,0
CRKN.US,D,20240529,000000,15.09,15.225,12.255,13.2,840504.63086919,0
CRKN.US,D,20240530,000000,13.74,17.445,12.975,17.025,1850492.8092525,0
CRKN.US,D,20240531,000000,17.655,17.865,14.625,15,1034198.705171,0
CRKN.US,D,20240603,000000,19.65,20.67,15.9,17.685,1989754.9632821,0
CRKN.US,D,20240604,000000,16.455,16.5,15.015,15.675,614723.48974028,0
CRKN.US,D,20240605,000000,13.035,15.285,12.525,15.06,834818.97084076,0
CRKN.US,D,20240606,000000,13.125,14.055,12.825,13.11,538238.02935786,0
CRKN.US,D,20240607,000000,13.875,15.405,13.035,13.53,797385.47732026,0
CRKN.US,D,20240610,000000,13.755,13.965,11.745,12.24,416234.44874784,0
CRKN.US,D,20240611,000000,12.075,12.885,11.76,12.66,781369.97057352,0
CRKN.US,D,20240612,000000,13.41,13.665,12.315,12.795,706832.66353416,0
CRKN.US,D,20240613,000000,12,12.375,10.665,11.1,498526.0891593,0
CRKN.US,D,20240614,000000,11.205,11.775,8.22,8.76,911799.09789233,0
CRKN.US,D,20240617,000000,10.5,10.905,9.48,9.915,758648.21045991,0
CRKN.US,D,20240618,000000,9.375,9.54,7.875,8.58,615947.4497464,0
CRKN.US,D,20240620,000000,8.805,8.85,7.02,7.5,779443.53056388,0
CRKN.US,D,20240621,000000,6.12,6.405,5.7,6.165,1155067.2257753,0
CRKN.US,D,20240624,000000,6.18,6.255,5.4,5.745,926070.00463035,0
CRKN.US,D,20240625,000000,4.62,4.91,3.75,3.98,1116769,0
CRKN.US,D,20240626,000000,4.06,4.0761,3.37,3.72,1039020,0
CRKN.US,D,20240627,000000,3.75,5.4884,3.5,5.03,2874848,0
CRKN.US,D,20240628,000000,4.85,5.74,4.2602,4.46,1686837,0
CRKN.US,D,20240701,000000,4.45,4.85,3.8601,4.82,597267,0
CRKN.US,D,20240702,000000,4.48,4.525,4,4.02,382332,0
CRKN.US,D,20240703,000000,4.04,4.2399,3.92,4.12,337379,0
CRKN.US,D,20240705,000000,4.05,4.1199,3.72,3.74,438036,0
CRKN.US,D,20240708,000000,4.51,4.55,3.75,3.8,3426911,0
CRKN.US,D,20240709,000000,3.81,4.1,3.6,3.7,787999,0
CRKN.US,D,20240710,000000,3.75,3.8564,3.65,3.74,356470,0
CRKN.US,D,20240711,000000,3.75,4.028,3.75,3.82,567729,0
CRKN.US,D,20240712,000000,3.81,3.93,3.65,3.89,463862,0
CRKN.US,D,20240715,000000,3.9,3.95,3.7,3.83,1134684,0
CRKN.US,D,20240716,000000,3.86,4.2,3.72,4.19,606544,0
CRKN.US,D,20240717,000000,3.99,4.0597,3.71,3.71,460335,0
CRKN.US,D,20240718,000000,3.72,3.99,3.72,3.97,395886,0
CRKN.US,D,20240719,000000,3.83,3.8998,3.5,3.53,502197,0
CRKN.US,D,20240722,000000,3.66,3.79,3.6,3.7,266483,0
CRKN.US,D,20240723,000000,3.61,3.8599,3.58,3.58,293536,0
CRKN.US,D,20240724,000000,3.55,3.75,3.36,3.37,294367,0
CRKN.US,D,20240725,000000,3.42,3.42,3.08,3.18,305867,0
CRKN.US,D,20240726,000000,3.17,3.26,2.99,2.99,244665,0
CRKN.US,D,20240729,000000,3.1,3.39,3.0556,3.09,430137,0
CRKN.US,D,20240730,000000,3.07,3.1492,2.7,2.73,339769,0
CRKN.US,D,20240731,000000,2.75,2.8003,2.65,2.655,186967,0
CRKN.US,D,20240801,000000,2.64,2.65,2.32,2.32,358503,0
CRKN.US,D,20240802,000000,2.24,2.307,2.15,2.155,277110,0
CRKN.US,D,20240805,000000,1.98,2.15,1.9,2.06,217554,0
CRKN.US,D,20240806,000000,2.11,2.24,2.11,2.24,201956,0
CRKN.US,D,20240807,000000,2.21,2.29,1.91,1.91,183591,0
CRKN.US,D,20240808,000000,1.93,2.17,1.93,2.08,222462,0
CRKN.US,D,20240809,000000,2.05,2.06,1.92,1.92,271130,0
CRKN.US,D,20240812,000000,2.08,2.14,1.92,2.02,316862,0
CRKN.US,D,20240813,000000,2.02,2.1,1.91,1.97,495508,0
CRKN.US,D,20240814,000000,2.06,2.1,1.7,1.77,584845,0
CRKN.US,D,20240815,000000,1.83,1.9,1.73,1.9,271581,0
CRKN.US,D,20240816,000000,1.84,1.97,1.84,1.85,309369,0
CRKN.US,D,20240819,000000,1.87,1.89,1.73,1.75,249069,0
CRKN.US,D,20240820,000000,1.79,1.8045,1.7,1.78,166153,0
CRKN.US,D,20240821,000000,1.77,1.89,1.7604,1.81,451378,0
CRKN.US,D,20240822,000000,1.79,2.95,1.74,2.19,17720373,0
CRKN.US,D,20240823,000000,2.27,2.35,1.81,2.02,6253856,0
CRKN.US,D,20240826,000000,2,2.1699,1.8901,2.03,1284981,0
CRKN.US,D,20240827,000000,2.05,2.05,1.86,1.89,736605,0
CRKN.US,D,20240828,000000,1.9,1.9,1.7,1.7,577394,0
CRKN.US,D,20240829,000000,1.73,1.73,1.51,1.515,762906,0
CRKN.US,D,20240830,000000,1.52,1.56,1.4,1.41,638250,0
CRKN.US,D,20240903,000000,1.4,1.46,1.31,1.46,436438,0
CRKN.US,D,20240904,000000,1.44,1.775,1.431,1.71,2738069,0
CRKN.US,D,20240905,000000,1.72,1.77,1.52,1.61,708562,0
CRKN.US,D,20240906,000000,1.59,1.6239,1.42,1.5,329198,0
CRKN.US,D,20240909,000000,1.51,1.51,1.44,1.49,1035271,0
CRKN.US,D,20240910,000000,1.33,1.345,1.06,1.22,1436810,0
CRKN.US,D,20240911,000000,1.22,1.29,1.17,1.29,378844,0
CRKN.US,D,20240912,000000,1.31,1.31,1.22,1.24,210367,0
CRKN.US,D,20240913,000000,1.27,1.34,1.25,1.335,228730,0
CRKN.US,D,20240916,000000,1.34,1.39,1.24,1.36,236278,0
CRKN.US,D,20240917,000000,1.33,1.38,1.26,1.28,403487,0
CRKN.US,D,20240918,000000,1.28,1.29117,1.21,1.26,296539,0
CRKN.US,D,20240919,000000,1.4,1.42,1.1601,1.24,8191151,0
CRKN.US,D,20240920,000000,1.18,1.25,1.18,1.19,817794,0
CRKN.US,D,20240923,000000,1.22,1.39,1.18,1.19,1773443,0
CRKN.US,D,20240924,000000,1.21,1.25,1.17,1.18,500570,0
CRKN.US,D,20240925,000000,1.2,1.21,1.11,1.2,391601,0
CRKN.US,D,20240926,000000,1.16,1.27,1.16,1.25,514523,0
CRKN.US,D,20240927,000000,1.26,1.27,1.19,1.23,214411,0
CRKN.US,D,20240930,000000,1.28,1.28,1.21,1.23,274087,0
CRKN.US,D,20241001,000000,1.25,1.25,1.18,1.21,182867,0
CRKN.US,D,20241002,000000,1.18,1.21,1.15,1.15,288445,0
CRKN.US,D,20241003,000000,1.13,1.2,1.13,1.18,207142,0
CRKN.US,D,20241004,000000,1.19,1.2,1.17,1.19,144175,0
CRKN.US,D,20241007,000000,1.19,1.21,1.14,1.14,213392,0
CRKN.US,D,20241008,000000,1.15,1.17,1.15,1.16,129372,0
CRKN.US,D,20241009,000000,1.17,1.2,1.15,1.17,3160718,0
CRKN.US,D,20241010,000000,1.52,1.87,1.25,1.28,58067695,0
CRKN.US,D,20241011,000000,1.25,1.39,1.165,1.35,1898763,0
CRKN.US,D,20241014,000000,1.39,1.42,1.3291,1.4,938305,0
CRKN.US,D,20241015,000000,1.37,1.3899,1.3154,1.34,938212,0
CRKN.US,D,20241016,000000,1.31,1.34,1.268,1.34,557181,0
CRKN.US,D,20241017,000000,1.29,1.29,1.2,1.22,599836,0
CRKN.US,D,20241018,000000,1.23,1.23,1.2,1.21,334721,0
CRKN.US,D,20241021,000000,1.23,1.23,1.16,1.18,301825,0
CRKN.US,D,20241022,000000,1.16,1.18,1.15,1.17,241434,0
CRKN.US,D,20241023,000000,1.27,1.27,1.18,1.2,405273,0
CRKN.US,D,20241024,000000,1.2,1.29,1.18,1.19,1261453,0
CRKN.US,D,20241025,000000,1.21,1.26,1.1601,1.21,1563985,0
CRKN.US,D,20241028,000000,1.18,1.2,1.02,1.09,2676412,0
CRKN.US,D,20241029,000000,1.14,1.25,1,1.02,2218788,0
CRKN.US,D,20241030,000000,1.01,1.0195,0.8038,0.8863,4049838,0
CRKN.US,D,20241031,000000,0.9,0.96,0.8623,0.9593,580185,0
CRKN.US,D,20241101,000000,0.94,0.9595,0.9218,0.9595,177636,0
CRKN.US,D,20241104,000000,0.945,0.9588,0.9,0.9588,428866,0
CRKN.US,D,20241105,000000,0.95,1.02,0.92,1.02,531322,0
CRKN.US,D,20241106,000000,0.99,1.02,0.9588,0.9989,242146,0
CRKN.US,D,20241107,000000,0.9989,1.02,0.9525,0.9734,257210,0
CRKN.US,D,20241108,000000,0.9442,0.9805,0.93,0.95,260974,0
CRKN.US,D,20241111,000000,0.9355,0.9738,0.916,0.97,323951,0
CRKN.US,D,20241112,000000,0.97,0.98,0.9,0.9113,549526,0
CRKN.US,D,20241113,000000,0.92,0.97,0.89,0.96,547140,0
CRKN.US,D,20241114,000000,0.9602,0.99,0.851,0.9198,531007,0
CRKN.US,D,20241115,000000,0.91,0.91,0.7113,0.884,647641,0
CRKN.US,D,20241118,000000,0.8873,0.89,0.831,0.85,194364,0
CRKN.US,D,20241119,000000,0.85,0.8595,0.79,0.83,378799,0
CRKN.US,D,20241120,000000,0.8025,0.8297,0.77,0.785677,7235722,0
CRKN.US,D,20241121,000000,0.9,1.04,0.79,0.798,18005581,0
CRKN.US,D,20241122,000000,0.827,0.940012,0.6335,0.6576,10459896,0
CRKN.US,D,20241125,000000,0.6151,0.62,0.3801,0.423,12755459,0
CRKN.US,D,20241126,000000,0.462,0.47,0.271,0.308,16136858,0
CRKN.US,D,20241127,000000,0.3446,0.3562,0.2775,0.2791,29133985,0
CRKN.US,D,20241129,000000,0.3268,0.355,0.274,0.28,29005973,0
CRKN.US,D,20241202,000000,0.294,0.297,0.255,0.266,15871113,0
CRKN.US,D,20241203,000000,0.2586,0.309,0.235,0.284,35836747,0
CRKN.US,D,20241204,000000,0.2777,0.3838,0.242,0.2802,59875298,0
CRKN.US,D,20241205,000000,0.285,0.3208,0.21,0.2381,34152683,0
CRKN.US,D,20241206,000000,0.2585,0.29,0.2368,0.2491,28149487,0
CRKN.US,D,20241209,000000,0.2851,0.289,0.2308,0.244,35340368,0
CRKN.US,D,20241210,000000,0.24,0.2463,0.23,0.2417,9175214,0
CRKN.US,D,20241211,000000,0.2403,0.2403,0.2115,0.231,9297421,0
CRKN.US,D,20241212,000000,0.23,0.23,0.21,0.212,8411003,0
CRKN.US,D,20241213,000000,0.211,0.2175,0.19,0.2,10432489,0
CRKN.US,D,20241216,000000,0.1965,0.2175,0.19,0.1972,9627354,0
CRKN.US,D,20241217,000000,0.1822,0.1972,0.162,0.1725,16493207,0
CRKN.US,D,20241218,000000,0.1726,0.1734,0.1481,0.1632,11494336,0
CRKN.US,D,20241219,000000,0.1655,0.1799,0.149,0.1516,10387815,0
CRKN.US,D,20241220,000000,0.1537,0.1537,0.139,0.1396,11263463,0
CRKN.US,D,20241223,000000,0.1402,0.1577,0.122,0.1307,27770392,0
CRKN.US,D,20241224,000000,0.1291,0.143,0.124,0.1299,9704408,0
CRKN.US,D,20241226,000000,0.1371,0.1458,0.1282,0.1317,54672380,0
CRKN.US,D,20241227,000000,0.174,0.175,0.136,0.143,95708660,0
CRKN.US,D,20241230,000000,0.1509,0.165,0.1312,0.1387,117228583,0
CRKN.US,D,20241231,000000,0.2149,0.23,0.136,0.1422,402057431,0
CRKN.US,D,20250102,000000,0.1426,0.1436,0.1296,0.137,102282798,0
CRKN.US,D,20250103,000000,0.1327,0.134,0.125,0.1314,51130107,0
CRKN.US,D,20250106,000000,0.133,0.1344,0.1249,0.133,82693602,0
CRKN.US,D,20250107,000000,0.1492,0.1492,0.1235,0.13,130874282,0
CRKN.US,D,20250108,000000,0.1215,0.126,0.1112,0.1212,50686249,0
CRKN.US,D,20250110,000000,0.1137,0.1137,0.0978,0.1031,54135351,0
