<TICKER>,<PER>,<DATE>,<TIME>,<OPEN>,<HIGH>,<LOW>,<CLOSE>,<VOL>,<OPENINT>
CUBWW.US,D,20240813,000000,0.075,0.09,0.06,0.08,294592,0
CUBWW.US,D,20240814,000000,0.08,0.08,0.08,0.08,100473,0
CUBWW.US,D,20240815,000000,0.08,0.09,0.08,0.0899,3113,0
CUBWW.US,D,20240819,000000,0.125,0.125,0.0955,0.0955,5353,0
CUBWW.US,D,20240820,000000,0.09,0.09,0.09,0.09,2947,0
CUBWW.US,D,20240822,000000,0.117,0.117,0.117,0.117,125,0
CUBWW.US,D,20240823,000000,0.08,0.104,0.08,0.104,986,0
CUBWW.US,D,20240827,000000,0.09,0.1,0.08,0.1,128073,0
CUBWW.US,D,20240829,000000,0.0801,0.0801,0.08,0.08,50000,0
CUBWW.US,D,20240830,000000,0.09,0.09,0.0825,0.0899,270571,0
CUBWW.US,D,20240904,000000,0.0873,0.0873,0.075,0.075,23913,0
CUBWW.US,D,20240905,000000,0.0759,0.0815,0.072551,0.075,22130,0
CUBWW.US,D,20240909,000000,0.0755,0.08,0.0754,0.08,1970,0
CUBWW.US,D,20240911,000000,0.08,0.08,0.08,0.08,27600,0
CUBWW.US,D,20240912,000000,0.0768,0.0768,0.07,0.0701,56636,0
CUBWW.US,D,20240913,000000,0.091,0.091,0.08,0.08,100240,0
CUBWW.US,D,20240916,000000,0.070201,0.087051,0.0701,0.0701,13270,0
CUBWW.US,D,20240917,000000,0.0743,0.08,0.07,0.08,42800,0
CUBWW.US,D,20240918,000000,0.0867,0.086876,0.0653,0.075,7879,0
CUBWW.US,D,20240919,000000,0.075,0.075,0.075,0.075,1664,0
CUBWW.US,D,20240920,000000,0.08,0.08,0.08,0.08,73140,0
CUBWW.US,D,20240924,000000,0.061,0.061,0.061,0.061,1430,0
CUBWW.US,D,20240925,000000,0.0775,0.0775,0.0775,0.0775,152,0
CUBWW.US,D,20240926,000000,0.0806,0.0806,0.07715,0.07715,725,0
CUBWW.US,D,20240927,000000,0.0702,0.0702,0.0702,0.0702,122,0
CUBWW.US,D,20240930,000000,0.0647,0.0647,0.0647,0.0647,798,0
CUBWW.US,D,20241004,000000,0.0679,0.0679,0.0651,0.0651,1527,0
CUBWW.US,D,20241010,000000,0.0683,0.0801,0.0682,0.0801,1476,0
CUBWW.US,D,20241015,000000,0.0651,0.0651,0.0651,0.0651,924,0
CUBWW.US,D,20241018,000000,0.07,0.0738,0.0651,0.0651,2564,0
CUBWW.US,D,20241021,000000,0.0651,0.0846,0.0651,0.0693,4334,0
CUBWW.US,D,20241023,000000,0.072,0.072,0.072,0.072,382,0
CUBWW.US,D,20241024,000000,0.072,0.072,0.0673,0.0711,850,0
CUBWW.US,D,20241030,000000,0.07,0.07,0.0657,0.066,27450,0
CUBWW.US,D,20241031,000000,0.066,0.066,0.0659,0.0659,330,0
CUBWW.US,D,20241101,000000,0.07525,0.07525,0.073741,0.073741,830,0
CUBWW.US,D,20241104,000000,0.085,0.085,0.085,0.085,520,0
CUBWW.US,D,20241105,000000,0.085,0.085,0.07001,0.073,2495,0
CUBWW.US,D,20241106,000000,0.084999,0.084999,0.07,0.071328,2728,0
CUBWW.US,D,20241107,000000,0.0739,0.0739,0.0654,0.0657,9512,0
CUBWW.US,D,20241108,000000,0.06611,0.06611,0.06611,0.06611,228,0
CUBWW.US,D,20241111,000000,0.0698,0.0698,0.0652,0.0652,21005,0
CUBWW.US,D,20241112,000000,0.07,0.07,0.0651,0.0651,7692,0
CUBWW.US,D,20241113,000000,0.07,0.07,0.07,0.07,720,0
CUBWW.US,D,20241118,000000,0.0669,0.07,0.0661,0.07,9375,0
CUBWW.US,D,20241119,000000,0.0651,0.0889,0.0651,0.0889,308902,0
CUBWW.US,D,20241120,000000,0.09,0.09,0.082246,0.0896,5290,0
CUBWW.US,D,20241121,000000,0.074,0.074,0.0696,0.07,5261,0
CUBWW.US,D,20241122,000000,0.0701,0.0715,0.0651,0.0715,4647,0
CUBWW.US,D,20241125,000000,0.07,0.0898,0.0653,0.07,185809,0
CUBWW.US,D,20241126,000000,0.075,0.075,0.0651,0.0651,15944,0
CUBWW.US,D,20241127,000000,0.077738,0.077738,0.0652,0.0726,24161,0
CUBWW.US,D,20241129,000000,0.0742,0.075,0.074,0.0742,5594,0
CUBWW.US,D,20241202,000000,0.0827,0.0895,0.07,0.07,4547,0
CUBWW.US,D,20241203,000000,0.075,0.075,0.075,0.075,114,0
CUBWW.US,D,20241204,000000,0.09,0.09,0.0682,0.0683,4439,0
CUBWW.US,D,20241205,000000,0.0895,0.1229,0.0799,0.0895,42461,0
CUBWW.US,D,20241206,000000,0.080363,0.10815,0.080363,0.1,49152,0
CUBWW.US,D,20241209,000000,0.125,0.2112,0.0801,0.0801,4792,0
CUBWW.US,D,20241210,000000,0.1205,0.1205,0.09,0.09,1715,0
CUBWW.US,D,20241211,000000,0.11,0.11,0.09,0.09,5573,0
CUBWW.US,D,20241212,000000,0.09,0.09,0.09,0.09,302,0
CUBWW.US,D,20241213,000000,0.1024,0.11,0.09,0.11,10121,0
CUBWW.US,D,20241216,000000,0.129,0.129,0.1024,0.1051,1750,0
CUBWW.US,D,20241217,000000,0.11,0.12,0.1051,0.1195,43061,0
CUBWW.US,D,20241219,000000,0.09,0.1003,0.09,0.090101,1780,0
CUBWW.US,D,20241220,000000,0.095,0.095,0.095,0.095,1728,0
CUBWW.US,D,20241226,000000,0.1148,0.1148,0.1148,0.1148,447,0
CUBWW.US,D,20241231,000000,0.11,0.1299,0.1025,0.11,53151,0
CUBWW.US,D,20250103,000000,0.11,0.1101,0.11,0.11,1754,0
CUBWW.US,D,20250106,000000,0.1299,0.14,0.124,0.13,4300,0
CUBWW.US,D,20250107,000000,0.13,0.13,0.13,0.13,1013,0
CUBWW.US,D,20250108,000000,0.13,0.13,0.13,0.13,790,0
CUBWW.US,D,20250110,000000,0.14,0.14,0.13,0.14,13932,0
