<TICKER>,<PER>,<DATE>,<TIME>,<OPEN>,<HIGH>,<LOW>,<CLOSE>,<VOL>,<OPENINT>
CYBN.US,D,20210806,000000,2.8,2.9,2.7,2.74,848633,0
CYBN.US,D,20210809,000000,2.89,2.89,2.5,2.52,1474453,0
CYBN.US,D,20210810,000000,2.55,2.56,2.25,2.27,2340481,0
CYBN.US,D,20210811,000000,2.3,2.4,2.09,2.23,1541154,0
CYBN.US,D,20210812,000000,2.2,2.3,2.15,2.22,826753,0
CYBN.US,D,20210813,000000,2.23,2.23,2.09,2.12,762079,0
CYBN.US,D,20210816,000000,2.1,2.1,1.91,1.98,1236340,0
CYBN.US,D,20210817,000000,2,2.03,1.86,1.92,1057178,0
CYBN.US,D,20210818,000000,1.92,1.95,1.81,1.95,1131092,0
CYBN.US,D,20210819,000000,1.95,1.95,1.68,1.83,1376741,0
CYBN.US,D,20210820,000000,1.79,1.97,1.7601,1.9,697924,0
CYBN.US,D,20210823,000000,1.92,2.21,1.92,2.19,1204543,0
CYBN.US,D,20210824,000000,2.24,2.25,2.12,2.16,762001,0
CYBN.US,D,20210825,000000,2.22,2.28,2.1,2.28,605548,0
CYBN.US,D,20210826,000000,2.35,2.35,2.2,2.24,965636,0
CYBN.US,D,20210827,000000,2.29,2.3699,2.25,2.34,1143858,0
CYBN.US,D,20210830,000000,2.39,2.75,2.35,2.73,3522234,0
CYBN.US,D,20210831,000000,2.85,2.88,2.58,2.8,1418147,0
CYBN.US,D,20210901,000000,2.81,2.86,2.59,2.63,1238731,0
CYBN.US,D,20210902,000000,2.66,2.67,2.42,2.51,1356651,0
CYBN.US,D,20210903,000000,2.52,2.75,2.51,2.64,1186365,0
CYBN.US,D,20210907,000000,2.68,2.75,2.5,2.52,1360819,0
CYBN.US,D,20210908,000000,2.51,2.55,2.25,2.37,1069397,0
CYBN.US,D,20210909,000000,2.35,2.45,2.31,2.4,640099,0
CYBN.US,D,20210910,000000,2.43,2.47,2.34,2.42,473379,0
CYBN.US,D,20210913,000000,2.44,2.58,2.4,2.48,1508986,0
CYBN.US,D,20210914,000000,2.48,2.5,2.31,2.35,840257,0
CYBN.US,D,20210915,000000,2.34,2.34,2.15,2.3,1066046,0
CYBN.US,D,20210916,000000,2.3,2.31,2,2.23,1912455,0
CYBN.US,D,20210917,000000,2.23,2.27,2.02,2.16,1436779,0
CYBN.US,D,20210920,000000,2.04,2.15,1.98,2.14,1283371,0
CYBN.US,D,20210921,000000,2.14,2.19,2.02,2.09,548676,0
CYBN.US,D,20210922,000000,2.1,2.18,2.04,2.13,791954,0
CYBN.US,D,20210923,000000,2.25,2.39,2.2,2.33,1947680,0
CYBN.US,D,20210924,000000,2.43,2.43,2.27,2.32,1153680,0
CYBN.US,D,20210927,000000,2.35,2.35,2.225,2.32,758817,0
CYBN.US,D,20210928,000000,2.32,2.35,2.09,2.24,1473274,0
CYBN.US,D,20210929,000000,2.2,2.23,2.12,2.2,464030,0
CYBN.US,D,20210930,000000,2.23,2.23,2.05,2.19,756085,0
CYBN.US,D,20211001,000000,2.15,2.2,2.1,2.19,702274,0
CYBN.US,D,20211004,000000,2.22,2.22,2.1,2.1,574330,0
CYBN.US,D,20211005,000000,2.2,2.2,2.11,2.15,875782,0
CYBN.US,D,20211006,000000,2.11,2.15,2.1,2.14,368453,0
CYBN.US,D,20211007,000000,2.15,2.1699,2.11,2.12,872159,0
CYBN.US,D,20211008,000000,2.13,2.15,2.04,2.1,607622,0
CYBN.US,D,20211011,000000,2.11,2.15,2.07,2.14,342470,0
CYBN.US,D,20211012,000000,2.12,2.15,2.05,2.08,1011925,0
CYBN.US,D,20211013,000000,2.12,2.12,1.98,2.03,1098097,0
CYBN.US,D,20211014,000000,2.06,2.09,1.98,2.02,772664,0
CYBN.US,D,20211015,000000,2.09,2.09,1.89,1.97,1528204,0
CYBN.US,D,20211018,000000,1.96,1.99,1.9,1.94,785910,0
CYBN.US,D,20211019,000000,1.94,1.98,1.91,1.92,1038089,0
CYBN.US,D,20211020,000000,1.94,2.29,1.92,2.02,6451745,0
CYBN.US,D,20211021,000000,2.05,2.07,1.91,1.98,1759208,0
CYBN.US,D,20211022,000000,1.95,1.98,1.86,1.96,1670294,0
CYBN.US,D,20211025,000000,1.98,2.07,1.88,2.02,1160709,0
CYBN.US,D,20211026,000000,2.1,2.11,1.95,1.97,1692473,0
CYBN.US,D,20211027,000000,1.98,1.9952,1.89,1.9,738811,0
CYBN.US,D,20211028,000000,1.92,1.9387,1.81,1.87,1221903,0
CYBN.US,D,20211029,000000,1.86,1.8801,1.82,1.87,913709,0
CYBN.US,D,20211101,000000,1.9,1.955,1.77,1.85,1920423,0
CYBN.US,D,20211102,000000,1.86,1.91,1.8,1.88,1509058,0
CYBN.US,D,20211103,000000,1.9,1.91,1.84,1.89,1126390,0
CYBN.US,D,20211104,000000,1.9,2.13,1.89,2.11,5161886,0
CYBN.US,D,20211105,000000,2.21,2.355,2.0099,2.31,5938018,0
CYBN.US,D,20211108,000000,2.35,2.35,1.9,2,6409334,0
CYBN.US,D,20211109,000000,2.15,2.15,1.86,1.98,7631358,0
CYBN.US,D,20211110,000000,1.95,1.99,1.81,1.86,2431259,0
CYBN.US,D,20211111,000000,1.89,1.9,1.81,1.88,1782844,0
CYBN.US,D,20211112,000000,1.9,1.95,1.82,1.92,1495826,0
CYBN.US,D,20211115,000000,1.95,2,1.72,1.79,3191399,0
CYBN.US,D,20211116,000000,1.75,1.83,1.73,1.75,1336844,0
CYBN.US,D,20211117,000000,1.75,1.79,1.67,1.74,1481541,0
CYBN.US,D,20211118,000000,1.72,1.74,1.6,1.64,1398876,0
CYBN.US,D,20211119,000000,1.59,1.63,1.42,1.63,3188662,0
CYBN.US,D,20211122,000000,1.65,1.66,1.48,1.54,2321499,0
CYBN.US,D,20211123,000000,1.55,1.55,1.46,1.47,1447605,0
CYBN.US,D,20211124,000000,1.46,1.47,1.37,1.42,1753374,0
CYBN.US,D,20211126,000000,1.42,1.46,1.29,1.35,1414641,0
CYBN.US,D,20211129,000000,1.41,1.5999,1.35,1.47,2561353,0
CYBN.US,D,20211130,000000,1.52,1.53,1.38,1.47,1835378,0
CYBN.US,D,20211201,000000,1.5,1.54,1.3815,1.43,1464258,0
CYBN.US,D,20211202,000000,1.43,1.47,1.35,1.39,1458347,0
CYBN.US,D,20211203,000000,1.4,1.4,1.22,1.39,2055335,0
CYBN.US,D,20211206,000000,1.41,1.43,1.24,1.26,1440686,0
CYBN.US,D,20211207,000000,1.29,1.32,1.1,1.3,2756278,0
CYBN.US,D,20211208,000000,1.28,1.33,1.21,1.27,2120088,0
CYBN.US,D,20211209,000000,1.23,1.24,1.17,1.21,1677710,0
CYBN.US,D,20211210,000000,1.2,1.2,1.13,1.2,1516148,0
CYBN.US,D,20211213,000000,1.21,1.23,1.09,1.14,2576698,0
CYBN.US,D,20211214,000000,1.12,1.17,1.05,1.13,1533343,0
CYBN.US,D,20211215,000000,1.12,1.23,1.1,1.23,1369253,0
CYBN.US,D,20211216,000000,1.25,1.25,1.14,1.2,891201,0
CYBN.US,D,20211217,000000,1.2,1.23,1.115,1.2,2618625,0
CYBN.US,D,20211220,000000,1.2,1.2,1.11,1.17,715913,0
CYBN.US,D,20211221,000000,1.19,1.22,1.13,1.21,1089249,0
CYBN.US,D,20211222,000000,1.21,1.24,1.16,1.24,497100,0
CYBN.US,D,20211223,000000,1.25,1.28,1.19,1.26,881705,0
CYBN.US,D,20211227,000000,1.22,1.29,1.165,1.23,1186459,0
CYBN.US,D,20211228,000000,1.21,1.25,1.17,1.21,597150,0
CYBN.US,D,20211229,000000,1.21,1.25,1.15,1.2,833575,0
CYBN.US,D,20211230,000000,1.22,1.23,1.13,1.18,1682690,0
CYBN.US,D,20211231,000000,1.16,1.2,1.13,1.2,1194128,0
CYBN.US,D,20220103,000000,1.2,1.22,1.16,1.22,567165,0
CYBN.US,D,20220104,000000,1.22,1.22,1.15,1.18,821529,0
CYBN.US,D,20220105,000000,1.19,1.2,1.11,1.13,1079243,0
CYBN.US,D,20220106,000000,1.13,1.15,1.01,1.06,1923752,0
CYBN.US,D,20220107,000000,1.05,1.07,1,1.07,1184670,0
CYBN.US,D,20220110,000000,1.08,1.09,1,1.02,967895,0
CYBN.US,D,20220111,000000,1.03,1.14,1.02,1.07,1572042,0
CYBN.US,D,20220112,000000,1.07,1.1,1.01,1.05,1061034,0
CYBN.US,D,20220113,000000,1.05,1.07,1.02,1.05,636442,0
CYBN.US,D,20220114,000000,1.05,1.06,1.02,1.05,485586,0
CYBN.US,D,20220118,000000,1.14,1.14,1.0302,1.04,772688,0
CYBN.US,D,20220119,000000,1.06,1.07,1.03,1.06,610783,0
CYBN.US,D,20220120,000000,1.07,1.11,1.03,1.05,833367,0
CYBN.US,D,20220121,000000,1.07,1.07,1,1.02,1205287,0
CYBN.US,D,20220124,000000,1.04,1.04,0.82,1.01,2142938,0
CYBN.US,D,20220125,000000,1.01,1.01,0.968049,1,748421,0
CYBN.US,D,20220126,000000,1.02,1.06,0.9702,1.02,981813,0
CYBN.US,D,20220127,000000,1.03,1.09,1,1.01,741417,0
CYBN.US,D,20220128,000000,1.03,1.05,1,1.03,581623,0
CYBN.US,D,20220131,000000,1.09,1.09,1,1.05,964830,0
CYBN.US,D,20220201,000000,1.07,1.15,1,1.11,1810441,0
CYBN.US,D,20220202,000000,1.12,1.13,1.05,1.09,593692,0
CYBN.US,D,20220203,000000,1.05,1.12,1.03,1.05,463077,0
CYBN.US,D,20220204,000000,1.05,1.05,1.01,1.04,480855,0
CYBN.US,D,20220207,000000,1.02,1.1,1.01,1.09,524317,0
CYBN.US,D,20220208,000000,1.07,1.07,1,1.04,457582,0
CYBN.US,D,20220209,000000,1.04,1.14,1.04,1.06,1273977,0
CYBN.US,D,20220210,000000,1.05,1.15,1.04,1.12,1350053,0
CYBN.US,D,20220211,000000,1.13,1.16,1.05,1.06,679768,0
CYBN.US,D,20220214,000000,1.08,1.1,1.04,1.06,395479,0
CYBN.US,D,20220215,000000,1.08,1.088,1.06,1.08,642881,0
CYBN.US,D,20220216,000000,1.09,1.11,1.05,1.06,689800,0
CYBN.US,D,20220217,000000,1.05,1.065,1.035,1.05,490114,0
CYBN.US,D,20220218,000000,1.07,1.07,1.02,1.04,449787,0
CYBN.US,D,20220222,000000,1.02,1.03,0.98,0.9955,771853,0
CYBN.US,D,20220223,000000,1,1.01,0.94,0.9591,711949,0
CYBN.US,D,20220224,000000,0.9162,0.925,0.862,0.9174,914664,0
CYBN.US,D,20220225,000000,0.92,0.934999,0.89,0.9083,635834,0
CYBN.US,D,20220228,000000,0.91,0.91,0.8766,0.8992,507457,0
CYBN.US,D,20220301,000000,0.9,0.94,0.885,0.9378,308883,0
CYBN.US,D,20220302,000000,0.9454,0.95,0.925,0.9446,284293,0
CYBN.US,D,20220303,000000,0.95,0.95,0.92,0.9201,401468,0
CYBN.US,D,20220304,000000,0.92,0.92,0.882,0.895,258023,0
CYBN.US,D,20220307,000000,0.8955,0.899899,0.79,0.797,916425,0
CYBN.US,D,20220308,000000,0.797,0.81,0.78,0.7946,663883,0
CYBN.US,D,20220309,000000,0.7941,0.8299,0.794,0.8153,353798,0
CYBN.US,D,20220310,000000,0.805,0.81,0.7901,0.7975,215518,0
CYBN.US,D,20220311,000000,0.82,0.835,0.79,0.7901,238363,0
CYBN.US,D,20220314,000000,0.78,0.8199,0.7738,0.78,309802,0
CYBN.US,D,20220315,000000,0.7885,0.8,0.775,0.7842,239484,0
CYBN.US,D,20220316,000000,0.825,0.83,0.79,0.82,583872,0
CYBN.US,D,20220317,000000,0.82,0.8354,0.8,0.8354,255901,0
CYBN.US,D,20220318,000000,0.84,0.84,0.76,0.8197,1383087,0
CYBN.US,D,20220321,000000,0.81,0.835,0.8001,0.81,559555,0
CYBN.US,D,20220322,000000,0.83,0.83,0.78,0.8099,899771,0
CYBN.US,D,20220323,000000,0.81,0.8147,0.736,0.77,1030265,0
CYBN.US,D,20220324,000000,0.8,0.8087,0.738,0.7611,1070236,0
CYBN.US,D,20220325,000000,0.79,0.79,0.7,0.735,867555,0
CYBN.US,D,20220328,000000,0.7368,0.77,0.735,0.77,368481,0
CYBN.US,D,20220329,000000,0.78,0.8,0.7501,0.7944,1041874,0
CYBN.US,D,20220330,000000,0.8,0.8069,0.77,0.8,769166,0
CYBN.US,D,20220331,000000,0.8,0.82,0.7816,0.817,1421784,0
CYBN.US,D,20220401,000000,0.83,0.87,0.821,0.87,821017,0
CYBN.US,D,20220404,000000,0.88,0.88,0.8502,0.88,812860,0
CYBN.US,D,20220405,000000,0.88,0.88,0.8,0.8119,1001046,0
CYBN.US,D,20220406,000000,0.8101,0.82,0.78,0.82,969630,0
CYBN.US,D,20220407,000000,0.7715,0.81,0.7715,0.8,483647,0
CYBN.US,D,20220408,000000,0.8,0.8,0.74,0.7475,774647,0
CYBN.US,D,20220411,000000,0.7644,0.7644,0.71,0.7192,740596,0
CYBN.US,D,20220412,000000,0.7239,0.7379,0.71,0.72,426220,0
CYBN.US,D,20220413,000000,0.7329,0.8066,0.7129,0.8066,875736,0
CYBN.US,D,20220414,000000,0.81,0.81,0.77,0.8049,569755,0
CYBN.US,D,20220418,000000,0.81,0.81,0.77,0.778,689011,0
CYBN.US,D,20220419,000000,0.778,0.81,0.77,0.789,1165734,0
CYBN.US,D,20220420,000000,0.7736,0.7849,0.745,0.752,430059,0
CYBN.US,D,20220421,000000,0.75,0.76,0.720601,0.73,611553,0
CYBN.US,D,20220422,000000,0.75,0.765,0.72,0.7219,397005,0
CYBN.US,D,20220425,000000,0.73,0.74,0.7,0.71,440323,0
CYBN.US,D,20220426,000000,0.72,0.725,0.6036,0.6196,1166438,0
CYBN.US,D,20220427,000000,0.655,0.66,0.6126,0.6134,537743,0
CYBN.US,D,20220428,000000,0.63,0.6449,0.42,0.55,2296495,0
CYBN.US,D,20220429,000000,0.5439,0.5874,0.537,0.576,450278,0
CYBN.US,D,20220502,000000,0.57,0.58,0.55,0.5625,457781,0
CYBN.US,D,20220503,000000,0.5686,0.61,0.56,0.5809,690126,0
CYBN.US,D,20220504,000000,0.561,0.59,0.52,0.5479,1067902,0
CYBN.US,D,20220505,000000,0.56,0.56,0.5101,0.5199,484111,0
CYBN.US,D,20220506,000000,0.52,0.53,0.5,0.515,565692,0
CYBN.US,D,20220509,000000,0.51,0.515,0.46,0.49,990048,0
CYBN.US,D,20220510,000000,0.52,0.52,0.4622,0.4851,910427,0
CYBN.US,D,20220511,000000,0.492,0.4999,0.41,0.41,951258,0
CYBN.US,D,20220512,000000,0.4168,0.439,0.4,0.4199,805489,0
CYBN.US,D,20220513,000000,0.43,0.44,0.3903,0.411,1034469,0
CYBN.US,D,20220516,000000,0.397,0.4,0.397,0.4,2847,0
CYBN.US,D,20220517,000000,0.4228,0.4887,0.42,0.4849,903548,0
CYBN.US,D,20220518,000000,0.5,0.584,0.49,0.55,1057541,0
CYBN.US,D,20220519,000000,0.55,0.61,0.55,0.57,629814,0
CYBN.US,D,20220520,000000,0.5778,0.6084,0.5769,0.5905,557089,0
CYBN.US,D,20220523,000000,0.71,0.71,0.63,0.68,788655,0
CYBN.US,D,20220524,000000,0.68,0.7,0.6,0.6154,672782,0
CYBN.US,D,20220525,000000,0.6385,0.65,0.61,0.6199,339148,0
CYBN.US,D,20220526,000000,0.62,0.68,0.615,0.6666,496974,0
CYBN.US,D,20220527,000000,0.6855,0.69,0.6,0.6471,449261,0
CYBN.US,D,20220531,000000,0.68,0.7067,0.6605,0.68,399575,0
CYBN.US,D,20220601,000000,0.72,0.72,0.6601,0.6833,498866,0
CYBN.US,D,20220602,000000,0.695,0.7482,0.6856,0.7482,485821,0
CYBN.US,D,20220603,000000,0.76,0.82,0.75,0.785,813854,0
CYBN.US,D,20220606,000000,0.86,0.86,0.75,0.77,751947,0
CYBN.US,D,20220607,000000,0.75,0.7522,0.7,0.7133,690031,0
CYBN.US,D,20220608,000000,0.72,0.74,0.6705,0.69,681482,0
CYBN.US,D,20220609,000000,0.7054,0.709,0.61,0.6312,857039,0
CYBN.US,D,20220610,000000,0.69,0.6926,0.65,0.6701,656719,0
CYBN.US,D,20220613,000000,0.6572,0.68,0.62,0.6392,745844,0
CYBN.US,D,20220614,000000,0.639,0.639,0.5611,0.5683,682064,0
CYBN.US,D,20220615,000000,0.589,0.64,0.565001,0.63,666865,0
CYBN.US,D,20220616,000000,0.63,0.63,0.57,0.5766,368606,0
CYBN.US,D,20220617,000000,0.5725,0.5886,0.57,0.5705,671084,0
CYBN.US,D,20220621,000000,0.57,0.575,0.5326,0.5497,709235,0
CYBN.US,D,20220622,000000,0.542,0.566999,0.54,0.5567,289007,0
CYBN.US,D,20220623,000000,0.5613,0.572,0.545,0.56,322521,0
CYBN.US,D,20220624,000000,0.572,0.5874,0.56,0.5874,348042,0
CYBN.US,D,20220627,000000,0.59,0.64,0.58,0.615,1212714,0
CYBN.US,D,20220628,000000,0.6137,0.615,0.565,0.578,349938,0
CYBN.US,D,20220629,000000,0.5351,0.5647,0.5351,0.5593,604305,0
CYBN.US,D,20220630,000000,0.56,0.5751,0.5301,0.56,288035,0
CYBN.US,D,20220701,000000,0.55,0.58,0.5403,0.563,319949,0
CYBN.US,D,20220705,000000,0.6,0.62,0.545,0.579,439110,0
CYBN.US,D,20220706,000000,0.5849,0.5899,0.56,0.57,297527,0
CYBN.US,D,20220707,000000,0.588,0.61,0.562,0.61,317388,0
CYBN.US,D,20220708,000000,0.6142,0.65,0.6086,0.63,582737,0
CYBN.US,D,20220711,000000,0.64,0.64,0.579,0.579,401167,0
CYBN.US,D,20220712,000000,0.575,0.58,0.555,0.5733,359355,0
CYBN.US,D,20220713,000000,0.6,0.6099,0.5705,0.6,289589,0
CYBN.US,D,20220714,000000,0.6,0.61,0.56,0.6026,423531,0
CYBN.US,D,20220715,000000,0.6046,0.6423,0.5808,0.6012,660959,0
CYBN.US,D,20220718,000000,0.6,0.614,0.5751,0.5896,625722,0
CYBN.US,D,20220719,000000,0.6,0.61,0.56,0.5695,607882,0
CYBN.US,D,20220720,000000,0.58,0.607,0.57,0.59,1045478,0
CYBN.US,D,20220721,000000,0.6,0.61,0.56,0.5825,632910,0
CYBN.US,D,20220722,000000,0.583,0.6,0.5325,0.5639,612828,0
CYBN.US,D,20220725,000000,0.58,0.59,0.549,0.56,627525,0
CYBN.US,D,20220726,000000,0.5657,0.62,0.5,0.54,1338938,0
CYBN.US,D,20220727,000000,0.55,0.57,0.5025,0.54,651462,0
CYBN.US,D,20220728,000000,0.54,0.588,0.536,0.568,803455,0
CYBN.US,D,20220729,000000,0.5809,0.605,0.57,0.5939,826269,0
CYBN.US,D,20220801,000000,0.6099,0.699,0.5947,0.62,1021364,0
CYBN.US,D,20220802,000000,0.63,0.68,0.5803,0.6101,1059414,0
CYBN.US,D,20220803,000000,0.623,0.65,0.58,0.622,742397,0
CYBN.US,D,20220804,000000,0.6369,0.67,0.6101,0.62,734605,0
CYBN.US,D,20220805,000000,0.6386,0.73,0.6386,0.7188,1615792,0
CYBN.US,D,20220808,000000,0.7665,0.8782,0.712,0.715,2305375,0
CYBN.US,D,20220809,000000,0.8295,0.847,0.74,0.79,1002916,0
CYBN.US,D,20220810,000000,0.82,0.85,0.7897,0.85,1303403,0
CYBN.US,D,20220811,000000,0.88,0.89,0.83,0.8566,1105320,0
CYBN.US,D,20220812,000000,0.86,0.9,0.77,0.8,1670043,0
CYBN.US,D,20220815,000000,0.8,0.8449,0.75,0.7587,990502,0
CYBN.US,D,20220816,000000,0.7701,0.8,0.72,0.7735,682180,0
CYBN.US,D,20220817,000000,0.81,0.84,0.778,0.79,2698347,0
CYBN.US,D,20220818,000000,0.8116,0.9447,0.8,0.8986,4676956,0
CYBN.US,D,20220819,000000,0.92,1.06,0.87,0.88,3912820,0
CYBN.US,D,20220822,000000,0.8526,0.87,0.78,0.8144,1309866,0
CYBN.US,D,20220823,000000,0.8388,0.8791,0.8,0.8274,939411,0
CYBN.US,D,20220824,000000,0.82,0.89,0.81,0.87,1463326,0
CYBN.US,D,20220825,000000,0.95,1.03,0.8702,0.9651,1855891,0
CYBN.US,D,20220826,000000,0.99,1.05,0.96,1.01,2210965,0
CYBN.US,D,20220829,000000,1.01,1.06,0.988,1.06,1242641,0
CYBN.US,D,20220830,000000,1.04,1.09,0.98,1.09,1512322,0
CYBN.US,D,20220831,000000,1.11,1.14,1.08,1.11,1347026,0
CYBN.US,D,20220901,000000,1.14,1.14,1.01,1.03,1121762,0
CYBN.US,D,20220902,000000,1.06,1.11,1.01,1.06,828262,0
CYBN.US,D,20220906,000000,1.03,1.11,0.94,0.9686,1440786,0
CYBN.US,D,20220907,000000,0.98,1.03,0.9363,0.9363,887346,0
CYBN.US,D,20220908,000000,0.95,0.9999,0.8673,0.91,1006753,0
CYBN.US,D,20220909,000000,0.91,0.9603,0.82,0.8381,1776481,0
CYBN.US,D,20220912,000000,0.8594,0.9,0.7852,0.8213,1344117,0
CYBN.US,D,20220913,000000,0.8144,0.8399,0.74,0.7552,1051299,0
CYBN.US,D,20220914,000000,0.74,0.775,0.67,0.7242,1459218,0
CYBN.US,D,20220915,000000,0.7206,0.73,0.66,0.6842,1522354,0
CYBN.US,D,20220916,000000,0.68,0.68,0.61,0.621,1890918,0
CYBN.US,D,20220919,000000,0.63,0.675,0.62,0.6516,1159218,0
CYBN.US,D,20220920,000000,0.6875,0.705,0.635,0.6687,1521120,0
CYBN.US,D,20220921,000000,0.65,0.6893,0.6122,0.6254,1066564,0
CYBN.US,D,20220922,000000,0.6221,0.65,0.61,0.611,648649,0
CYBN.US,D,20220923,000000,0.6194,0.636,0.525,0.545,1424367,0
CYBN.US,D,20220926,000000,0.5324,0.567,0.4986,0.5158,1198047,0
CYBN.US,D,20220927,000000,0.56,0.56,0.5021,0.5168,1335494,0
CYBN.US,D,20220928,000000,0.5366,0.5437,0.4825,0.497,1368857,0
CYBN.US,D,20220929,000000,0.5,0.5107,0.47,0.48,933881,0
CYBN.US,D,20220930,000000,0.4779,0.5,0.47,0.484,599807,0
CYBN.US,D,20221003,000000,0.4838,0.5833,0.4838,0.5833,1441813,0
CYBN.US,D,20221004,000000,0.6298,0.6299,0.5843,0.623,840692,0
CYBN.US,D,20221005,000000,0.62,0.65,0.5709,0.631,708579,0
CYBN.US,D,20221006,000000,0.64,0.65,0.6058,0.6399,660474,0
CYBN.US,D,20221007,000000,0.6432,0.6476,0.59,0.6009,657812,0
CYBN.US,D,20221010,000000,0.5902,0.655,0.5902,0.64,631143,0
CYBN.US,D,20221011,000000,0.6404,0.6481,0.5906,0.6,640135,0
CYBN.US,D,20221012,000000,0.6,0.6468,0.5824,0.6114,607446,0
CYBN.US,D,20221013,000000,0.5878,0.62,0.552,0.6,1068588,0
CYBN.US,D,20221014,000000,0.5818,0.61,0.55,0.572,640313,0
CYBN.US,D,20221017,000000,0.5799,0.6097,0.5351,0.5514,926738,0
CYBN.US,D,20221018,000000,0.575,0.59,0.5325,0.5432,818754,0
CYBN.US,D,20221019,000000,0.5361,0.59,0.49,0.527,1307649,0
CYBN.US,D,20221020,000000,0.53,0.556,0.4763,0.4992,974707,0
CYBN.US,D,20221021,000000,0.5134,0.5357,0.4683,0.49,852738,0
CYBN.US,D,20221024,000000,0.5,0.51,0.4569,0.4768,958123,0
CYBN.US,D,20221025,000000,0.4768,0.5,0.459875,0.4778,850062,0
CYBN.US,D,20221026,000000,0.4501,0.48,0.45,0.4674,1083527,0
CYBN.US,D,20221027,000000,0.4779,0.49,0.46,0.4718,1003719,0
CYBN.US,D,20221028,000000,0.47,0.5,0.46,0.47,1024049,0
CYBN.US,D,20221031,000000,0.48,0.4879,0.445,0.4519,905670,0
CYBN.US,D,20221101,000000,0.47,0.4839,0.45,0.4652,1006882,0
CYBN.US,D,20221102,000000,0.474,0.48,0.44,0.46,681690,0
CYBN.US,D,20221103,000000,0.4567,0.48,0.4455,0.468,637496,0
CYBN.US,D,20221104,000000,0.475,0.476,0.43,0.4579,1076500,0
CYBN.US,D,20221107,000000,0.4579,0.4579,0.4,0.455,1162616,0
CYBN.US,D,20221108,000000,0.45,0.48,0.4381,0.4599,1010169,0
CYBN.US,D,20221109,000000,0.45,0.4698,0.42,0.442,1173983,0
CYBN.US,D,20221110,000000,0.4271,0.48,0.42,0.4358,1728984,0
CYBN.US,D,20221111,000000,0.435,0.4611,0.4277,0.46,1353031,0
CYBN.US,D,20221114,000000,0.46,0.4692,0.4409,0.4565,908757,0
CYBN.US,D,20221115,000000,0.469,0.476,0.456,0.4673,789962,0
CYBN.US,D,20221116,000000,0.467,0.4685,0.44,0.441,543795,0
CYBN.US,D,20221117,000000,0.4406,0.45405,0.43,0.4382,449717,0
CYBN.US,D,20221118,000000,0.44,0.45,0.4307,0.435,413060,0
CYBN.US,D,20221121,000000,0.44,0.448,0.4001,0.4001,1148510,0
CYBN.US,D,20221122,000000,0.4143,0.429,0.4101,0.4186,561877,0
CYBN.US,D,20221123,000000,0.43,0.4352,0.406,0.43,822810,0
CYBN.US,D,20221125,000000,0.43,0.44,0.418,0.43,341868,0
CYBN.US,D,20221128,000000,0.4337,0.4337,0.405,0.4095,555255,0
CYBN.US,D,20221129,000000,0.405,0.418999,0.3805,0.3828,1670771,0
CYBN.US,D,20221130,000000,0.3884,0.41,0.36,0.3722,1931619,0
CYBN.US,D,20221201,000000,0.38,0.3888,0.356,0.3649,884069,0
CYBN.US,D,20221202,000000,0.3689,0.38,0.345,0.3569,1243334,0
CYBN.US,D,20221205,000000,0.365,0.375,0.34,0.3534,1210849,0
CYBN.US,D,20221206,000000,0.355,0.355,0.33,0.3373,1164971,0
CYBN.US,D,20221207,000000,0.336,0.3599,0.32,0.3224,969350,0
CYBN.US,D,20221208,000000,0.34,0.35,0.315,0.324,1270279,0
CYBN.US,D,20221209,000000,0.3239,0.34,0.3132,0.332,1296222,0
CYBN.US,D,20221212,000000,0.33,0.335,0.3,0.317,1046568,0
CYBN.US,D,20221213,000000,0.3151,0.32,0.299,0.32,1160932,0
CYBN.US,D,20221214,000000,0.3126,0.3199,0.295,0.31,992315,0
CYBN.US,D,20221215,000000,0.3,0.3042,0.28,0.2981,1123864,0
CYBN.US,D,20221216,000000,0.299,0.3028,0.2649,0.2649,2004400,0
CYBN.US,D,20221219,000000,0.32,0.32,0.285,0.293,1240947,0
CYBN.US,D,20221220,000000,0.2872,0.2949,0.2778,0.2865,877039,0
CYBN.US,D,20221221,000000,0.2925,0.3,0.275,0.3,1192251,0
CYBN.US,D,20221222,000000,0.2858,0.32,0.28,0.32,730981,0
CYBN.US,D,20221223,000000,0.3113,0.325,0.29,0.308,812236,0
CYBN.US,D,20221227,000000,0.291,0.322,0.2795,0.31,1225198,0
CYBN.US,D,20221228,000000,0.3007,0.3125,0.28,0.3042,1030254,0
CYBN.US,D,20221229,000000,0.3042,0.32,0.2813,0.32,1239182,0
CYBN.US,D,20221230,000000,0.3082,0.3082,0.2833,0.2971,1023863,0
CYBN.US,D,20230103,000000,0.3034,0.315,0.2971,0.303,561313,0
CYBN.US,D,20230104,000000,0.3139,0.33,0.303,0.323,896274,0
CYBN.US,D,20230105,000000,0.34,0.3679,0.3241,0.3507,1547780,0
CYBN.US,D,20230106,000000,0.3663,0.4,0.36,0.3939,1942155,0
CYBN.US,D,20230109,000000,0.4146,0.495,0.4146,0.495,3149885,0
CYBN.US,D,20230110,000000,0.5,0.62,0.48,0.5624,4882374,0
CYBN.US,D,20230111,000000,0.5202,0.58,0.4707,0.5186,2082710,0
CYBN.US,D,20230112,000000,0.52,0.5396,0.3801,0.4643,4897669,0
CYBN.US,D,20230113,000000,0.4588,0.49,0.42,0.45,1774115,0
CYBN.US,D,20230117,000000,0.46,0.475,0.4241,0.4665,1784817,0
CYBN.US,D,20230118,000000,0.48,0.5099,0.41,0.45,2080938,0
CYBN.US,D,20230119,000000,0.45,0.45,0.41,0.412,1062779,0
CYBN.US,D,20230120,000000,0.42,0.45,0.4,0.407,1409838,0
CYBN.US,D,20230123,000000,0.4197,0.43,0.3825,0.412,1975858,0
CYBN.US,D,20230124,000000,0.41,0.42,0.3785,0.4019,1579669,0
CYBN.US,D,20230125,000000,0.3942,0.41,0.3669,0.41,1720329,0
CYBN.US,D,20230126,000000,0.418,0.4199,0.385,0.41,1371630,0
CYBN.US,D,20230127,000000,0.41,0.41,0.38,0.3999,1269553,0
CYBN.US,D,20230130,000000,0.39,0.401,0.372,0.385,1448676,0
CYBN.US,D,20230131,000000,0.3881,0.4,0.378,0.388,1239113,0
CYBN.US,D,20230201,000000,0.388,0.45,0.385,0.4359,3967751,0
CYBN.US,D,20230202,000000,0.4598,0.488,0.437,0.4599,2446481,0
CYBN.US,D,20230203,000000,0.455,0.4694,0.4001,0.44,1635138,0
CYBN.US,D,20230206,000000,0.4529,0.4675,0.4285,0.44,1650831,0
CYBN.US,D,20230207,000000,0.4448,0.455,0.42415,0.45,1154286,0
CYBN.US,D,20230208,000000,0.44,0.4648,0.4285,0.45,2576014,0
CYBN.US,D,20230209,000000,0.4546,0.4673,0.4015,0.44,2293272,0
CYBN.US,D,20230210,000000,0.4288,0.43,0.412,0.418,1122260,0
CYBN.US,D,20230213,000000,0.428,0.428,0.39,0.4076,1012546,0
CYBN.US,D,20230214,000000,0.41,0.4149,0.4,0.41,790194,0
CYBN.US,D,20230215,000000,0.416,0.4339,0.4045,0.427,844476,0
CYBN.US,D,20230216,000000,0.4326,0.45,0.42,0.4442,862781,0
CYBN.US,D,20230217,000000,0.45,0.45,0.42,0.4334,833195,0
CYBN.US,D,20230221,000000,0.4398,0.48,0.4255,0.475,2382680,0
CYBN.US,D,20230222,000000,0.482,0.5199,0.4717,0.5099,2239413,0
CYBN.US,D,20230223,000000,0.5154,0.52,0.4501,0.4754,1526049,0
CYBN.US,D,20230224,000000,0.473,0.4999,0.46,0.497,1024642,0
CYBN.US,D,20230227,000000,0.5,0.59,0.5,0.56,3175405,0
CYBN.US,D,20230228,000000,0.5718,0.6,0.453,0.52,4217339,0
CYBN.US,D,20230301,000000,0.5,0.5,0.46,0.475,1608941,0
CYBN.US,D,20230302,000000,0.475,0.496,0.43,0.462,2655621,0
CYBN.US,D,20230303,000000,0.46,0.4792,0.43,0.4595,1492091,0
CYBN.US,D,20230306,000000,0.4561,0.47,0.42,0.4453,1187880,0
CYBN.US,D,20230307,000000,0.4216,0.445,0.39,0.42,2559870,0
CYBN.US,D,20230308,000000,0.41,0.4272,0.396,0.4234,891154,0
CYBN.US,D,20230309,000000,0.415,0.43,0.39,0.41,977487,0
CYBN.US,D,20230310,000000,0.408,0.42,0.3801,0.41,1587511,0
CYBN.US,D,20230313,000000,0.385,0.42,0.38,0.413,1177709,0
CYBN.US,D,20230314,000000,0.4,0.44,0.375,0.4111,1278806,0
CYBN.US,D,20230315,000000,0.3947,0.415,0.3775,0.395,863262,0
CYBN.US,D,20230316,000000,0.3998,0.405,0.3523,0.39,1665919,0
CYBN.US,D,20230317,000000,0.3933,0.4,0.36,0.3899,1013660,0
CYBN.US,D,20230320,000000,0.3723,0.4,0.35,0.3697,1149318,0
CYBN.US,D,20230321,000000,0.3625,0.39,0.36,0.375,1004907,0
CYBN.US,D,20230322,000000,0.3701,0.3989,0.37,0.3947,1259822,0
CYBN.US,D,20230323,000000,0.4022,0.41,0.3889,0.41,868747,0
CYBN.US,D,20230324,000000,0.41,0.41,0.369,0.3949,1330784,0
CYBN.US,D,20230327,000000,0.39,0.394,0.3611,0.375,1002285,0
CYBN.US,D,20230328,000000,0.38,0.39,0.364,0.3798,679477,0
CYBN.US,D,20230329,000000,0.38,0.385,0.3605,0.38,1009994,0
CYBN.US,D,20230330,000000,0.3768,0.3899,0.36,0.38,844841,0
CYBN.US,D,20230331,000000,0.37,0.3899,0.365,0.385,833811,0
CYBN.US,D,20230403,000000,0.379,0.3849,0.365,0.38,629585,0
CYBN.US,D,20230404,000000,0.3662,0.4,0.3662,0.3807,805074,0
CYBN.US,D,20230405,000000,0.3823,0.4,0.37,0.374,716443,0
CYBN.US,D,20230406,000000,0.38,0.4,0.375,0.389,719833,0
CYBN.US,D,20230410,000000,0.39,0.4,0.3719,0.375,731528,0
CYBN.US,D,20230411,000000,0.39,0.39,0.375,0.3851,628793,0
CYBN.US,D,20230412,000000,0.39,0.39,0.37,0.38,783951,0
CYBN.US,D,20230413,000000,0.385,0.387849,0.3714,0.384,628211,0
CYBN.US,D,20230414,000000,0.3886,0.404,0.38,0.3902,1022488,0
CYBN.US,D,20230417,000000,0.385,0.4046,0.3582,0.389,1540805,0
CYBN.US,D,20230418,000000,0.385,0.386,0.3586,0.386,1211192,0
CYBN.US,D,20230419,000000,0.375,0.375,0.3593,0.37,713034,0
CYBN.US,D,20230420,000000,0.376,0.377,0.35,0.371,1013231,0
CYBN.US,D,20230421,000000,0.371,0.371,0.355,0.367,676912,0
CYBN.US,D,20230424,000000,0.3738,0.3738,0.32,0.358,1625847,0
CYBN.US,D,20230425,000000,0.3349,0.3499,0.29,0.33,1840859,0
CYBN.US,D,20230426,000000,0.32,0.3249,0.2951,0.3131,1195472,0
CYBN.US,D,20230427,000000,0.3,0.3166,0.2935,0.3166,744232,0
CYBN.US,D,20230428,000000,0.3138,0.3462,0.3112,0.3462,1138978,0
CYBN.US,D,20230501,000000,0.3463,0.3466,0.3202,0.3449,789139,0
CYBN.US,D,20230502,000000,0.34,0.3449,0.3052,0.3331,965636,0
CYBN.US,D,20230503,000000,0.3331,0.3331,0.299,0.324,963614,0
CYBN.US,D,20230504,000000,0.305,0.3197,0.3008,0.3197,665564,0
CYBN.US,D,20230505,000000,0.32,0.3245,0.294,0.32,1338238,0
CYBN.US,D,20230508,000000,0.32,0.32,0.297,0.3195,990785,0
CYBN.US,D,20230509,000000,0.33,0.33,0.296,0.308,1059205,0
CYBN.US,D,20230510,000000,0.3162,0.3162,0.285,0.302,1068028,0
CYBN.US,D,20230511,000000,0.3037,0.3095,0.2951,0.305,654161,0
CYBN.US,D,20230512,000000,0.3055,0.31,0.2898,0.3025,1174294,0
CYBN.US,D,20230515,000000,0.3039,0.311,0.285,0.3088,802307,0
CYBN.US,D,20230516,000000,0.31,0.313,0.2897,0.31,925179,0
CYBN.US,D,20230517,000000,0.2952,0.3149,0.29,0.302,1251883,0
CYBN.US,D,20230518,000000,0.3019,0.3019,0.28,0.3,1093698,0
CYBN.US,D,20230519,000000,0.2968,0.2987,0.265,0.2949,1480567,0
CYBN.US,D,20230522,000000,0.285,0.2899,0.269,0.28,1101739,0
CYBN.US,D,20230523,000000,0.2803,0.2999,0.27,0.2985,1502705,0
CYBN.US,D,20230524,000000,0.2884,0.299,0.27,0.2899,1521252,0
CYBN.US,D,20230525,000000,0.2701,0.2899,0.2651,0.2775,1186649,0
CYBN.US,D,20230526,000000,0.275,0.2949,0.27,0.2925,1245011,0
CYBN.US,D,20230530,000000,0.2943,0.2985,0.2701,0.284,1718163,0
CYBN.US,D,20230531,000000,0.2812,0.299,0.2552,0.27,2945959,0
CYBN.US,D,20230601,000000,0.27,0.2787,0.252,0.266,2754249,0
CYBN.US,D,20230602,000000,0.2601,0.27,0.2506,0.2667,2133893,0
CYBN.US,D,20230605,000000,0.2731,0.273943,0.25,0.2688,2138607,0
CYBN.US,D,20230606,000000,0.2671,0.268,0.21,0.2522,4087141,0
CYBN.US,D,20230607,000000,0.25,0.253,0.235,0.24,2765682,0
CYBN.US,D,20230608,000000,0.2449,0.2449,0.2278,0.235,2168909,0
CYBN.US,D,20230609,000000,0.2324,0.2419,0.221,0.2419,2112856,0
CYBN.US,D,20230612,000000,0.25,0.25,0.227,0.232,1997584,0
CYBN.US,D,20230613,000000,0.231,0.24,0.225,0.24,1588161,0
CYBN.US,D,20230614,000000,0.241,0.249,0.2334,0.249,1375801,0
CYBN.US,D,20230615,000000,0.253,0.2775,0.25,0.275,2985570,0
CYBN.US,D,20230616,000000,0.2762,0.2899,0.265,0.2772,1705353,0
CYBN.US,D,20230620,000000,0.2887,0.2997,0.28,0.2997,1716262,0
CYBN.US,D,20230621,000000,0.3096,0.3331,0.3062,0.3174,2966111,0
CYBN.US,D,20230622,000000,0.329,0.329,0.2772,0.3045,2248982,0
CYBN.US,D,20230623,000000,0.3016,0.3045,0.266,0.284,2399130,0
CYBN.US,D,20230626,000000,0.2902,0.3,0.282,0.3,1372766,0
CYBN.US,D,20230627,000000,0.31,0.33,0.286,0.33,3259427,0
CYBN.US,D,20230628,000000,0.33,0.3331,0.3155,0.33,1867127,0
CYBN.US,D,20230629,000000,0.336,0.37,0.325393,0.368,2699585,0
CYBN.US,D,20230630,000000,0.3716,0.39,0.361,0.378,2865675,0
CYBN.US,D,20230703,000000,0.391,0.47,0.377,0.448,4145268,0
CYBN.US,D,20230705,000000,0.48,0.53,0.4575,0.49,8235402,0
CYBN.US,D,20230706,000000,0.5,0.5198,0.4,0.48,4809413,0
CYBN.US,D,20230707,000000,0.4768,0.4864,0.43,0.463,2218066,0
CYBN.US,D,20230710,000000,0.4651,0.4799,0.42615,0.4667,2407852,0
CYBN.US,D,20230711,000000,0.4565,0.4565,0.4013,0.44,3525358,0
CYBN.US,D,20230712,000000,0.44,0.49,0.42,0.48,2879890,0
CYBN.US,D,20230713,000000,0.483,0.49,0.4301,0.465,2386094,0
CYBN.US,D,20230714,000000,0.46,0.46,0.42,0.4292,2774960,0
CYBN.US,D,20230717,000000,0.43,0.435,0.41,0.435,1661039,0
CYBN.US,D,20230718,000000,0.425,0.44,0.41,0.4209,1971928,0
CYBN.US,D,20230719,000000,0.4192,0.4215,0.406,0.4215,2003193,0
CYBN.US,D,20230720,000000,0.4143,0.4249,0.3689,0.4001,3018545,0
CYBN.US,D,20230721,000000,0.4,0.4,0.38,0.399,1378286,0
CYBN.US,D,20230724,000000,0.398,0.4059,0.381,0.404,1363264,0
CYBN.US,D,20230725,000000,0.405,0.4199,0.3951,0.41,2275444,0
CYBN.US,D,20230726,000000,0.415,0.4175,0.38,0.395,2161242,0
CYBN.US,D,20230727,000000,0.3995,0.3999,0.3751,0.3885,1441995,0
CYBN.US,D,20230728,000000,0.392,0.392,0.3751,0.3913,1244266,0
CYBN.US,D,20230731,000000,0.385,0.3999,0.375,0.3999,2976172,0
CYBN.US,D,20230801,000000,0.3224,0.335,0.278,0.317,14028673,0
CYBN.US,D,20230802,000000,0.3066,0.3096,0.275,0.29,6211705,0
CYBN.US,D,20230803,000000,0.287,0.307,0.2778,0.307,4064945,0
CYBN.US,D,20230804,000000,0.308,0.36,0.3059,0.34,4615471,0
CYBN.US,D,20230807,000000,0.3436,0.37,0.335,0.3583,2932683,0
CYBN.US,D,20230808,000000,0.36,0.36,0.3301,0.3465,1739037,0
CYBN.US,D,20230809,000000,0.3449,0.3566,0.3351,0.3477,1954203,0
CYBN.US,D,20230810,000000,0.36,0.36,0.3367,0.3495,1584825,0
CYBN.US,D,20230811,000000,0.3443,0.3487,0.312,0.327,2240206,0
CYBN.US,D,20230814,000000,0.3356,0.3498,0.3226,0.34,1970872,0
CYBN.US,D,20230815,000000,0.3388,0.34,0.312,0.323,2682296,0
CYBN.US,D,20230816,000000,0.323,0.325,0.301,0.323,2356494,0
CYBN.US,D,20230817,000000,0.3333,0.3333,0.3105,0.3275,1537279,0
CYBN.US,D,20230818,000000,0.3205,0.3225,0.301,0.32,2250588,0
CYBN.US,D,20230821,000000,0.3176,0.3249,0.3,0.3127,1987962,0
CYBN.US,D,20230822,000000,0.307,0.31,0.3,0.3099,1790987,0
CYBN.US,D,20230823,000000,0.305,0.3149,0.3002,0.3056,1915943,0
CYBN.US,D,20230824,000000,0.3014,0.313,0.2942,0.306,2328051,0
CYBN.US,D,20230825,000000,0.3025,0.306,0.295,0.3,1551641,0
CYBN.US,D,20230828,000000,0.2899,0.33,0.2899,0.3153,3727099,0
CYBN.US,D,20230829,000000,0.3175,0.325,0.293,0.3089,2584920,0
CYBN.US,D,20230830,000000,0.3092,0.3099,0.3,0.3089,954852,0
CYBN.US,D,20230831,000000,0.3094,0.3105,0.3,0.3105,1414921,0
CYBN.US,D,20230901,000000,0.31,0.3148,0.3013,0.311,2114565,0
CYBN.US,D,20230905,000000,0.32,0.3232,0.31,0.32,2839238,0
CYBN.US,D,20230906,000000,0.314,0.3184,0.3106,0.313,1545941,0
CYBN.US,D,20230907,000000,0.3106,0.32,0.3059,0.319,1498504,0
CYBN.US,D,20230908,000000,0.3199,0.33,0.31,0.33,2274210,0
CYBN.US,D,20230911,000000,0.33,0.3325,0.3101,0.3298,1518010,0
CYBN.US,D,20230912,000000,0.3269,0.3299,0.316,0.3299,1375715,0
CYBN.US,D,20230913,000000,0.329,0.3349,0.32,0.3296,1734907,0
CYBN.US,D,20230914,000000,0.33,0.333,0.3,0.33,20629199,0
CYBN.US,D,20230915,000000,0.33,0.3349,0.3205,0.33,1905472,0
CYBN.US,D,20230918,000000,0.34,0.47,0.3385,0.46,21210491,0
CYBN.US,D,20230919,000000,0.4552,0.459,0.38,0.44,10089124,0
CYBN.US,D,20230920,000000,0.4403,0.4998,0.4205,0.4256,11404317,0
CYBN.US,D,20230921,000000,0.4502,0.49,0.4411,0.49,7942888,0
CYBN.US,D,20230922,000000,0.5,0.58,0.4912,0.55,15783626,0
CYBN.US,D,20230925,000000,0.56,0.65,0.5574,0.6304,13532511,0
CYBN.US,D,20230926,000000,0.672,0.715,0.515,0.58,14964723,0
CYBN.US,D,20230927,000000,0.5879,0.6199,0.5,0.5473,6667960,0
CYBN.US,D,20230928,000000,0.5412,0.5417,0.4808,0.4884,4846418,0
CYBN.US,D,20230929,000000,0.4895,0.5447,0.48,0.5314,4009170,0
CYBN.US,D,20231002,000000,0.5495,0.5997,0.521,0.57,5724305,0
CYBN.US,D,20231003,000000,0.58,0.5825,0.525,0.5392,3234807,0
CYBN.US,D,20231004,000000,0.54,0.55,0.5,0.5222,2847202,0
CYBN.US,D,20231005,000000,0.5157,0.54,0.5025,0.535,1365545,0
CYBN.US,D,20231006,000000,0.5306,0.5664,0.5247,0.564,2207896,0
CYBN.US,D,20231009,000000,0.5749,0.67,0.5713,0.6178,10233205,0
CYBN.US,D,20231010,000000,0.65,0.65,0.6,0.635,3809289,0
CYBN.US,D,20231011,000000,0.66,0.68,0.6231,0.632,4193469,0
CYBN.US,D,20231012,000000,0.63,0.6495,0.553,0.6,4665898,0
CYBN.US,D,20231013,000000,0.6,0.6,0.55,0.5762,2485429,0
CYBN.US,D,20231016,000000,0.568,0.575,0.55,0.572,1978147,0
CYBN.US,D,20231017,000000,0.5666,0.5666,0.511,0.5364,2547052,0
CYBN.US,D,20231018,000000,0.53,0.53,0.5,0.5065,2980157,0
CYBN.US,D,20231019,000000,0.5061,0.5191,0.495,0.509,2016559,0
CYBN.US,D,20231020,000000,0.5067,0.515,0.4669,0.485,3490605,0
CYBN.US,D,20231023,000000,0.4942,0.495,0.46,0.4825,1583078,0
CYBN.US,D,20231024,000000,0.4843,0.484699,0.42,0.4405,3873522,0
CYBN.US,D,20231025,000000,0.46,0.53,0.4551,0.4894,4367864,0
CYBN.US,D,20231026,000000,0.514,0.56,0.51,0.5511,3582126,0
CYBN.US,D,20231027,000000,0.56,0.62,0.55,0.619,6670991,0
CYBN.US,D,20231030,000000,0.625,0.659,0.544,0.6063,4979998,0
CYBN.US,D,20231031,000000,0.6751,0.738,0.615,0.647,17160476,0
CYBN.US,D,20231101,000000,0.6561,0.6561,0.567,0.571,6094459,0
CYBN.US,D,20231102,000000,0.62,0.62,0.57,0.5894,2557856,0
CYBN.US,D,20231103,000000,0.59,0.605,0.5726,0.5955,2236129,0
CYBN.US,D,20231106,000000,0.5594,0.5872,0.5222,0.57,3828308,0
CYBN.US,D,20231107,000000,0.5677,0.5694,0.5331,0.546,2783695,0
CYBN.US,D,20231108,000000,0.54,0.542,0.5023,0.5159,3126939,0
CYBN.US,D,20231109,000000,0.4987,0.52,0.495,0.5054,2730983,0
CYBN.US,D,20231110,000000,0.4425,0.46,0.3987,0.428,13289836,0
CYBN.US,D,20231113,000000,0.4563,0.489,0.43,0.472,5510672,0
CYBN.US,D,20231114,000000,0.471,0.48,0.43,0.46,5194042,0
CYBN.US,D,20231115,000000,0.461,0.469,0.4401,0.455,2581015,0
CYBN.US,D,20231116,000000,0.4519,0.4749,0.435,0.4492,3913394,0
CYBN.US,D,20231117,000000,0.44,0.4508,0.431,0.45,3514023,0
CYBN.US,D,20231120,000000,0.4592,0.46,0.4451,0.4515,2839067,0
CYBN.US,D,20231121,000000,0.46,0.4695,0.4505,0.4672,2386434,0
CYBN.US,D,20231122,000000,0.4625,0.4675,0.4487,0.4597,2384026,0
CYBN.US,D,20231124,000000,0.46,0.47,0.4597,0.462,1278601,0
CYBN.US,D,20231127,000000,0.47,0.4913,0.4655,0.4846,4580537,0
CYBN.US,D,20231128,000000,0.4926,0.57,0.485,0.508,6203082,0
CYBN.US,D,20231129,000000,0.52,0.5328,0.465,0.479,6603986,0
CYBN.US,D,20231130,000000,0.49,0.49,0.4336,0.4501,7477047,0
CYBN.US,D,20231201,000000,0.4461,0.46,0.4319,0.46,4375345,0
CYBN.US,D,20231204,000000,0.45,0.4548,0.4309,0.4473,3666293,0
CYBN.US,D,20231205,000000,0.44,0.442,0.404,0.4345,5615212,0
CYBN.US,D,20231206,000000,0.423,0.433,0.4102,0.43,2419689,0
CYBN.US,D,20231207,000000,0.4208,0.4289,0.4,0.415,2949570,0
CYBN.US,D,20231208,000000,0.41,0.4185,0.401,0.414,2833795,0
CYBN.US,D,20231211,000000,0.419,0.4238,0.39,0.4025,4240109,0
CYBN.US,D,20231212,000000,0.3918,0.4095,0.39,0.401,2598085,0
CYBN.US,D,20231213,000000,0.398,0.408,0.39,0.3905,4202883,0
CYBN.US,D,20231214,000000,0.395,0.4151,0.3888,0.4151,3323755,0
CYBN.US,D,20231215,000000,0.415,0.43,0.3963,0.4225,3805286,0
CYBN.US,D,20231218,000000,0.415,0.43,0.4005,0.4107,2748124,0
CYBN.US,D,20231219,000000,0.4028,0.4107,0.395,0.3999,2744609,0
CYBN.US,D,20231220,000000,0.4,0.405,0.3799,0.39,4284316,0
CYBN.US,D,20231221,000000,0.395,0.4,0.3781,0.3842,1769180,0
CYBN.US,D,20231222,000000,0.3862,0.41,0.3842,0.41,3680193,0
CYBN.US,D,20231226,000000,0.4176,0.4176,0.4008,0.4065,1679708,0
CYBN.US,D,20231227,000000,0.41,0.41,0.395,0.4091,1861862,0
CYBN.US,D,20231228,000000,0.4025,0.405,0.3968,0.404,1681671,0
CYBN.US,D,20231229,000000,0.4026,0.41,0.3903,0.41,1757374,0
CYBN.US,D,20240102,000000,0.41,0.415,0.3907,0.4,2877438,0
CYBN.US,D,20240103,000000,0.4,0.4,0.384,0.384,2812761,0
CYBN.US,D,20240104,000000,0.3865,0.4,0.384,0.4,2887402,0
CYBN.US,D,20240105,000000,0.4,0.415,0.4,0.405,2371656,0
CYBN.US,D,20240108,000000,0.4,0.405,0.38,0.3916,4676561,0
CYBN.US,D,20240109,000000,0.3959,0.41,0.3864,0.41,4373655,0
CYBN.US,D,20240110,000000,0.41,0.445,0.41,0.4446,6188369,0
CYBN.US,D,20240111,000000,0.44,0.45,0.416,0.42,3122557,0
CYBN.US,D,20240112,000000,0.42,0.4205,0.382,0.405,6066770,0
CYBN.US,D,20240116,000000,0.4,0.4001,0.381,0.381,3194153,0
CYBN.US,D,20240117,000000,0.3839,0.4,0.37,0.381,2964873,0
CYBN.US,D,20240118,000000,0.3892,0.3939,0.3384,0.36,5027225,0
CYBN.US,D,20240119,000000,0.38,0.39,0.345,0.366,4170776,0
CYBN.US,D,20240122,000000,0.3688,0.38,0.3613,0.38,2925116,0
CYBN.US,D,20240123,000000,0.38,0.389,0.376,0.3813,3062688,0
CYBN.US,D,20240124,000000,0.38,0.385,0.34,0.368,6378463,0
CYBN.US,D,20240125,000000,0.3645,0.3745,0.3404,0.362,4258248,0
CYBN.US,D,20240126,000000,0.3598,0.37,0.35,0.37,2065926,0
CYBN.US,D,20240129,000000,0.3712,0.3796,0.3536,0.3759,2573043,0
CYBN.US,D,20240130,000000,0.371,0.3759,0.365,0.3707,1971962,0
CYBN.US,D,20240131,000000,0.37,0.38,0.3638,0.38,1624784,0
CYBN.US,D,20240201,000000,0.366,0.3725,0.3581,0.364,2802353,0
CYBN.US,D,20240202,000000,0.3652,0.374,0.3441,0.3531,4054431,0
CYBN.US,D,20240205,000000,0.3451,0.355,0.33,0.344,3245775,0
CYBN.US,D,20240206,000000,0.344,0.3449,0.3125,0.3299,6332663,0
CYBN.US,D,20240207,000000,0.3346,0.3346,0.2831,0.3,9303068,0
CYBN.US,D,20240208,000000,0.3,0.3324,0.2926,0.332,4764895,0
CYBN.US,D,20240209,000000,0.3324,0.339,0.321,0.3223,2282927,0
CYBN.US,D,20240212,000000,0.3401,0.3571,0.335,0.3571,3480450,0
CYBN.US,D,20240213,000000,0.355,0.3594,0.338,0.3594,2300348,0
CYBN.US,D,20240214,000000,0.3547,0.3547,0.331,0.347,2702116,0
CYBN.US,D,20240215,000000,0.347,0.347,0.3211,0.34,2876931,0
CYBN.US,D,20240216,000000,0.34,0.344899,0.3302,0.3372,1770500,0
CYBN.US,D,20240220,000000,0.3437,0.37,0.338,0.37,4396761,0
CYBN.US,D,20240221,000000,0.37,0.3825,0.3619,0.3825,3051694,0
CYBN.US,D,20240222,000000,0.384,0.3977,0.3799,0.3977,3581678,0
CYBN.US,D,20240223,000000,0.4,0.4,0.355,0.375,3063292,0
CYBN.US,D,20240226,000000,0.3721,0.3722,0.345,0.3501,2880675,0
CYBN.US,D,20240227,000000,0.3502,0.350901,0.3367,0.348,3079875,0
CYBN.US,D,20240228,000000,0.3443,0.365,0.34,0.3478,2790003,0
CYBN.US,D,20240229,000000,0.347,0.3525,0.3415,0.348,2218150,0
CYBN.US,D,20240301,000000,0.3415,0.3559,0.333,0.335,4008196,0
CYBN.US,D,20240304,000000,0.335,0.349,0.317,0.33,3994033,0
CYBN.US,D,20240305,000000,0.3299,0.3299,0.3125,0.32,3009080,0
CYBN.US,D,20240306,000000,0.32,0.3229,0.3081,0.3194,2869427,0
CYBN.US,D,20240307,000000,0.3196,0.3699,0.3194,0.3682,9882566,0
CYBN.US,D,20240308,000000,0.3741,0.403,0.3682,0.3905,9426982,0
CYBN.US,D,20240311,000000,0.3902,0.3995,0.375,0.399,5247272,0
CYBN.US,D,20240312,000000,0.3767,0.4465,0.3767,0.44,12902015,0
CYBN.US,D,20240313,000000,0.52,0.5224,0.401,0.42,45512712,0
CYBN.US,D,20240314,000000,0.45,0.4749,0.42,0.429,13711089,0
CYBN.US,D,20240315,000000,0.4358,0.4697,0.43,0.46,13798357,0
CYBN.US,D,20240318,000000,0.46,0.461,0.425,0.45,8232080,0
CYBN.US,D,20240319,000000,0.45,0.45,0.432,0.4425,5540143,0
CYBN.US,D,20240320,000000,0.45,0.45,0.398,0.42,12418346,0
CYBN.US,D,20240321,000000,0.42,0.4253,0.4,0.4075,5879612,0
CYBN.US,D,20240322,000000,0.4117,0.4174,0.392,0.4174,6609328,0
CYBN.US,D,20240325,000000,0.4241,0.445,0.417,0.428,5528647,0
CYBN.US,D,20240326,000000,0.44,0.447,0.4233,0.4292,3907673,0
CYBN.US,D,20240327,000000,0.4266,0.435,0.42415,0.43,2962534,0
CYBN.US,D,20240328,000000,0.4296,0.4299,0.401,0.4135,5676012,0
CYBN.US,D,20240401,000000,0.4202,0.4273,0.41,0.4241,3767006,0
CYBN.US,D,20240402,000000,0.4206,0.423,0.4017,0.4196,2955744,0
CYBN.US,D,20240403,000000,0.4169,0.4699,0.41,0.4631,12586115,0
CYBN.US,D,20240404,000000,0.46,0.46,0.4082,0.424,7567008,0
CYBN.US,D,20240405,000000,0.4254,0.4275,0.415,0.4151,2644221,0
CYBN.US,D,20240408,000000,0.4241,0.4355,0.4106,0.435,4955641,0
CYBN.US,D,20240409,000000,0.42,0.4298,0.4135,0.4251,2289133,0
CYBN.US,D,20240410,000000,0.4195,0.42,0.383,0.4,6721260,0
CYBN.US,D,20240411,000000,0.4043,0.408,0.3788,0.38,4497607,0
CYBN.US,D,20240412,000000,0.3822,0.3925,0.3557,0.366,7443550,0
CYBN.US,D,20240415,000000,0.3741,0.3797,0.3608,0.3708,2834351,0
CYBN.US,D,20240416,000000,0.377,0.3797,0.3513,0.3796,3767037,0
CYBN.US,D,20240417,000000,0.3795,0.3795,0.3662,0.3754,2083486,0
CYBN.US,D,20240418,000000,0.376,0.3799,0.3616,0.3699,1758327,0
CYBN.US,D,20240419,000000,0.3608,0.373,0.36,0.3677,1775167,0
CYBN.US,D,20240422,000000,0.3623,0.38,0.355,0.3604,2295329,0
CYBN.US,D,20240423,000000,0.3595,0.3604,0.3513,0.355,3048087,0
CYBN.US,D,20240424,000000,0.3521,0.359,0.3372,0.355,3514306,0
CYBN.US,D,20240425,000000,0.3501,0.3501,0.34,0.346,2955743,0
CYBN.US,D,20240426,000000,0.35,0.3519,0.341,0.35,2190459,0
CYBN.US,D,20240429,000000,0.3507,0.3507,0.34,0.35,2738229,0
CYBN.US,D,20240430,000000,0.3468,0.3505,0.3372,0.35,3643014,0
CYBN.US,D,20240501,000000,0.34,0.35,0.337,0.35,2912254,0
CYBN.US,D,20240502,000000,0.351,0.3515,0.342,0.35,1608850,0
CYBN.US,D,20240503,000000,0.3526,0.3589,0.3451,0.35,2756904,0
CYBN.US,D,20240506,000000,0.3602,0.3798,0.3562,0.368,4895337,0
CYBN.US,D,20240507,000000,0.37,0.372,0.36,0.369,2077291,0
CYBN.US,D,20240508,000000,0.37,0.373,0.362,0.37,1488195,0
CYBN.US,D,20240509,000000,0.366,0.3738,0.363,0.3738,1543006,0
CYBN.US,D,20240510,000000,0.38,0.38,0.3422,0.3625,4481326,0
CYBN.US,D,20240513,000000,0.3654,0.3654,0.3303,0.3439,4108621,0
CYBN.US,D,20240514,000000,0.3359,0.3487,0.332,0.3418,3374664,0
CYBN.US,D,20240515,000000,0.34,0.35,0.335,0.35,2921879,0
CYBN.US,D,20240516,000000,0.35,0.3526,0.34,0.352,2313894,0
CYBN.US,D,20240517,000000,0.3502,0.3502,0.34,0.35,2136501,0
CYBN.US,D,20240520,000000,0.35,0.351,0.3415,0.351,1844702,0
CYBN.US,D,20240521,000000,0.35,0.3549,0.343,0.3549,1562549,0
CYBN.US,D,20240522,000000,0.35,0.3599,0.342,0.3599,2007097,0
CYBN.US,D,20240523,000000,0.3563,0.3563,0.338,0.3489,2349565,0
CYBN.US,D,20240524,000000,0.3498,0.3561,0.3408,0.3561,2338246,0
CYBN.US,D,20240528,000000,0.3567,0.3599,0.3415,0.3499,2780354,0
CYBN.US,D,20240529,000000,0.3487,0.3502,0.337,0.3495,1805782,0
CYBN.US,D,20240530,000000,0.344,0.3509,0.3402,0.3496,1967483,0
CYBN.US,D,20240531,000000,0.35,0.3515,0.342,0.35,1643195,0
CYBN.US,D,20240603,000000,0.3475,0.35,0.341,0.3447,2560712,0
CYBN.US,D,20240604,000000,0.3435,0.3462,0.33,0.332,2733697,0
CYBN.US,D,20240605,000000,0.2963,0.3049,0.285,0.3,15290412,0
CYBN.US,D,20240606,000000,0.3005,0.3005,0.27,0.2896,12179814,0
CYBN.US,D,20240607,000000,0.2815,0.2898,0.27,0.2898,6844119,0
CYBN.US,D,20240610,000000,0.282,0.2898,0.2711,0.2839,4992591,0
CYBN.US,D,20240611,000000,0.2795,0.3122,0.279,0.3033,6243970,0
CYBN.US,D,20240612,000000,0.305,0.32,0.2897,0.299,4799236,0
CYBN.US,D,20240613,000000,0.2972,0.2981,0.2804,0.29,3144164,0
CYBN.US,D,20240614,000000,0.29,0.29,0.275,0.2892,5496888,0
CYBN.US,D,20240617,000000,0.2756,0.278,0.268,0.2718,4256983,0
CYBN.US,D,20240618,000000,0.275,0.2763,0.2692,0.272,2182896,0
CYBN.US,D,20240620,000000,0.27,0.2715,0.26,0.2666,5073147,0
CYBN.US,D,20240621,000000,0.2665,0.2671,0.25,0.264,6735931,0
CYBN.US,D,20240624,000000,0.2656,0.2684,0.2515,0.264,6478415,0
CYBN.US,D,20240625,000000,0.2586,0.2655,0.25,0.264,5705950,0
CYBN.US,D,20240626,000000,0.2558,0.2642,0.251,0.2642,5588358,0
CYBN.US,D,20240627,000000,0.264,0.2739,0.2475,0.2645,10501410,0
CYBN.US,D,20240628,000000,0.29,0.29,0.2581,0.271,8375117,0
CYBN.US,D,20240701,000000,0.28,0.28,0.2515,0.265,4350796,0
CYBN.US,D,20240702,000000,0.2614,0.2649,0.2535,0.2649,3426406,0
CYBN.US,D,20240703,000000,0.262,0.2645,0.2517,0.2645,2874141,0
CYBN.US,D,20240705,000000,0.2614,0.2645,0.25211,0.2645,4514832,0
CYBN.US,D,20240708,000000,0.2547,0.2645,0.2475,0.2645,8667434,0
CYBN.US,D,20240709,000000,0.2603,0.265,0.255,0.2648,3074328,0
CYBN.US,D,20240710,000000,0.264,0.2678,0.260301,0.2645,2706885,0
CYBN.US,D,20240711,000000,0.2636,0.2982,0.262,0.2898,8718154,0
CYBN.US,D,20240712,000000,0.2928,0.33,0.2761,0.32,11110646,0
CYBN.US,D,20240715,000000,0.33,0.336,0.3063,0.3249,5753303,0
CYBN.US,D,20240716,000000,0.3282,0.3282,0.305,0.315,4912352,0
CYBN.US,D,20240717,000000,0.3114,0.3132,0.3009,0.309,2433523,0
CYBN.US,D,20240718,000000,0.3042,0.3142,0.2929,0.3,2506890,0
CYBN.US,D,20240719,000000,0.3,0.3,0.2733,0.2999,3293581,0
CYBN.US,D,20240722,000000,0.2974,0.3,0.26,0.2849,6291102,0
CYBN.US,D,20240723,000000,0.2749,0.2959,0.2721,0.2954,3094149,0
CYBN.US,D,20240724,000000,0.295,0.295,0.27801,0.2845,2310132,0
CYBN.US,D,20240725,000000,0.2824,0.2916,0.272,0.2854,3446935,0
CYBN.US,D,20240726,000000,0.282,0.2874,0.2805,0.2869,2171299,0
CYBN.US,D,20240729,000000,0.2915,0.2959,0.2788,0.2886,5162855,0
CYBN.US,D,20240730,000000,0.2886,0.2886,0.272,0.273,5896876,0
CYBN.US,D,20240731,000000,0.275,0.2797,0.2702,0.2797,4283821,0
CYBN.US,D,20240801,000000,0.2797,0.282,0.2665,0.2766,2710946,0
CYBN.US,D,20240802,000000,0.2685,0.27,0.258,0.27,3496488,0
CYBN.US,D,20240805,000000,0.2675,0.2675,0.24,0.265,7923797,0
CYBN.US,D,20240806,000000,0.2662,0.2662,0.2551,0.2649,2847415,0
CYBN.US,D,20240807,000000,0.2649,0.27,0.2491,0.2649,6508215,0
CYBN.US,D,20240808,000000,0.2688,0.2727,0.2525,0.271,2835013,0
CYBN.US,D,20240809,000000,0.265,0.2697,0.2561,0.2647,2636745,0
CYBN.US,D,20240812,000000,0.256,0.2645,0.2501,0.2645,5209072,0
CYBN.US,D,20240813,000000,0.261,0.265,0.25,0.2648,6167488,0
CYBN.US,D,20240814,000000,0.26,0.265,0.25,0.2647,4717143,0
CYBN.US,D,20240815,000000,0.26,0.2646,0.2532,0.2646,5299506,0
CYBN.US,D,20240816,000000,0.2586,0.264,0.245,0.264,9117263,0
CYBN.US,D,20240819,000000,0.26,0.266,0.253,0.265,6165577,0
CYBN.US,D,20240820,000000,0.264,0.2669,0.254,0.264,5583466,0
CYBN.US,D,20240821,000000,0.2571,0.2671,0.2551,0.2645,4297187,0
CYBN.US,D,20240822,000000,0.264,0.2673,0.2582,0.2673,3193465,0
CYBN.US,D,20240823,000000,0.2671,0.274,0.265,0.268,3661499,0
CYBN.US,D,20240826,000000,0.271,0.271,0.2627,0.2666,4099358,0
CYBN.US,D,20240827,000000,0.2674,0.2679,0.2567,0.266,3119684,0
CYBN.US,D,20240828,000000,0.253,0.2655,0.22995,0.2643,23168757,0
CYBN.US,D,20240829,000000,0.2525,0.26,0.244,0.2562,12918856,0
CYBN.US,D,20240830,000000,0.25,0.265,0.2467,0.255,6510244,0
CYBN.US,D,20240903,000000,0.2549,0.259,0.2411,0.2411,3826295,0
CYBN.US,D,20240904,000000,0.2411,0.241588,0.2313,0.2338,4056966,0
CYBN.US,D,20240905,000000,0.23,0.2328,0.1739,0.2183,10084883,0
CYBN.US,D,20240906,000000,0.2154,0.216299,0.21,0.2102,3756815,0
CYBN.US,D,20240909,000000,0.2103,0.2143,0.2033,0.206,4659163,0
CYBN.US,D,20240910,000000,0.2043,0.21,0.182,0.21,9170549,0
CYBN.US,D,20240911,000000,0.1951,0.21,0.1906,0.2069,4193987,0
CYBN.US,D,20240912,000000,0.2093,0.2097,0.1843,0.2009,4922981,0
CYBN.US,D,20240913,000000,0.2033,0.2038,0.1951,0.2,2890316,0
CYBN.US,D,20240916,000000,0.2,0.2001,0.191,0.2,3045258,0
CYBN.US,D,20240917,000000,0.2008,0.206,0.195,0.1999,3210728,0
CYBN.US,D,20240918,000000,0.2011,0.204,0.19,0.204,3547630,0
CYBN.US,D,20240919,000000,7.2,8.56,6.5,8.56,571556,0
CYBN.US,D,20240920,000000,8.42,9.6,8.42,9.18,725552,0
CYBN.US,D,20240923,000000,9.18,9.63,8.93,9.63,276801,0
CYBN.US,D,20240924,000000,9.69,10.628,9.515,10,479406,0
CYBN.US,D,20240925,000000,9.96,10.62,9.9,10.34,804416,0
CYBN.US,D,20240926,000000,10.33,10.35,9.42,9.88,325868,0
CYBN.US,D,20240927,000000,9.66,9.75,9.2,9.6,329618,0
CYBN.US,D,20240930,000000,9.39,9.69,8.8,8.89,455727,0
CYBN.US,D,20241001,000000,8.95,9.1,8.7,8.84,163550,0
CYBN.US,D,20241002,000000,8.85,9.26,8.2852,8.9,188537,0
CYBN.US,D,20241003,000000,8.86,8.95,8.6001,8.84,79433,0
CYBN.US,D,20241004,000000,8.96,9.5,8.75,9.25,92270,0
CYBN.US,D,20241007,000000,9.32,9.35,8.86,8.96,93059,0
CYBN.US,D,20241008,000000,9,9.2,8.97,9.13,50374,0
CYBN.US,D,20241009,000000,9.14,9.14,8.91,9.1,76384,0
CYBN.US,D,20241010,000000,9.14,9.76,9.1099,9.64,135526,0
CYBN.US,D,20241011,000000,9.68,9.8,9.54,9.78,159449,0
CYBN.US,D,20241014,000000,9.3,9.8424,9.3,9.82,112238,0
CYBN.US,D,20241015,000000,9.66,9.7289,9.54,9.68,122367,0
CYBN.US,D,20241016,000000,9.69,10.58,9.5691,10.58,386864,0
CYBN.US,D,20241017,000000,10.7,10.75,10.24,10.45,153652,0
CYBN.US,D,20241018,000000,10.47,11.5932,10.3,11.41,252732,0
CYBN.US,D,20241021,000000,11.44,11.6597,10.52,10.92,202545,0
CYBN.US,D,20241022,000000,10.86,11.37,10.8,11.37,112030,0
CYBN.US,D,20241023,000000,11.28,11.28,10.72,10.93,138506,0
CYBN.US,D,20241024,000000,10.7,10.8899,10.51,10.74,116656,0
CYBN.US,D,20241025,000000,10.8,10.8,10.26,10.41,89267,0
CYBN.US,D,20241028,000000,10.28,10.67,10.15,10.67,102582,0
CYBN.US,D,20241029,000000,10.54,10.96,10.34,10.5,82461,0
CYBN.US,D,20241030,000000,10.34,10.4991,9.62,9.91,143429,0
CYBN.US,D,20241031,000000,9.93,10.03,9.7,10.03,86737,0
CYBN.US,D,20241101,000000,9.99,10.2,9.8,9.99,45794,0
CYBN.US,D,20241104,000000,10.03,10.15,9.8455,10.12,60503,0
CYBN.US,D,20241105,000000,9.96,10.1831,9.94,10.15,57600,0
CYBN.US,D,20241106,000000,10.45,10.7988,9.89,9.94,268914,0
CYBN.US,D,20241107,000000,10.05,11.515,10,11.4,395431,0
CYBN.US,D,20241108,000000,11.38,12,10.51,10.78,532032,0
CYBN.US,D,20241111,000000,11,12.8,10.86,12,635415,0
CYBN.US,D,20241112,000000,12.28,12.28,11.4,11.7,311616,0
CYBN.US,D,20241113,000000,12,12.13,10.255,10.5,493349,0
CYBN.US,D,20241114,000000,10.92,11.47,10.535,11,650688,0
CYBN.US,D,20241115,000000,11.82,12.948,11.3,11.6,2158838,0
CYBN.US,D,20241118,000000,13.4,13.88,10.36,10.6,2977326,0
CYBN.US,D,20241119,000000,11.14,12,10.8,11,932383,0
CYBN.US,D,20241120,000000,11.42,11.48,10.93,11.16,324792,0
CYBN.US,D,20241121,000000,11.25,11.39,9.95,10.16,965777,0
CYBN.US,D,20241122,000000,10.265,10.33,9.1612,9.82,884749,0
CYBN.US,D,20241125,000000,10,10.9,9.85,10.64,510719,0
CYBN.US,D,20241126,000000,10.59,10.9,10.38,10.71,279658,0
CYBN.US,D,20241127,000000,10.68,10.75,10.2,10.25,204919,0
CYBN.US,D,20241129,000000,10.43,11.025,10.28,10.38,291239,0
CYBN.US,D,20241202,000000,10.57,10.995,10,10,331195,0
CYBN.US,D,20241203,000000,10.235,11.08,9.95,10.57,467387,0
CYBN.US,D,20241204,000000,10.662,10.68,10.26,10.43,232560,0
CYBN.US,D,20241205,000000,10.47,10.69,10.21,10.64,190766,0
CYBN.US,D,20241206,000000,10.5,10.8,10.44,10.8,201191,0
CYBN.US,D,20241209,000000,10.8,10.8,10.26,10.45,221150,0
CYBN.US,D,20241210,000000,10.46,10.61,10.14,10.32,179080,0
CYBN.US,D,20241211,000000,10.325,10.37,10.025,10.28,178406,0
CYBN.US,D,20241212,000000,10.17,10.3,9.71,10.04,242070,0
CYBN.US,D,20241213,000000,10,10.04,9.5,9.78,234627,0
CYBN.US,D,20241216,000000,9.81,10.0625,9.74,9.91,148608,0
CYBN.US,D,20241217,000000,9.925,9.9513,9.33,9.47,190992,0
CYBN.US,D,20241218,000000,9.47,9.69,9.2,9.46,240613,0
CYBN.US,D,20241219,000000,9.33,9.6,9.16,9.32,224309,0
CYBN.US,D,20241220,000000,9.2735,9.67,9.11,9.61,393947,0
CYBN.US,D,20241223,000000,9.63,9.63,9.36,9.54,164295,0
CYBN.US,D,20241224,000000,9.475,9.53,9.35,9.53,105124,0
CYBN.US,D,20241226,000000,9.5,9.62,8.974,9.06,246960,0
CYBN.US,D,20241227,000000,9.26,9.5,8.975,9.15,195374,0
CYBN.US,D,20241230,000000,9,9.15,8.386,9,375885,0
CYBN.US,D,20241231,000000,8.92,9.12,8.65,8.82,211572,0
CYBN.US,D,20250102,000000,8.933,9.44,8.867,9.41,228201,0
CYBN.US,D,20250103,000000,9.43,10.3,9.41,10.1,228292,0
CYBN.US,D,20250106,000000,10.125,10.65,10.125,10.65,206199,0
CYBN.US,D,20250107,000000,10.73,10.73,9.86,10.03,252308,0
CYBN.US,D,20250108,000000,9.93,9.975,9.3301,9.56,184550,0
CYBN.US,D,20250110,000000,9.48,9.56,8.82,8.89,215092,0
