<TICKER>,<PER>,<DATE>,<TIME>,<OPEN>,<HIGH>,<LOW>,<CLOSE>,<VOL>,<OPENINT>
JWSMF.US,D,20210330,000000,9.9,9.95,9.74,9.89,127936,0
JWSMF.US,D,20210331,000000,9.99,9.99,9.85,9.88,21833,0
JWSMF.US,D,20210401,000000,9.87,9.94,9.87,9.9,28806,0
JWSMF.US,D,20210405,000000,9.91,9.99,9.87,9.99,51901,0
JWSMF.US,D,20210406,000000,9.95,9.96,9.93,9.95,152548,0
JWSMF.US,D,20210407,000000,9.94,9.9725,9.93,9.93,181706,0
JWSMF.US,D,20210408,000000,9.95,10.1,9.95,10.01,81161,0
JWSMF.US,D,20210409,000000,10.03,10.03,10,10.02,264928,0
JWSMF.US,D,20210412,000000,10.02,10.03,9.93,9.93,280917,0
JWSMF.US,D,20210413,000000,9.95,9.9917,9.95,9.97,157153,0
JWSMF.US,D,20210414,000000,9.97,10.02,9.95,9.97,609436,0
JWSMF.US,D,20210415,000000,9.99,10,9.95,9.96,170426,0
JWSMF.US,D,20210416,000000,9.95,10,9.93,9.93,519752,0
JWSMF.US,D,20210419,000000,9.95,9.9663,9.92,9.92,130082,0
JWSMF.US,D,20210420,000000,9.92,9.92,9.87,9.9,168266,0
JWSMF.US,D,20210421,000000,9.9,9.93,9.87,9.89,968793,0
JWSMF.US,D,20210422,000000,9.9,9.9,9.87,9.88,35008,0
JWSMF.US,D,20210423,000000,9.91,9.91,9.85,9.87,1061838,0
JWSMF.US,D,20210426,000000,9.89,9.93,9.85,9.9,265596,0
JWSMF.US,D,20210427,000000,9.97,9.97,9.89,9.95,203684,0
JWSMF.US,D,20210428,000000,9.97,9.98,9.92,9.92,4505855,0
JWSMF.US,D,20210429,000000,9.94,10,9.9,9.93,473287,0
JWSMF.US,D,20210430,000000,9.92,10,9.9,10,95588,0
JWSMF.US,D,20210503,000000,9.94,9.96,9.91,9.92,204835,0
JWSMF.US,D,20210504,000000,9.91,9.94,9.87,9.94,164739,0
JWSMF.US,D,20210505,000000,9.932,9.95,9.91,9.92,84553,0
JWSMF.US,D,20210506,000000,9.92,9.96,9.9,9.9,53384,0
JWSMF.US,D,20210507,000000,9.9,9.92,9.87,9.89,400605,0
JWSMF.US,D,20210510,000000,9.87,9.905,9.87,9.89,35623,0
JWSMF.US,D,20210511,000000,9.86,9.91,9.86,9.89,228773,0
JWSMF.US,D,20210512,000000,9.89,9.89,9.8,9.8,492491,0
JWSMF.US,D,20210513,000000,9.8,9.81,9.79,9.81,271082,0
JWSMF.US,D,20210514,000000,9.8172,9.82,9.8,9.8,253326,0
JWSMF.US,D,20210517,000000,9.81,9.81,9.76,9.77,65991,0
JWSMF.US,D,20210518,000000,9.76,9.8,9.76,9.78,71880,0
JWSMF.US,D,20210519,000000,9.83,9.83,9.78,9.83,38932,0
JWSMF.US,D,20210520,000000,9.8,9.8171,9.78,9.78,22297,0
JWSMF.US,D,20210521,000000,9.78,9.81,9.77,9.81,400594,0
JWSMF.US,D,20210524,000000,9.79,9.81,9.75,9.76,435110,0
JWSMF.US,D,20210525,000000,9.76,9.78,9.75,9.76,403286,0
JWSMF.US,D,20210526,000000,9.76,9.78,9.75,9.75,307929,0
JWSMF.US,D,20210527,000000,9.78,9.78,9.73,9.75,774009,0
JWSMF.US,D,20210528,000000,9.75,9.78,9.75,9.77,17867,0
JWSMF.US,D,20210601,000000,9.7621,9.81,9.75,9.8,45848,0
JWSMF.US,D,20210602,000000,9.8,9.86,9.8,9.83,662723,0
JWSMF.US,D,20210603,000000,9.85,9.86,9.85,9.86,790234,0
JWSMF.US,D,20210604,000000,9.86,9.865,9.79,9.84,400859,0
JWSMF.US,D,20210607,000000,9.83,9.95,9.805,9.88,263021,0
JWSMF.US,D,20210608,000000,9.89,9.91,9.84,9.87,94100,0
JWSMF.US,D,20210609,000000,9.87,9.88,9.845,9.85,57568,0
JWSMF.US,D,20210610,000000,9.85,9.87,9.85,9.87,98590,0
JWSMF.US,D,20210611,000000,9.85,9.89,9.85,9.87,129315,0
JWSMF.US,D,20210614,000000,9.8681,9.87,9.84,9.86,179413,0
JWSMF.US,D,20210615,000000,9.86,9.9,9.84,9.85,44502,0
JWSMF.US,D,20210616,000000,9.85,9.86,9.82,9.86,13025,0
JWSMF.US,D,20210617,000000,9.85,9.86,9.83,9.85,299217,0
JWSMF.US,D,20210618,000000,9.85,9.85,9.82,9.84,12344,0
JWSMF.US,D,20210621,000000,9.81,9.85,9.79,9.82,267247,0
JWSMF.US,D,20210622,000000,9.8,9.82,9.78,9.8,264590,0
JWSMF.US,D,20210623,000000,9.79,9.81,9.76,9.77,143927,0
JWSMF.US,D,20210624,000000,9.76,9.82,9.76,9.8,187726,0
JWSMF.US,D,20210625,000000,9.8101,9.815,9.78,9.8,201271,0
JWSMF.US,D,20210628,000000,9.79,9.815,9.77,9.79,740720,0
JWSMF.US,D,20210629,000000,9.79,9.7901,9.76,9.76,1176724,0
JWSMF.US,D,20210630,000000,9.7675,9.78,9.76,9.76,169418,0
JWSMF.US,D,20210701,000000,9.76,9.81,9.75,9.78,133618,0
JWSMF.US,D,20210702,000000,9.7899,9.79,9.77,9.78,181404,0
JWSMF.US,D,20210706,000000,9.7784,9.805,9.7784,9.8,72566,0
JWSMF.US,D,20210707,000000,9.79,9.82,9.78,9.82,99330,0
JWSMF.US,D,20210708,000000,9.81,9.81,9.75,9.81,43860,0
JWSMF.US,D,20210709,000000,9.795,9.81,9.76,9.79,933900,0
JWSMF.US,D,20210712,000000,9.79,9.81,9.77,9.785,58432,0
JWSMF.US,D,20210713,000000,9.78,9.8,9.78,9.79,71518,0
JWSMF.US,D,20210714,000000,9.77,9.82,9.77,9.8,69206,0
JWSMF.US,D,20210715,000000,9.78,9.79,9.78,9.79,12563,0
JWSMF.US,D,20210716,000000,9.78,9.79,9.76,9.79,31287,0
JWSMF.US,D,20210719,000000,9.77,9.82,9.76,9.78,42625,0
JWSMF.US,D,20210720,000000,9.77,9.8,9.77,9.79,15312,0
JWSMF.US,D,20210721,000000,9.7941,9.7941,9.77,9.77,29781,0
JWSMF.US,D,20210722,000000,9.8,9.8,9.75,9.75,10658,0
JWSMF.US,D,20210723,000000,9.7771,9.78,9.76,9.78,6468,0
JWSMF.US,D,20210726,000000,9.75,9.8,9.72,9.75,798677,0
JWSMF.US,D,20210727,000000,9.74,9.76,9.73,9.74,18405,0
JWSMF.US,D,20210728,000000,9.74,9.78,9.73,9.73,289284,0
JWSMF.US,D,20210729,000000,9.73,9.75,9.73,9.74,41081,0
JWSMF.US,D,20210730,000000,9.74,9.77,9.71,9.77,155195,0
JWSMF.US,D,20210802,000000,9.73,9.74,9.7,9.72,120403,0
JWSMF.US,D,20210803,000000,9.735,9.74,9.72,9.73,390707,0
JWSMF.US,D,20210804,000000,9.75,9.75,9.69,9.69,173155,0
JWSMF.US,D,20210805,000000,9.73,9.73,9.7,9.72,435083,0
JWSMF.US,D,20210806,000000,9.72,9.72,9.65,9.72,85425,0
JWSMF.US,D,20210809,000000,9.72,9.73,9.695,9.72,332072,0
JWSMF.US,D,20210810,000000,9.7,9.73,9.7,9.72,316535,0
JWSMF.US,D,20210811,000000,9.7,9.72,9.7,9.71,212667,0
JWSMF.US,D,20210812,000000,9.71,9.74,9.71,9.73,11754,0
JWSMF.US,D,20210813,000000,9.728,9.73,9.71,9.72,15862,0
JWSMF.US,D,20210816,000000,9.7,9.7202,9.69,9.7,208328,0
JWSMF.US,D,20210817,000000,9.72,9.72,9.69,9.72,511927,0
JWSMF.US,D,20210818,000000,9.68,9.71,9.65,9.67,244447,0
JWSMF.US,D,20210819,000000,9.67,9.7,9.64,9.69,822216,0
JWSMF.US,D,20210820,000000,9.67,9.76,9.66,9.74,200969,0
JWSMF.US,D,20210823,000000,9.74,9.74,9.66,9.69,126838,0
JWSMF.US,D,20210824,000000,9.69,9.74,9.68,9.7,75303,0
JWSMF.US,D,20210825,000000,9.7,9.71,9.67,9.69,122445,0
JWSMF.US,D,20210826,000000,9.69,9.73,9.67,9.71,574106,0
JWSMF.US,D,20210827,000000,9.72,9.72,9.68,9.72,148680,0
JWSMF.US,D,20210830,000000,9.72,9.72,9.69,9.71,70241,0
JWSMF.US,D,20210831,000000,9.72,9.73,9.72,9.72,535461,0
JWSMF.US,D,20210901,000000,9.73,9.73,9.7101,9.73,92012,0
JWSMF.US,D,20210902,000000,9.73,9.745,9.71,9.74,221858,0
JWSMF.US,D,20210903,000000,9.72,9.75,9.72,9.75,202310,0
JWSMF.US,D,20210907,000000,9.73,9.75,9.72,9.75,1365659,0
JWSMF.US,D,20210908,000000,9.75,9.76,9.74,9.75,1411838,0
JWSMF.US,D,20210909,000000,9.75,9.76,9.705,9.75,78624,0
JWSMF.US,D,20210910,000000,9.75,9.76,9.74,9.75,312090,0
JWSMF.US,D,20210913,000000,9.75,9.77,9.75,9.76,48904,0
JWSMF.US,D,20210914,000000,9.77,9.78,9.73,9.76,185184,0
JWSMF.US,D,20210915,000000,9.75,9.77,9.75,9.76,6388,0
JWSMF.US,D,20210916,000000,9.77,9.8,9.75,9.77,1408566,0
JWSMF.US,D,20210917,000000,9.75,9.79,9.75,9.77,445701,0
JWSMF.US,D,20210920,000000,9.74,9.76,9.72,9.75,25700,0
JWSMF.US,D,20210921,000000,9.75,9.78,9.74,9.76,184232,0
JWSMF.US,D,20210922,000000,9.76,9.77,9.75,9.76,364024,0
JWSMF.US,D,20210923,000000,9.75,9.77,9.75,9.76,77350,0
JWSMF.US,D,20210924,000000,9.77,9.78,9.75,9.76,64865,0
JWSMF.US,D,20210927,000000,9.78,9.78,9.74,9.77,201037,0
JWSMF.US,D,20210928,000000,9.75,9.77,9.74,9.76,138967,0
JWSMF.US,D,20210929,000000,9.76,9.78,9.76,9.77,98156,0
JWSMF.US,D,20210930,000000,9.78,9.78,9.75,9.76,60287,0
JWSMF.US,D,20211001,000000,9.78,9.78,9.76,9.77,46768,0
JWSMF.US,D,20211004,000000,9.78,9.78,9.76,9.78,160359,0
JWSMF.US,D,20211005,000000,9.78,9.78,9.77,9.78,216448,0
JWSMF.US,D,20211006,000000,9.78,9.78,9.77,9.78,497476,0
JWSMF.US,D,20211007,000000,9.78,9.78,9.77,9.78,8619,0
JWSMF.US,D,20211008,000000,9.78,9.79,9.77,9.78,1676036,0
JWSMF.US,D,20211011,000000,9.78,9.8,9.77,9.8,1252692,0
JWSMF.US,D,20211012,000000,9.8,9.82,9.785,9.82,1657325,0
JWSMF.US,D,20211013,000000,9.82,9.82,9.79,9.8,1641107,0
JWSMF.US,D,20211014,000000,9.82,9.82,9.78,9.79,190850,0
JWSMF.US,D,20211015,000000,9.8,9.8,9.79,9.8,147881,0
JWSMF.US,D,20211018,000000,9.79,9.8,9.78,9.79,55992,0
JWSMF.US,D,20211019,000000,9.8,9.8,9.77,9.77,191154,0
JWSMF.US,D,20211020,000000,9.78,9.79,9.76,9.77,62282,0
JWSMF.US,D,20211021,000000,9.78,9.79,9.75,9.78,301054,0
JWSMF.US,D,20211022,000000,9.76,9.79,9.76,9.79,20987,0
JWSMF.US,D,20211025,000000,9.8,9.82,9.8,9.82,745302,0
JWSMF.US,D,20211026,000000,9.81,9.83,9.8,9.83,544279,0
JWSMF.US,D,20211027,000000,9.83,9.83,9.78,9.79,80994,0
JWSMF.US,D,20211028,000000,9.79,9.83,9.79,9.83,62691,0
JWSMF.US,D,20211029,000000,9.81,9.83,9.78,9.83,463779,0
JWSMF.US,D,20211101,000000,9.83,9.83,9.8,9.83,35584,0
JWSMF.US,D,20211102,000000,9.83,9.83,9.79,9.8,142356,0
JWSMF.US,D,20211103,000000,9.81,9.81,9.79,9.8,466377,0
JWSMF.US,D,20211104,000000,9.8001,9.82,9.8,9.82,3380,0
JWSMF.US,D,20211105,000000,9.82,9.82,9.79,9.8,296436,0
JWSMF.US,D,20211108,000000,9.8,9.82,9.79,9.8,173216,0
JWSMF.US,D,20211109,000000,9.82,9.82,9.79,9.8,35297,0
JWSMF.US,D,20211110,000000,9.81,9.81,9.78,9.79,357596,0
JWSMF.US,D,20211111,000000,9.8,9.8,9.78,9.79,93537,0
JWSMF.US,D,20211112,000000,9.79,9.82,9.785,9.81,779739,0
JWSMF.US,D,20211115,000000,9.82,9.83,9.81,9.82,68337,0
JWSMF.US,D,20211116,000000,9.83,9.83,9.82,9.83,74897,0
JWSMF.US,D,20211117,000000,9.83,9.84,9.8,9.81,98626,0
JWSMF.US,D,20211118,000000,9.81,9.83,9.81,9.83,244299,0
JWSMF.US,D,20211119,000000,9.83,9.83,9.81,9.81,1460121,0
JWSMF.US,D,20211122,000000,9.8,9.82,9.79,9.8,56412,0
JWSMF.US,D,20211123,000000,9.82,9.88,9.78,9.86,1725882,0
JWSMF.US,D,20211124,000000,9.86,9.86,9.82,9.82,39163,0
JWSMF.US,D,20211126,000000,9.803,9.82,9.803,9.81,9792,0
JWSMF.US,D,20211129,000000,9.79,9.84,9.79,9.82,871686,0
JWSMF.US,D,20211130,000000,9.81,9.85,9.8,9.84,38225,0
JWSMF.US,D,20211201,000000,9.835,9.85,9.8,9.83,291929,0
JWSMF.US,D,20211202,000000,9.84,9.84,9.79,9.79,783733,0
JWSMF.US,D,20211203,000000,9.805,9.82,9.78,9.8,125499,0
JWSMF.US,D,20211206,000000,9.794,9.794,9.77,9.78,329904,0
JWSMF.US,D,20211207,000000,9.7882,9.8,9.7882,9.79,128891,0
JWSMF.US,D,20211208,000000,9.79,9.8,9.77,9.8,88549,0
JWSMF.US,D,20211209,000000,9.79,9.8,9.77,9.78,111621,0
JWSMF.US,D,20211210,000000,9.7801,9.79,9.77,9.78,821106,0
JWSMF.US,D,20211213,000000,9.78,9.79,9.77,9.77,78372,0
JWSMF.US,D,20211214,000000,9.77,9.78,9.77,9.77,2723575,0
JWSMF.US,D,20211215,000000,9.77,9.78,9.75,9.76,28092,0
JWSMF.US,D,20211216,000000,9.76,9.78,9.75,9.77,114001,0
JWSMF.US,D,20211217,000000,9.75,9.77,9.75,9.77,5690,0
JWSMF.US,D,20211220,000000,9.77,9.77,9.74,9.75,451953,0
JWSMF.US,D,20211221,000000,9.76,9.78,9.75,9.78,12477,0
JWSMF.US,D,20211222,000000,9.76,9.77,9.76,9.77,6318,0
JWSMF.US,D,20211223,000000,9.7407,9.77,9.7407,9.76,10859,0
JWSMF.US,D,20211227,000000,9.76,9.76,9.74,9.75,34544,0
JWSMF.US,D,20211228,000000,9.73,9.75,9.66,9.74,70797,0
JWSMF.US,D,20211229,000000,9.74,9.77,9.74,9.77,40530,0
JWSMF.US,D,20211230,000000,9.74,9.76,9.73,9.76,65431,0
JWSMF.US,D,20211231,000000,9.755,9.76,9.74,9.75,126837,0
JWSMF.US,D,20220103,000000,9.76,9.77,9.745,9.76,74839,0
JWSMF.US,D,20220104,000000,9.75,9.77,9.75,9.76,26619,0
JWSMF.US,D,20220105,000000,9.75,9.8,9.75,9.78,468274,0
JWSMF.US,D,20220106,000000,9.78,9.78,9.76,9.77,723514,0
JWSMF.US,D,20220107,000000,9.77,9.78,9.76,9.77,170380,0
JWSMF.US,D,20220110,000000,9.77,9.7711,9.76,9.77,81046,0
JWSMF.US,D,20220111,000000,9.76,9.77,9.76,9.76,10721,0
JWSMF.US,D,20220112,000000,9.76,9.77,9.76,9.77,28497,0
JWSMF.US,D,20220113,000000,9.7612,9.765,9.76,9.76,3933,0
JWSMF.US,D,20220114,000000,9.76,9.765,9.76,9.76,20152,0
JWSMF.US,D,20220118,000000,9.76,9.77,9.76,9.76,486709,0
JWSMF.US,D,20220119,000000,9.75,9.78,9.75,9.76,68069,0
JWSMF.US,D,20220120,000000,9.75,9.78,9.73,9.73,4752821,0
JWSMF.US,D,20220121,000000,9.73,9.745,9.73,9.74,46606,0
JWSMF.US,D,20220124,000000,9.72,9.745,9.72,9.735,268876,0
JWSMF.US,D,20220125,000000,9.72,9.75,9.72,9.74,47007,0
JWSMF.US,D,20220126,000000,9.75,9.75,9.71,9.71,143837,0
JWSMF.US,D,20220127,000000,9.71,9.74,9.71,9.72,77008,0
JWSMF.US,D,20220128,000000,9.71,9.725,9.71,9.72,147502,0
JWSMF.US,D,20220131,000000,9.72,9.73,9.72,9.72,111172,0
JWSMF.US,D,20220201,000000,9.73,9.75,9.73,9.75,116061,0
JWSMF.US,D,20220202,000000,9.73,9.77,9.73,9.77,1020637,0
JWSMF.US,D,20220203,000000,9.74,9.77,9.74,9.76,72467,0
JWSMF.US,D,20220204,000000,9.76,9.77,9.755,9.77,62614,0
JWSMF.US,D,20220207,000000,9.77,9.77,9.76,9.77,10641,0
JWSMF.US,D,20220208,000000,9.77,9.77,9.76,9.76,921,0
JWSMF.US,D,20220209,000000,9.76,9.76,9.75,9.76,8840,0
JWSMF.US,D,20220210,000000,9.76,9.76,9.75,9.75,141219,0
JWSMF.US,D,20220211,000000,9.75,9.75,9.74,9.74,22787,0
JWSMF.US,D,20220214,000000,9.74,9.78,9.74,9.775,67249,0
JWSMF.US,D,20220215,000000,9.78,9.78,9.77,9.77,2084,0
JWSMF.US,D,20220216,000000,9.76,9.7826,9.76,9.77,4537,0
JWSMF.US,D,20220217,000000,9.77,9.78,9.76,9.78,46878,0
JWSMF.US,D,20220218,000000,9.78,9.79,9.78,9.78,7292,0
JWSMF.US,D,20220222,000000,9.77,9.79,9.77,9.78,134003,0
JWSMF.US,D,20220223,000000,9.77,9.78,9.74,9.75,890545,0
JWSMF.US,D,20220224,000000,9.74,9.77,9.74,9.745,359060,0
JWSMF.US,D,20220225,000000,9.74,9.78,9.74,9.77,126147,0
JWSMF.US,D,20220228,000000,9.76,9.765,9.76,9.76,232972,0
JWSMF.US,D,20220301,000000,9.76,9.77,9.76,9.77,185570,0
JWSMF.US,D,20220302,000000,9.76,9.78,9.76,9.775,430,0
JWSMF.US,D,20220303,000000,9.76,9.7713,9.76,9.76,860455,0
JWSMF.US,D,20220304,000000,9.77,9.78,9.76,9.76,64589,0
JWSMF.US,D,20220307,000000,9.76,9.77,9.75,9.77,1349527,0
JWSMF.US,D,20220308,000000,9.77,9.7815,9.77,9.77,45304,0
JWSMF.US,D,20220309,000000,9.775,9.78,9.76,9.76,233845,0
JWSMF.US,D,20220310,000000,9.77,9.77,9.74,9.765,255316,0
JWSMF.US,D,20220311,000000,9.785,9.785,9.78,9.78,2489,0
JWSMF.US,D,20220314,000000,9.8,9.8,9.76,9.765,285734,0
JWSMF.US,D,20220315,000000,9.76,9.79,9.75,9.775,131069,0
JWSMF.US,D,20220316,000000,9.775,9.78,9.76,9.78,47805,0
JWSMF.US,D,20220317,000000,9.7741,9.775,9.77,9.77,9899,0
JWSMF.US,D,20220318,000000,9.78,9.78,9.76,9.77,15835,0
JWSMF.US,D,20220321,000000,9.77,9.77,9.77,9.77,102,0
JWSMF.US,D,20220322,000000,9.75,9.79,9.75,9.78,61787,0
JWSMF.US,D,20220323,000000,9.77,9.77,9.77,9.77,214,0
JWSMF.US,D,20220324,000000,9.78,9.785,9.77,9.78,857301,0
JWSMF.US,D,20220325,000000,9.75,9.785,9.75,9.78,1064,0
JWSMF.US,D,20220328,000000,9.78,9.78,9.77,9.77,74412,0
JWSMF.US,D,20220329,000000,9.77,9.79,9.77,9.785,259109,0
JWSMF.US,D,20220330,000000,9.785,9.8,9.785,9.8,876341,0
JWSMF.US,D,20220331,000000,9.79,9.81,9.79,9.81,223487,0
JWSMF.US,D,20220401,000000,9.8,9.83,9.8,9.81,227865,0
JWSMF.US,D,20220404,000000,9.8298,9.83,9.8124,9.83,223416,0
JWSMF.US,D,20220405,000000,9.81,9.81,9.81,9.81,128798,0
JWSMF.US,D,20220406,000000,9.81,9.815,9.8,9.8101,1087713,0
JWSMF.US,D,20220407,000000,9.8,9.81,9.8,9.81,5352,0
JWSMF.US,D,20220408,000000,9.82,9.9,9.81,9.86,640905,0
JWSMF.US,D,20220411,000000,9.89,9.89,9.82,9.82,5028,0
JWSMF.US,D,20220412,000000,9.84,9.88,9.82,9.82,211538,0
JWSMF.US,D,20220413,000000,9.835,9.84,9.82,9.82,8318,0
JWSMF.US,D,20220414,000000,9.85,9.85,9.82,9.84,15819,0
JWSMF.US,D,20220418,000000,9.83,9.84,9.83,9.84,61878,0
JWSMF.US,D,20220419,000000,9.83,9.84,9.83,9.84,332751,0
JWSMF.US,D,20220420,000000,9.84,9.845,9.84,9.84,45844,0
JWSMF.US,D,20220421,000000,9.84,9.845,9.84,9.84,6734,0
JWSMF.US,D,20220422,000000,9.82,9.825,9.82,9.82,27084,0
JWSMF.US,D,20220425,000000,9.84,9.84,9.83,9.84,11407,0
JWSMF.US,D,20220426,000000,9.84,9.85,9.83,9.83,115889,0
JWSMF.US,D,20220427,000000,9.84,9.865,9.83,9.84,1116430,0
JWSMF.US,D,20220428,000000,9.84,9.86,9.84,9.84,400722,0
JWSMF.US,D,20220429,000000,9.86,9.86,9.83,9.84,71397,0
JWSMF.US,D,20220502,000000,9.835,9.839,9.83,9.839,629047,0
JWSMF.US,D,20220503,000000,9.82,9.84,9.82,9.835,27231,0
JWSMF.US,D,20220504,000000,9.8398,9.84,9.835,9.84,12253,0
JWSMF.US,D,20220505,000000,9.83,9.849,9.82,9.849,87277,0
JWSMF.US,D,20220506,000000,9.8399,9.84,9.82,9.84,62056,0
JWSMF.US,D,20220509,000000,9.82,9.82,9.8,9.82,1708129,0
JWSMF.US,D,20220510,000000,9.81,9.82,9.8,9.815,87831,0
JWSMF.US,D,20220511,000000,9.81,9.81,9.8,9.8,79819,0
JWSMF.US,D,20220512,000000,9.8,9.8,9.78,9.79,514873,0
JWSMF.US,D,20220513,000000,9.81,9.81,9.78,9.8,514574,0
JWSMF.US,D,20220516,000000,9.8,9.81,9.79,9.79,133090,0
JWSMF.US,D,20220517,000000,9.8093,9.82,9.79,9.82,299613,0
JWSMF.US,D,20220518,000000,9.81,9.81,9.79,9.796,212874,0
JWSMF.US,D,20220519,000000,9.79,9.8,9.79,9.8,21359,0
JWSMF.US,D,20220520,000000,9.8,9.805,9.79,9.805,112329,0
JWSMF.US,D,20220523,000000,9.79,9.8,9.79,9.8,8531,0
JWSMF.US,D,20220524,000000,9.8,9.82,9.8,9.805,329135,0
JWSMF.US,D,20220525,000000,9.8,9.815,9.8,9.815,496757,0
JWSMF.US,D,20220526,000000,9.8,9.82,9.8,9.815,438051,0
JWSMF.US,D,20220527,000000,9.8013,9.82,9.8,9.82,1177520,0
JWSMF.US,D,20220531,000000,9.8054,9.815,9.8,9.8,5121,0
JWSMF.US,D,20220601,000000,9.8,9.805,9.8,9.8,132245,0
JWSMF.US,D,20220602,000000,9.815,9.83,9.8115,9.83,94310,0
JWSMF.US,D,20220603,000000,9.83,9.83,9.81,9.83,5948,0
JWSMF.US,D,20220606,000000,9.82,9.84,9.82,9.84,5857,0
JWSMF.US,D,20220607,000000,9.82,9.83,9.82,9.821,947639,0
JWSMF.US,D,20220608,000000,9.82,9.85,9.82,9.84,519130,0
JWSMF.US,D,20220609,000000,9.8301,9.8301,9.8301,9.8301,1000,0
JWSMF.US,D,20220610,000000,9.8323,9.835,9.83,9.83,4471,0
JWSMF.US,D,20220613,000000,9.83,9.83,9.82,9.82,4418,0
JWSMF.US,D,20220614,000000,9.82,9.8483,9.82,9.83,28995,0
JWSMF.US,D,20220615,000000,9.83,9.83,9.82,9.82,17777,0
JWSMF.US,D,20220616,000000,9.82,9.8272,9.81,9.81,4415,0
JWSMF.US,D,20220617,000000,9.81,9.81,9.8,9.8,9967,0
JWSMF.US,D,20220621,000000,9.82,9.83,9.81,9.81,2245,0
JWSMF.US,D,20220622,000000,9.825,9.84,9.81,9.81,2813,0
JWSMF.US,D,20220623,000000,9.83,9.83,9.81,9.82,208443,0
JWSMF.US,D,20220624,000000,9.825,9.84,9.825,9.83,10923,0
JWSMF.US,D,20220627,000000,9.81,9.84,9.81,9.83,4177,0
JWSMF.US,D,20220628,000000,9.835,9.84,9.83,9.83,35784,0
JWSMF.US,D,20220629,000000,9.84,9.85,9.83,9.85,939965,0
JWSMF.US,D,20220630,000000,9.835,9.85,9.83,9.83,894484,0
JWSMF.US,D,20220701,000000,9.83,9.84,9.83,9.84,126607,0
JWSMF.US,D,20220705,000000,9.837,9.85,9.83,9.84,430775,0
JWSMF.US,D,20220706,000000,9.82,9.85,9.82,9.85,230033,0
JWSMF.US,D,20220707,000000,9.84,9.85,9.825,9.84,106050,0
JWSMF.US,D,20220708,000000,9.79,9.85,9.79,9.83,45501,0
JWSMF.US,D,20220711,000000,9.85,9.85,9.8354,9.85,8756,0
JWSMF.US,D,20220712,000000,9.84,9.87,9.84,9.84,7165,0
JWSMF.US,D,20220713,000000,9.845,9.85,9.84,9.84,3187,0
JWSMF.US,D,20220714,000000,9.85,9.85,9.83,9.84,366958,0
JWSMF.US,D,20220715,000000,9.84,9.85,9.84,9.84,315167,0
JWSMF.US,D,20220718,000000,9.845,9.85,9.83,9.83,65007,0
JWSMF.US,D,20220719,000000,9.85,9.86,9.835,9.86,251474,0
JWSMF.US,D,20220720,000000,9.86,9.87,9.85,9.87,2076129,0
JWSMF.US,D,20220721,000000,9.87,9.89,9.845,9.87,952021,0
JWSMF.US,D,20220722,000000,9.87,9.87,9.86,9.87,14783,0
JWSMF.US,D,20220725,000000,9.87,9.88,9.86,9.88,548309,0
JWSMF.US,D,20220726,000000,9.88,9.88,9.865,9.875,22495,0
JWSMF.US,D,20220727,000000,9.88,9.9,9.86,9.885,133757,0
JWSMF.US,D,20220728,000000,9.885,9.89,9.87,9.89,111839,0
JWSMF.US,D,20220729,000000,9.89,9.89,9.87,9.89,8631,0
JWSMF.US,D,20220801,000000,9.885,9.885,9.87,9.88,68147,0
JWSMF.US,D,20220802,000000,9.875,9.88,9.86,9.87,994225,0
JWSMF.US,D,20220803,000000,9.875,9.88,9.87,9.88,492902,0
JWSMF.US,D,20220804,000000,9.87,9.88,9.87,9.88,200237,0
JWSMF.US,D,20220805,000000,9.875,9.88,9.875,9.88,25666,0
JWSMF.US,D,20220808,000000,9.8728,9.88,9.87,9.87,40236,0
JWSMF.US,D,20220809,000000,9.88,9.885,9.88,9.88,72105,0
JWSMF.US,D,20220810,000000,9.88,9.8901,9.88,9.88,114703,0
JWSMF.US,D,20220811,000000,9.895,9.905,9.88,9.88,413164,0
JWSMF.US,D,20220812,000000,9.88,9.9,9.88,9.88,175654,0
JWSMF.US,D,20220815,000000,9.885,9.895,9.88,9.89,97001,0
JWSMF.US,D,20220816,000000,9.89,9.895,9.88,9.89,58437,0
JWSMF.US,D,20220817,000000,9.89,9.89,9.875,9.88,946190,0
JWSMF.US,D,20220818,000000,9.88,9.89,9.88,9.88,325702,0
JWSMF.US,D,20220819,000000,9.88,9.895,9.88,9.89,397046,0
JWSMF.US,D,20220822,000000,9.88,9.9,9.88,9.89,780410,0
JWSMF.US,D,20220823,000000,9.883,9.89,9.875,9.88,1165208,0
JWSMF.US,D,20220824,000000,9.89,9.895,9.88,9.885,163613,0
JWSMF.US,D,20220825,000000,9.88,9.9,9.88,9.89,210877,0
JWSMF.US,D,20220826,000000,9.89,9.9,9.89,9.9,177010,0
JWSMF.US,D,20220829,000000,9.9,9.905,9.895,9.9,41879,0
JWSMF.US,D,20220830,000000,9.9,9.905,9.89,9.9,426680,0
JWSMF.US,D,20220831,000000,9.9,9.91,9.89,9.91,653292,0
JWSMF.US,D,20220901,000000,9.91,9.91,9.91,9.91,816,0
JWSMF.US,D,20220902,000000,9.8901,9.91,9.89,9.9,22429,0
JWSMF.US,D,20220906,000000,9.91,9.91,9.9,9.9,31273,0
JWSMF.US,D,20220907,000000,9.905,9.925,9.905,9.915,254303,0
JWSMF.US,D,20220908,000000,9.93,9.93,9.91,9.91,647305,0
JWSMF.US,D,20220909,000000,9.92,9.92,9.9,9.92,3229018,0
JWSMF.US,D,20220912,000000,9.92,9.925,9.915,9.925,62100,0
JWSMF.US,D,20220913,000000,9.91,9.93,9.91,9.92,664064,0
JWSMF.US,D,20220914,000000,9.925,9.925,9.915,9.92,385485,0
JWSMF.US,D,20220915,000000,9.92,9.935,9.92,9.925,639330,0
JWSMF.US,D,20220916,000000,9.93,9.94,9.93,9.94,128522,0
JWSMF.US,D,20220919,000000,9.93,9.94,9.93,9.94,2632162,0
JWSMF.US,D,20220920,000000,9.93,9.935,9.93,9.935,78295,0
JWSMF.US,D,20220921,000000,9.93,9.94,9.93,9.935,328745,0
JWSMF.US,D,20220922,000000,9.9301,9.95,9.9301,9.945,527333,0
JWSMF.US,D,20220923,000000,9.94,9.945,9.94,9.945,989343,0
JWSMF.US,D,20220926,000000,9.94,9.95,9.93,9.94,365061,0
JWSMF.US,D,20220927,000000,9.93,9.94,9.93,9.93,237559,0
JWSMF.US,D,20220928,000000,9.94,9.94,9.93,9.94,89067,0
JWSMF.US,D,20220929,000000,9.935,9.935,9.93,9.93,15377,0
JWSMF.US,D,20220930,000000,9.93,9.94,9.93,9.94,2755,0
JWSMF.US,D,20221003,000000,9.935,9.95,9.935,9.95,979503,0
JWSMF.US,D,20221004,000000,9.945,9.96,9.94,9.96,4915439,0
JWSMF.US,D,20221005,000000,9.99,9.99,9.95,9.97,417489,0
JWSMF.US,D,20221006,000000,9.97,9.97,9.95,9.955,71181,0
JWSMF.US,D,20221007,000000,9.95,9.97,9.95,9.97,28402,0
JWSMF.US,D,20221010,000000,9.96,9.96,9.95,9.95,9778,0
JWSMF.US,D,20221011,000000,9.95,9.97,9.95,9.95,782597,0
JWSMF.US,D,20221012,000000,9.96,9.97,9.95,9.95,2506,0
JWSMF.US,D,20221013,000000,9.96,9.97,9.96,9.97,530838,0
JWSMF.US,D,20221014,000000,9.96,9.97,9.96,9.96,8563,0
JWSMF.US,D,20221017,000000,9.9608,9.965,9.96,9.96,1914,0
JWSMF.US,D,20221018,000000,9.97,9.97,9.96,9.96,3060,0
JWSMF.US,D,20221019,000000,9.97,9.97,9.97,9.97,4424,0
JWSMF.US,D,20221020,000000,9.97,9.981,9.97,9.98,14674,0
JWSMF.US,D,20221021,000000,9.99,9.99,9.98,9.99,41021,0
JWSMF.US,D,20221024,000000,9.99,9.99,9.99,9.99,12437,0
JWSMF.US,D,20221025,000000,10,10.005,9.985,10,2001549,0
JWSMF.US,D,20221026,000000,10,10.005,9.995,9.995,227487,0
JWSMF.US,D,20221027,000000,10,10,9.99,9.99,9240,0
JWSMF.US,D,20221028,000000,9.99,10.01,9.99,10,75156,0
JWSMF.US,D,20221031,000000,10,10.005,10,10,9145,0
JWSMF.US,D,20221101,000000,10,10.01,10,10,145943,0
JWSMF.US,D,20221102,000000,10.01,10.025,10.01,10.02,1318692,0
JWSMF.US,D,20221103,000000,10.02,10.02,10.01,10.01,922867,0
JWSMF.US,D,20221104,000000,10.01,10.02,10.01,10.01,225548,0
JWSMF.US,D,20221107,000000,10.03,10.03,10.01,10.015,441306,0
JWSMF.US,D,20221108,000000,10.02,10.03,10.01,10.02,641448,0
JWSMF.US,D,20221109,000000,10.03,10.035,10.02,10.025,248403,0
JWSMF.US,D,20221110,000000,10.02,10.04,10.02,10.03,461448,0
JWSMF.US,D,20221111,000000,10.03,10.035,10.02,10.03,47981,0
JWSMF.US,D,20221114,000000,10.03,10.04,10.02,10.02,3014666,0
JWSMF.US,D,20221115,000000,10.05,10.05,10.02,10.03,4653194,0
JWSMF.US,D,20221116,000000,10.03,10.04,10.02,10.03,8528171,0
JWSMF.US,D,20221117,000000,10.03,10.04,10.03,10.03,565349,0
JWSMF.US,D,20221118,000000,10.03,10.0301,10.02,10.02,16526,0
JWSMF.US,D,20221121,000000,10.03,10.03,10.02,10.03,1056,0
JWSMF.US,D,20221122,000000,10.0217,10.025,10.0217,10.025,414,0
JWSMF.US,D,20221125,000000,10.025,10.025,10.025,10.025,309,0
JWSMF.US,D,20221128,000000,10.025,10.025,10,10,836,0
JWSMF.US,D,20221129,000000,10.04,10.04,10.04,10.04,25127,0
JWSMF.US,D,20221130,000000,10.04,10.04,10.03,10.035,8229,0
JWSMF.US,D,20221201,000000,10.02,10.05,10.02,10.045,226373,0
JWSMF.US,D,20221202,000000,10.04,10.05,10.04,10.045,29160,0
JWSMF.US,D,20221205,000000,10.05,10.0599,10.05,10.05,2924,0
JWSMF.US,D,20221206,000000,10.06,10.07,10.05,10.05,4644573,0
JWSMF.US,D,20221207,000000,10.07,10.07,10.06,10.06,210497,0
JWSMF.US,D,20221208,000000,10.08,10.08,10.05,10.07,205697,0
JWSMF.US,D,20221209,000000,10.08,10.08,10.06,10.06,12775,0
JWSMF.US,D,20221212,000000,10.06,10.075,10.06,10.07,82410,0
JWSMF.US,D,20221213,000000,10.07,10.08,10.07,10.075,5547,0
JWSMF.US,D,20221214,000000,10.07,10.08,10.07,10.075,103738,0
JWSMF.US,D,20221215,000000,10.08,10.08,10.075,10.075,4303,0
JWSMF.US,D,20221216,000000,10.075,10.08,10.07,10.075,43433,0
JWSMF.US,D,20221219,000000,10.1,10.11,10.09,10.11,1528538,0
JWSMF.US,D,20221220,000000,10.09,10.11,10.09,10.095,29257,0
JWSMF.US,D,20221221,000000,10.08,10.1,10.07,10.07,35617,0
JWSMF.US,D,20221222,000000,10.11,10.115,10.08,10.09,196448,0
JWSMF.US,D,20221223,000000,10.085,10.09,10.07,10.07,18996,0
JWSMF.US,D,20221227,000000,10.07,10.085,10.07,10.07,167558,0
JWSMF.US,D,20221228,000000,10.09,10.11,10.09,10.095,23439,0
JWSMF.US,D,20221229,000000,10.105,10.11,10.04,10.1,56109,0
JWSMF.US,D,20221230,000000,10.105,10.115,10.105,10.105,235975,0
JWSMF.US,D,20230103,000000,10.11,10.1255,10.1,10.12,309766,0
JWSMF.US,D,20230104,000000,10.12,10.13,10.12,10.12,1509480,0
JWSMF.US,D,20230105,000000,10.13,10.135,10.12,10.13,2399408,0
JWSMF.US,D,20230106,000000,10.13,10.15,10.12,10.13,1951745,0
JWSMF.US,D,20230109,000000,10.1365,10.1468,10.1365,10.14,433728,0
JWSMF.US,D,20230110,000000,10.14,10.15,10.14,10.14,83661,0
JWSMF.US,D,20230111,000000,10.15,10.15,10.14,10.145,672345,0
JWSMF.US,D,20230112,000000,10.14,10.15,10.14,10.14,1507148,0
JWSMF.US,D,20230113,000000,10.1401,10.15,10.14,10.14,73611,0
JWSMF.US,D,20230117,000000,10.14,10.15,10.14,10.14,150649,0
JWSMF.US,D,20230118,000000,10.145,10.15,10.14,10.14,192299,0
JWSMF.US,D,20230119,000000,10.15,10.15,10.14,10.14,1458053,0
JWSMF.US,D,20230120,000000,10.14,10.15,10.14,10.14,51729,0
JWSMF.US,D,20230123,000000,10.15,10.16,10.1421,10.16,1990483,0
JWSMF.US,D,20230124,000000,10.15,10.16,10.15,10.15,30639,0
JWSMF.US,D,20230125,000000,10.14,10.16,10.14,10.14,273854,0
JWSMF.US,D,20230126,000000,10.15,10.16,10.145,10.15,382126,0
JWSMF.US,D,20230127,000000,10.14,10.1401,9.97,9.97,69916,0
JWSMF.US,D,20230130,000000,10.15,10.25,9.965,10.25,76611,0
JWSMF.US,D,20230131,000000,10.1,10.191,10.1,10.14,8129,0
JWSMF.US,D,20230201,000000,10.19,10.44,10.01,10.16,26811,0
JWSMF.US,D,20230202,000000,10.19,10.3,10.04,10.08,12582,0
JWSMF.US,D,20230203,000000,10.28,10.31,10.05,10.08,85487,0
JWSMF.US,D,20230206,000000,10.09,10.2,10.09,10.11,10367,0
JWSMF.US,D,20230207,000000,10.23,10.26,10.06,10.06,6479,0
JWSMF.US,D,20230208,000000,10.01,10.43,10.01,10.1,77760,0
JWSMF.US,D,20230209,000000,10.1,10.135,10.07,10.08,9066,0
JWSMF.US,D,20230210,000000,10.13,10.14,10.09,10.09,6595,0
JWSMF.US,D,20230213,000000,10.1,10.11,10.07,10.07,8536,0
JWSMF.US,D,20230214,000000,10.1,10.1,10.07,10.07,1352,0
JWSMF.US,D,20230215,000000,10.08,10.09,10.08,10.08,14591,0
JWSMF.US,D,20230216,000000,10.0704,10.11,10.0704,10.08,7186,0
JWSMF.US,D,20230217,000000,10.06,10.09,10.06,10.07,9165,0
JWSMF.US,D,20230221,000000,10,10.06,10,10.06,16143,0
JWSMF.US,D,20230222,000000,10.06,10.09,10.05,10.08,5459,0
JWSMF.US,D,20230227,000000,10.01,10.11,10,10.06,17770,0
JWSMF.US,D,20230228,000000,10.02,10.08,10.02,10.04,5681,0
JWSMF.US,D,20230301,000000,10.27,10.27,10.06,10.09,2311,0
JWSMF.US,D,20230302,000000,10.47,10.47,10.03,10.07,13168,0
JWSMF.US,D,20230303,000000,10.04,10.07,10.03,10.03,11659,0
JWSMF.US,D,20230306,000000,10.03,10.03,10.01,10.02,24308,0
JWSMF.US,D,20230307,000000,10.01,10.06,10.01,10.02,922,0
JWSMF.US,D,20230308,000000,10.01,10.04,10.01,10.02,13967,0
JWSMF.US,D,20230309,000000,10.01,10.05,10.01,10.013,70302,0
JWSMF.US,D,20230310,000000,10.0101,10.03,9.98,9.99,66660,0
JWSMF.US,D,20230313,000000,10.01,10.01,9.97,10,6315,0
JWSMF.US,D,20230314,000000,10.0002,10.0004,9.99,10,29946,0
JWSMF.US,D,20230315,000000,10,10,9.99,9.99,7102,0
JWSMF.US,D,20230316,000000,9.99,10.01,9.99,10,2900,0
JWSMF.US,D,20230317,000000,10,10.01,10,10,11234,0
JWSMF.US,D,20230320,000000,10,10.01,9.9987,10,4496,0
JWSMF.US,D,20230321,000000,10,10,9.97,9.99,55115,0
JWSMF.US,D,20230322,000000,10,10,9.98,9.98,10087,0
JWSMF.US,D,20230323,000000,9.99,10,9.99,9.99,1400,0
JWSMF.US,D,20230324,000000,10,10,9.97,9.99,93625,0
JWSMF.US,D,20230327,000000,9.99,10,9.99,10,3161,0
JWSMF.US,D,20230328,000000,10,10.39,9.99,10.03,38022,0
JWSMF.US,D,20230329,000000,10.025,10.03,10.025,10.03,1288,0
JWSMF.US,D,20230330,000000,10.025,10.03,10.025,10.025,1715,0
JWSMF.US,D,20230331,000000,10.03,10.03,10.02,10.025,565,0
JWSMF.US,D,20230403,000000,10.02,10.03,10.015,10.03,51895,0
JWSMF.US,D,20230404,000000,10.03,10.03,10.01,10.02,4020,0
JWSMF.US,D,20230405,000000,10.02,10.03,10.02,10.03,6400,0
JWSMF.US,D,20230406,000000,10.02,10.03,10.02,10.02,433,0
JWSMF.US,D,20230411,000000,10.01,10.01,10.01,10.01,102,0
JWSMF.US,D,20230412,000000,10.027,10.027,10,10,4557,0
JWSMF.US,D,20230413,000000,10.0174,10.0174,9.99,10,2797,0
JWSMF.US,D,20230414,000000,10,10.0091,10,10.0091,7377,0
JWSMF.US,D,20230417,000000,10.02,10.03,10.01,10.02,7888,0
JWSMF.US,D,20230418,000000,10.02,10.03,10.02,10.02,508,0
JWSMF.US,D,20230420,000000,10,10.02,10,10.02,1808,0
JWSMF.US,D,20230421,000000,10.012,10.012,10.012,10.012,521,0
JWSMF.US,D,20230425,000000,10.01,10.05,10.01,10.03,79638,0
JWSMF.US,D,20230427,000000,10.04,10.55,10.04,10.1,98162,0
JWSMF.US,D,20230428,000000,10.12,10.12,10.12,10.12,5201,0
JWSMF.US,D,20230501,000000,10.12,10.12,10.11,10.11,3484,0
JWSMF.US,D,20230502,000000,10.15,10.15,10.07,10.1,2401,0
JWSMF.US,D,20230504,000000,10.15,10.15,10.12,10.14,702,0
JWSMF.US,D,20230505,000000,10.15,10.15,10.14,10.14,1512,0
JWSMF.US,D,20230509,000000,10.1,10.1,10.1,10.1,629,0
JWSMF.US,D,20230510,000000,10.1,10.26,10.1,10.15,17251,0
JWSMF.US,D,20230511,000000,10.19,10.7,10.19,10.35,119899,0
JWSMF.US,D,20230512,000000,10.39,10.55,10.38,10.47,20258,0
JWSMF.US,D,20230515,000000,10.5,10.5254,10.42,10.45,4984,0
JWSMF.US,D,20230516,000000,10.5,10.5,10.43,10.43,10366,0
JWSMF.US,D,20230517,000000,10.385,10.48,10.3,10.48,6869,0
JWSMF.US,D,20230518,000000,10.48,10.48,10.48,10.48,2438,0
JWSMF.US,D,20230519,000000,10.45,10.45,10.42,10.42,547,0
JWSMF.US,D,20230522,000000,10.489,10.5,10.425,10.425,5632,0
JWSMF.US,D,20230523,000000,10.465,10.5,10.46,10.48,9930,0
JWSMF.US,D,20230524,000000,10.5,10.58,10.48,10.51,7332,0
JWSMF.US,D,20230525,000000,10.55,10.55,10.43,10.46,5655,0
JWSMF.US,D,20230526,000000,10.6,10.61,10.49,10.56,4103,0
JWSMF.US,D,20230530,000000,10.59,10.68,10.53,10.53,5006,0
JWSMF.US,D,20230531,000000,10.6,10.87,10.53,10.62,17637,0
JWSMF.US,D,20230601,000000,10.67,10.85,10.67,10.72,6703,0
JWSMF.US,D,20230602,000000,10.72,10.81,10.7,10.71,3640,0
JWSMF.US,D,20230605,000000,10.75,10.8,10.63,10.66,1669,0
JWSMF.US,D,20230606,000000,10.6632,10.7,10.63,10.63,3086,0
JWSMF.US,D,20230607,000000,10.6301,10.65,10.63,10.63,1465,0
JWSMF.US,D,20230608,000000,10.63,10.63,10.6,10.6,2672,0
JWSMF.US,D,20230609,000000,10.6,10.78,10.6,10.78,1388,0
JWSMF.US,D,20230612,000000,10.69,10.69,10.6,10.61,1078,0
JWSMF.US,D,20230613,000000,10.58,10.6,10.55,10.55,1477,0
JWSMF.US,D,20230614,000000,10.56,10.56,10.56,10.56,259,0
JWSMF.US,D,20230615,000000,10.55,10.55,10.55,10.55,126,0
JWSMF.US,D,20230616,000000,10.55,10.73,10.55,10.73,621,0
JWSMF.US,D,20230620,000000,10.645,10.74,10.645,10.74,279,0
JWSMF.US,D,20230623,000000,10.65,10.66,10.65,10.66,1552,0
JWSMF.US,D,20230626,000000,10.55,10.7,10.5499,10.65,12060,0
JWSMF.US,D,20230627,000000,10.7,10.7,10.7,10.7,453,0
JWSMF.US,D,20230629,000000,10.69,10.69,10.69,10.69,321,0
JWSMF.US,D,20230630,000000,10.69,10.69,10.6638,10.6638,4255,0
JWSMF.US,D,20230705,000000,10.81,10.81,10.81,10.81,259,0
JWSMF.US,D,20230706,000000,10.8,10.8,10.8,10.8,662,0
JWSMF.US,D,20230711,000000,10.79,10.8,10.79,10.8,2429,0
JWSMF.US,D,20230712,000000,10.79,10.79,10.79,10.79,276,0
JWSMF.US,D,20230717,000000,10.7,10.7,10.62,10.62,10990,0
JWSMF.US,D,20230718,000000,10.7808,10.7808,10.68,10.68,496,0
JWSMF.US,D,20230720,000000,10.65,10.66,10.65,10.66,3319,0
JWSMF.US,D,20230721,000000,10.73,10.73,10.64,10.68,1121,0
JWSMF.US,D,20230724,000000,10.73,10.73,10.55,10.55,7290,0
JWSMF.US,D,20230725,000000,10.64,10.64,10.62,10.63,5597,0
JWSMF.US,D,20230726,000000,10.55,10.64,10.55,10.62,3511,0
JWSMF.US,D,20230731,000000,10.61,10.61,10.61,10.61,297,0
JWSMF.US,D,20230801,000000,10.65,10.75,10.6,10.61,15696,0
JWSMF.US,D,20230803,000000,10.63,10.73,10.61,10.73,790,0
JWSMF.US,D,20230804,000000,10.75,10.75,10.61,10.61,1551,0
JWSMF.US,D,20230807,000000,10.75,10.75,10.75,10.75,361,0
JWSMF.US,D,20230808,000000,10.75,10.75,10.65,10.7,3582,0
JWSMF.US,D,20230809,000000,10.68,10.68,10.68,10.68,693,0
JWSMF.US,D,20230810,000000,10.71,10.72,10.69,10.7,5287,0
JWSMF.US,D,20230811,000000,10.85,10.85,10.7,10.7,1945,0
JWSMF.US,D,20230814,000000,10.7001,10.7001,10.7,10.7,2394,0
JWSMF.US,D,20230815,000000,10.69,10.75,10.67,10.74,10947,0
JWSMF.US,D,20230821,000000,10.71,10.74,10.71,10.74,1625,0
JWSMF.US,D,20230823,000000,10.72,10.72,10.72,10.72,517,0
JWSMF.US,D,20230824,000000,10.72,10.72,10.715,10.715,2199,0
JWSMF.US,D,20230825,000000,10.83,10.83,10.83,10.83,1034,0
JWSMF.US,D,20230829,000000,10.85,10.85,10.71,10.8,7233,0
JWSMF.US,D,20230831,000000,10.8,10.84,10.8,10.84,576,0
JWSMF.US,D,20230905,000000,10.74,10.75,10.72,10.75,1421,0
JWSMF.US,D,20230907,000000,10.74,10.75,10.73,10.73,5586,0
JWSMF.US,D,20230908,000000,10.73,10.73,10.72,10.725,2850,0
JWSMF.US,D,20230911,000000,10.73,10.73,10.73,10.73,120,0
JWSMF.US,D,20230912,000000,10.73,10.73,10.725,10.73,17725,0
JWSMF.US,D,20230915,000000,10.74,10.75,10.72,10.75,7985,0
JWSMF.US,D,20230918,000000,10.8,10.82,10.8,10.8,621,0
JWSMF.US,D,20230919,000000,10.73,10.8477,10.73,10.84,1186,0
JWSMF.US,D,20230920,000000,10.72,10.84,10.72,10.84,404,0
JWSMF.US,D,20230925,000000,10.84,10.84,10.75,10.75,5997,0
JWSMF.US,D,20230926,000000,10.73,10.73,10.73,10.73,12113,0
JWSMF.US,D,20230927,000000,10.75,10.7501,10.75,10.75,13812,0
JWSMF.US,D,20230929,000000,10.7401,10.7401,10.7401,10.7401,1089,0
JWSMF.US,D,20231002,000000,10.745,10.75,10.745,10.75,67413,0
JWSMF.US,D,20231004,000000,10.7501,10.8,10.75,10.77,24170,0
JWSMF.US,D,20231005,000000,10.79,10.79,10.75,10.76,6598,0
JWSMF.US,D,20231006,000000,10.77,10.77,10.76,10.77,4134,0
JWSMF.US,D,20231009,000000,10.75,10.75,10.75,10.75,2406,0
JWSMF.US,D,20231010,000000,10.75,10.78,10.75,10.77,65132,0
JWSMF.US,D,20231016,000000,10.77,10.77,10.77,10.77,237,0
JWSMF.US,D,20231018,000000,10.782,10.82,10.77,10.77,828,0
JWSMF.US,D,20231020,000000,10.8001,10.8002,10.8,10.8,1880,0
JWSMF.US,D,20231026,000000,10.78,10.78,10.77,10.78,5103,0
JWSMF.US,D,20231027,000000,10.78,10.78,10.78,10.78,359,0
JWSMF.US,D,20231030,000000,10.81,10.81,10.81,10.81,301,0
JWSMF.US,D,20231031,000000,10.8,10.8,10.8,10.8,401,0
JWSMF.US,D,20231101,000000,10.8,10.8,10.78,10.78,2313,0
JWSMF.US,D,20231102,000000,10.81,10.81,10.8,10.81,9040,0
JWSMF.US,D,20231103,000000,10.81,10.8167,10.81,10.8167,2068,0
JWSMF.US,D,20231106,000000,10.81,10.83,10.81,10.83,1350,0
JWSMF.US,D,20231107,000000,10.83,10.83,10.78,10.83,3900,0
JWSMF.US,D,20231108,000000,10.83,10.83,10.82,10.83,7016,0
JWSMF.US,D,20231109,000000,10.83,10.83,10.83,10.83,5125,0
JWSMF.US,D,20231110,000000,10.83,10.83,10.82,10.82,6727,0
JWSMF.US,D,20231113,000000,10.83,10.83,10.82,10.82,1100,0
JWSMF.US,D,20231114,000000,10.82,10.8201,10.82,10.82,4967,0
JWSMF.US,D,20231116,000000,10.82,10.82,10.82,10.82,668,0
JWSMF.US,D,20231120,000000,10.82,10.82,10.81,10.82,22141,0
JWSMF.US,D,20231121,000000,10.82,10.82,10.8,10.8,9585,0
JWSMF.US,D,20231127,000000,10.81,10.81,10.81,10.81,15113,0
JWSMF.US,D,20231128,000000,10.81,10.8101,10.81,10.81,1472,0
JWSMF.US,D,20231129,000000,10.81,10.81,10.81,10.81,67690,0
JWSMF.US,D,20231201,000000,10.81,10.82,10.81,10.82,1712,0
JWSMF.US,D,20231206,000000,10.85,10.85,10.85,10.85,42886,0
JWSMF.US,D,20231208,000000,10.82,10.82,10.82,10.82,509,0
JWSMF.US,D,20231211,000000,10.8492,10.8492,10.8492,10.8492,1552,0
JWSMF.US,D,20231212,000000,10.86,10.86,10.85,10.86,370,0
JWSMF.US,D,20231213,000000,10.85,10.85,10.85,10.85,142,0
JWSMF.US,D,20231214,000000,10.86,10.86,10.85,10.86,1066,0
JWSMF.US,D,20231215,000000,10.84,10.84,10.84,10.84,5287,0
JWSMF.US,D,20231218,000000,10.82,10.9,10.82,10.9,102602,0
JWSMF.US,D,20231219,000000,10.84,10.84,10.84,10.84,266,0
JWSMF.US,D,20231220,000000,10.87,10.87,10.87,10.87,399,0
JWSMF.US,D,20231222,000000,10.94,10.94,10.94,10.94,236,0
JWSMF.US,D,20231228,000000,10.95,10.95,10.89,10.9,2615,0
JWSMF.US,D,20231229,000000,11.04,11.04,10.9,10.9,9169,0
JWSMF.US,D,20240102,000000,10.93,10.93,10.93,10.93,112,0
JWSMF.US,D,20240103,000000,10.93,10.93,10.93,10.93,136,0
JWSMF.US,D,20240104,000000,10.93,10.93,10.93,10.93,209,0
JWSMF.US,D,20240105,000000,10.9,10.9,10.9,10.9,8429,0
JWSMF.US,D,20240108,000000,10.9,10.9,10.9,10.9,1150,0
JWSMF.US,D,20240109,000000,10.93,10.93,10.9,10.9,501,0
JWSMF.US,D,20240110,000000,10.9022,10.9035,10.9022,10.9035,1314,0
JWSMF.US,D,20240111,000000,10.9,10.9,10.9,10.9,74225,0
JWSMF.US,D,20240112,000000,10.94,10.94,10.94,10.94,8132,0
JWSMF.US,D,20240116,000000,10.94,10.94,10.94,10.94,1286,0
JWSMF.US,D,20240117,000000,10.935,10.94,10.935,10.94,3310,0
JWSMF.US,D,20240118,000000,10.94,10.94,10.94,10.94,6525,0
JWSMF.US,D,20240119,000000,10.94,10.95,10.94,10.95,10640,0
JWSMF.US,D,20240122,000000,10.95,10.95,10.945,10.945,1149,0
JWSMF.US,D,20240123,000000,10.94,10.95,10.94,10.94,5536,0
JWSMF.US,D,20240124,000000,10.94,10.94,10.94,10.94,450,0
JWSMF.US,D,20240125,000000,10.94,10.94,10.94,10.94,1478,0
JWSMF.US,D,20240126,000000,10.94,10.95,10.94,10.95,14914,0
JWSMF.US,D,20240129,000000,10.99,10.99,10.99,10.99,2639,0
JWSMF.US,D,20240201,000000,10.99,11.04,10.98,11.04,2647,0
JWSMF.US,D,20240202,000000,11.03,11.03,10.95,10.95,248,0
JWSMF.US,D,20240205,000000,10.94,10.948,10.94,10.94,1237,0
JWSMF.US,D,20240206,000000,10.94,10.94,10.94,10.94,2572,0
JWSMF.US,D,20240207,000000,10.95,10.95,10.5,10.88,115084,0
JWSMF.US,D,20240208,000000,10.88,10.915,10.88,10.915,9431,0
JWSMF.US,D,20240212,000000,10.89,10.89,10.89,10.89,139,0
JWSMF.US,D,20240213,000000,10.8976,10.94,10.89,10.9,37261,0
JWSMF.US,D,20240214,000000,10.94,11.04,10.93,11.03,3487,0
JWSMF.US,D,20240223,000000,10.94,10.94,10.94,10.94,145,0
JWSMF.US,D,20240226,000000,10.9401,10.9401,10.94,10.94,252,0
JWSMF.US,D,20240227,000000,10.941,10.941,10.941,10.941,177,0
JWSMF.US,D,20240229,000000,10.94,10.94,10.94,10.94,154,0
JWSMF.US,D,20240301,000000,10.94,10.94,10.94,10.94,256,0
JWSMF.US,D,20240305,000000,10.9,10.9,10.9,10.9,147,0
JWSMF.US,D,20240306,000000,10.89,10.89,10.89,10.89,134,0
JWSMF.US,D,20240307,000000,10.89,10.9,10.89,10.9,349,0
JWSMF.US,D,20240308,000000,11,11.25,10.93,11.06,55639,0
JWSMF.US,D,20240311,000000,11.08,11.08,10.98,10.98,13134,0
JWSMF.US,D,20240312,000000,10.98,11.0761,10.965,10.99,25414,0
JWSMF.US,D,20240313,000000,11.06,11.06,10.99,11.02,11234,0
JWSMF.US,D,20240314,000000,11.05,11.06,11,11.05,7232,0
JWSMF.US,D,20240315,000000,11.05,11.05,11.05,11.05,4361,0
JWSMF.US,D,20240318,000000,11.02,11.05,11.02,11.05,6750,0
JWSMF.US,D,20240320,000000,11.041,11.05,11.04,11.04,9080,0
JWSMF.US,D,20240321,000000,11.0446,11.05,11.035,11.05,14193,0
JWSMF.US,D,20240325,000000,11.04,11.04,11.035,11.035,3788,0
JWSMF.US,D,20240326,000000,11.0201,11.025,11.01,11.01,7757,0
JWSMF.US,D,20240327,000000,11,11,10.97,10.97,10877,0
JWSMF.US,D,20240403,000000,10.97,10.98,10.97,10.98,1931,0
JWSMF.US,D,20240404,000000,11.0004,11.0004,11.0004,11.0004,200,0
JWSMF.US,D,20240408,000000,11.0098,11.0098,11.0098,11.0098,352,0
JWSMF.US,D,20240410,000000,11,11,10.97,11,5681,0
JWSMF.US,D,20240411,000000,10.95,10.95,10.95,10.95,679,0
JWSMF.US,D,20240416,000000,10.95,10.9693,10.95,10.95,4187,0
JWSMF.US,D,20240418,000000,10.95,10.97,10.95,10.97,9898,0
JWSMF.US,D,20240419,000000,11.005,11.005,10.97,11,33771,0
JWSMF.US,D,20240423,000000,11.02,11.02,11.02,11.02,556,0
JWSMF.US,D,20240425,000000,11.0004,11.0004,11.0004,11.0004,776,0
JWSMF.US,D,20240426,000000,11,11.02,11,11,15764,0
JWSMF.US,D,20240429,000000,11.02,11.02,11.0199,11.02,18918,0
JWSMF.US,D,20240430,000000,11.1,11.1,11.02,11.02,4078,0
JWSMF.US,D,20240501,000000,11.02,11.022,11.02,11.0201,8173,0
JWSMF.US,D,20240502,000000,11.02,11.02,11.02,11.02,20564,0
JWSMF.US,D,20240503,000000,11.02,11.0204,11.02,11.0204,1247,0
JWSMF.US,D,20240506,000000,11.025,11.025,11.025,11.025,883,0
JWSMF.US,D,20240507,000000,11.025,11.025,11.025,11.025,403,0
JWSMF.US,D,20240508,000000,11,11.04,11,11.03,20138,0
JWSMF.US,D,20240509,000000,11.0304,11.055,11.03,11.03,13695,0
JWSMF.US,D,20240510,000000,11.03,11.03,11.03,11.03,400,0
JWSMF.US,D,20240513,000000,11.04,11.06,11.04,11.04,6892,0
JWSMF.US,D,20240514,000000,11.04,11.05,11.04,11.05,5214,0
JWSMF.US,D,20240515,000000,11.04,11.04,11.04,11.04,585,0
JWSMF.US,D,20240516,000000,11.05,11.08,11.05,11.06,4117,0
JWSMF.US,D,20240517,000000,11.05,11.07,11.05,11.07,18354,0
JWSMF.US,D,20240520,000000,11.08,11.09,11.04,11.09,9656,0
JWSMF.US,D,20240521,000000,11.1,11.1,11.08,11.08,3652,0
JWSMF.US,D,20240522,000000,11.09,11.1,11.08,11.1,18807,0
JWSMF.US,D,20240523,000000,11.0904,11.1,11.09,11.09,1384,0
JWSMF.US,D,20240524,000000,11.09,11.09,11.09,11.09,34645,0
JWSMF.US,D,20240528,000000,11.09,11.1,11.08,11.1,10370,0
JWSMF.US,D,20240529,000000,11.09,11.11,11.09,11.09,4607,0
JWSMF.US,D,20240530,000000,11.09,11.0904,11.09,11.09,2587,0
JWSMF.US,D,20240531,000000,11.09,11.105,11.09,11.1,11512,0
JWSMF.US,D,20240603,000000,11.11,11.11,11.109,11.11,7211,0
JWSMF.US,D,20240604,000000,11.11,11.11,11.11,11.11,1214,0
JWSMF.US,D,20240605,000000,11.12,11.12,11.115,11.12,7446,0
JWSMF.US,D,20240606,000000,11.12,11.12,11.12,11.12,1000,0
JWSMF.US,D,20240607,000000,11.12,11.12,11.12,11.12,1000,0
JWSMF.US,D,20240610,000000,11.12,11.12,11.12,11.12,931,0
JWSMF.US,D,20240612,000000,11.1,11.19,11.1,11.19,109470,0
JWSMF.US,D,20240614,000000,11.13,11.13,11.115,11.115,2900,0
JWSMF.US,D,20240617,000000,11.1,11.115,11.1,11.11,3902,0
JWSMF.US,D,20240618,000000,11.15,11.15,11.11,11.11,3739,0
JWSMF.US,D,20240620,000000,11.12,11.12,11.12,11.12,4486,0
JWSMF.US,D,20240621,000000,11.15,11.15,11.11,11.11,584,0
JWSMF.US,D,20240624,000000,11.11,11.14,11.11,11.14,1867,0
JWSMF.US,D,20240625,000000,11.115,11.12,11.115,11.12,943,0
JWSMF.US,D,20240628,000000,11.105,11.105,11.105,11.105,176,0
JWSMF.US,D,20240702,000000,11.1,11.11,11.1,11.11,28625,0
JWSMF.US,D,20240703,000000,11.11,11.11,11.1099,11.11,35701,0
JWSMF.US,D,20240705,000000,11.135,11.135,11.12,11.12,8829,0
JWSMF.US,D,20240708,000000,11.115,11.12,11.115,11.12,20979,0
JWSMF.US,D,20240709,000000,11.115,11.115,11.115,11.115,964,0
JWSMF.US,D,20240710,000000,11.11,11.11,11.11,11.11,3909,0
JWSMF.US,D,20240711,000000,11.11,11.11,11.11,11.11,2603,0
JWSMF.US,D,20240715,000000,11.12,11.14,11.11,11.14,13881,0
JWSMF.US,D,20240716,000000,11.14,11.14,11.1103,11.1103,1198,0
JWSMF.US,D,20240717,000000,11.12,11.12,11.1,11.1,1284,0
JWSMF.US,D,20240718,000000,11.1,11.14,11.1,11.14,36865,0
JWSMF.US,D,20240719,000000,11.1,11.1,11.1,11.1,506,0
JWSMF.US,D,20240722,000000,11.111,11.13,11.111,11.13,1265,0
JWSMF.US,D,20240724,000000,11.13,11.13,11.13,11.13,1125,0
JWSMF.US,D,20240725,000000,11.15,11.15,11.1,11.12,4435,0
JWSMF.US,D,20240729,000000,11.125,11.125,11.125,11.125,1352,0
JWSMF.US,D,20240730,000000,11.14,11.15,11.14,11.15,8129,0
JWSMF.US,D,20240731,000000,11.15,11.15,11.15,11.15,5204,0
JWSMF.US,D,20240801,000000,11.15,11.15,11.15,11.15,1000,0
JWSMF.US,D,20240802,000000,11.15,11.15,11.15,11.15,5000,0
JWSMF.US,D,20240805,000000,11.14,11.15,11.14,11.15,754,0
JWSMF.US,D,20240806,000000,11.18,11.18,11.15,11.15,5080,0
JWSMF.US,D,20240809,000000,11.15,11.15,11.15,11.15,126,0
JWSMF.US,D,20240812,000000,11.16,11.16,11.16,11.16,1636,0
JWSMF.US,D,20240814,000000,11.17,11.18,11.16,11.18,10908,0
JWSMF.US,D,20240815,000000,11.17,11.17,11.17,11.17,150,0
JWSMF.US,D,20240816,000000,11.18,11.18,11.18,11.18,5133,0
JWSMF.US,D,20240820,000000,11.18,11.18,11.18,11.18,232,0
JWSMF.US,D,20240821,000000,11.19,11.26,11.19,11.2299,28027,0
JWSMF.US,D,20240826,000000,11.25,11.28,11.24,11.24,6653,0
JWSMF.US,D,20240830,000000,11.24,11.24,11.23,11.23,425,0
JWSMF.US,D,20240904,000000,11.23,11.24,11.23,11.24,306,0
JWSMF.US,D,20240906,000000,11.23,11.23,11.23,11.23,103,0
JWSMF.US,D,20240920,000000,11.27,11.27,11.24,11.24,200,0
JWSMF.US,D,20240924,000000,11.28,11.28,11.26,11.26,40496,0
JWSMF.US,D,20240925,000000,11.26,11.26,11.26,11.26,1523,0
JWSMF.US,D,20240927,000000,11.29,11.3,11.29,11.3,5031,0
JWSMF.US,D,20241004,000000,11.3,11.3,11.3,11.3,1399,0
JWSMF.US,D,20241009,000000,11.3,11.3,11.3,11.3,1247,0
JWSMF.US,D,20241015,000000,11.31,11.31,11.31,11.31,1523,0
JWSMF.US,D,20241016,000000,11.31,11.31,11.31,11.31,1755,0
JWSMF.US,D,20241017,000000,11.31,11.32,11.31,11.31,531,0
JWSMF.US,D,20241021,000000,11.31,11.31,11.31,11.31,158,0
JWSMF.US,D,20241023,000000,11.31,11.31,11.31,11.31,806,0
JWSMF.US,D,20241024,000000,11.29,11.31,11.29,11.31,6113,0
JWSMF.US,D,20241029,000000,11.31,11.42,11.31,11.42,4950,0
JWSMF.US,D,20241030,000000,11.33,11.33,11.31,11.32,41399,0
JWSMF.US,D,20241031,000000,11.38,11.39,11.38,11.39,1674,0
