<TICKER>,<PER>,<DATE>,<TIME>,<OPEN>,<HIGH>,<LOW>,<CLOSE>,<VOL>,<OPENINT>
PHGE.US,D,20190319,000000,10,10,9.9999,10,1011,0
PHGE.US,D,20190320,000000,10,10,10,10,9,0
PHGE.US,D,20190322,000000,9.7958,9.7958,9.7958,9.7958,200,0
PHGE.US,D,20190411,000000,9.55,9.7,9.55,9.7,400,0
PHGE.US,D,20190417,000000,9.85,9.85,9.85,9.85,191,0
PHGE.US,D,20190418,000000,9.85,9.85,9.85,9.85,29,0
PHGE.US,D,20190501,000000,9.69,9.69,9.69,9.69,511,0
PHGE.US,D,20190502,000000,9.75,9.75,9.75,9.75,501,0
PHGE.US,D,20190503,000000,9.64,9.7,9.64,9.7,1800,0
PHGE.US,D,20190506,000000,9.7,9.72,9.7,9.72,3000,0
PHGE.US,D,20190508,000000,10.1,10.1,9.73,9.8,800,0
PHGE.US,D,20190509,000000,9.8,9.8,9.8,9.8,5,0
PHGE.US,D,20190521,000000,10.02,10.02,9.87,9.87,322,0
PHGE.US,D,20190522,000000,9.87,9.87,9.87,9.87,6,0
PHGE.US,D,20190524,000000,9.76,9.76,9.76,9.76,105,0
PHGE.US,D,20190603,000000,9.76,9.76,9.76,9.76,100,0
PHGE.US,D,20190606,000000,9.78,9.8,9.78,9.8,49001,0
PHGE.US,D,20190614,000000,9.78,9.78,9.78,9.78,200000,0
PHGE.US,D,20190619,000000,9.81,9.829,9.79,9.79,20500,0
PHGE.US,D,20190620,000000,9.81,9.81,9.81,9.81,701,0
PHGE.US,D,20190621,000000,9.81,9.81,9.81,9.81,100,0
PHGE.US,D,20190626,000000,9.8,9.8,9.79,9.79,3102,0
PHGE.US,D,20190627,000000,9.79,9.79,9.79,9.79,1,0
PHGE.US,D,20190701,000000,9.8,9.8,9.8,9.8,100,0
PHGE.US,D,20190717,000000,10.26,10.65,10.26,10.65,674076,0
PHGE.US,D,20190718,000000,10.49,11.7,10.4401,10.49,12191,0
PHGE.US,D,20190719,000000,10.3001,10.65,10.3001,10.65,17480,0
PHGE.US,D,20190722,000000,11.37,11.9,10.69,10.77,22254,0
PHGE.US,D,20190723,000000,10.73,10.73,10.73,10.73,3011,0
PHGE.US,D,20190724,000000,10.65,10.79,10.6,10.6,10270,0
PHGE.US,D,20190725,000000,10.3339,10.6,10.3,10.59,13936,0
PHGE.US,D,20190726,000000,10.6375,10.65,10.55,10.55,98128,0
PHGE.US,D,20190729,000000,10.3,10.51,10.3,10.51,545,0
PHGE.US,D,20190730,000000,10.3515,10.48,10.3515,10.47,4023,0
PHGE.US,D,20190731,000000,10.497,10.497,10.497,10.497,3005,0
PHGE.US,D,20190805,000000,10.32,10.37,10.25,10.37,10127,0
PHGE.US,D,20190806,000000,10.33,10.33,10.25,10.25,1500,0
PHGE.US,D,20190808,000000,10.26,10.39,10.26,10.39,300,0
PHGE.US,D,20190809,000000,10.4,10.52,10.2705,10.3,1919,0
PHGE.US,D,20190812,000000,10.28,10.28,10.25,10.25,1002,0
PHGE.US,D,20190816,000000,10.2,10.2,10.2,10.2,101,0
PHGE.US,D,20190819,000000,10.29,10.3,10.29,10.3,2202,0
PHGE.US,D,20190821,000000,10.3,10.3,10.3,10.3,100,0
PHGE.US,D,20190822,000000,10.26,10.27,10.26,10.27,3276,0
PHGE.US,D,20190826,000000,10.255,10.255,10.255,10.255,150,0
PHGE.US,D,20190827,000000,10.25,10.25,10.2,10.2,5200,0
PHGE.US,D,20190829,000000,10.2,10.22,10.18,10.22,5400,0
PHGE.US,D,20190830,000000,10.21,10.21,10.21,10.21,1600,0
PHGE.US,D,20190903,000000,10.2,10.2,10.2,10.2,100,0
PHGE.US,D,20190905,000000,10.2,10.25,10.2,10.25,10000,0
PHGE.US,D,20190906,000000,10.235,10.235,10.235,10.235,150,0
PHGE.US,D,20190909,000000,10.1921,10.1921,10.05,10.05,2598,0
PHGE.US,D,20190910,000000,10.1,10.1,10.1,10.1,200,0
PHGE.US,D,20190912,000000,10.1629,10.1629,10.1,10.1,1051,0
PHGE.US,D,20190913,000000,10.15,10.15,10.15,10.15,400,0
PHGE.US,D,20190916,000000,10.11,10.11,10.1,10.1,1100,0
PHGE.US,D,20190917,000000,10.14,10.14,10.14,10.14,1000,0
PHGE.US,D,20190918,000000,10.19,10.2,10.1756,10.2,1210,0
PHGE.US,D,20190923,000000,10.2,10.2,10.11,10.11,1200,0
PHGE.US,D,20190927,000000,10.25,10.25,10.1,10.12,15192,0
PHGE.US,D,20190930,000000,10.23,10.27,10.1504,10.1504,11719,0
PHGE.US,D,20191001,000000,10.15,10.15,10.15,10.15,326,0
PHGE.US,D,20191002,000000,10.15,10.15,10.13,10.15,6250,0
PHGE.US,D,20191003,000000,10.15,10.15,10.05,10.1,103588,0
PHGE.US,D,20191004,000000,10.1118,10.1118,10.1,10.1,1403,0
PHGE.US,D,20191007,000000,10.0987,10.0987,10.0987,10.0987,176,0
PHGE.US,D,20191010,000000,10.14,10.15,10.14,10.15,1622,0
PHGE.US,D,20191011,000000,10.07,10.15,10.07,10.11,40895,0
PHGE.US,D,20191014,000000,10.13,10.5,10.13,10.3,345436,0
PHGE.US,D,20191015,000000,10.35,10.5,10.3,10.3,110748,0
PHGE.US,D,20191016,000000,10.3,10.3,10.29,10.3,278687,0
PHGE.US,D,20191017,000000,10.2,10.22,10,10.01,2501,0
PHGE.US,D,20191021,000000,10.01,10.01,9.736,9.99,847,0
PHGE.US,D,20191022,000000,10.3399,10.34,9.9827,10.2441,4077,0
PHGE.US,D,20191023,000000,10.097,10.34,10.0627,10.34,1809,0
PHGE.US,D,20191024,000000,9.7932,10.35,9.7932,10.35,203632,0
PHGE.US,D,20191025,000000,10.2978,11.5,10.2978,10.8,34334,0
PHGE.US,D,20191028,000000,11,11.25,10.11,10.55,25844,0
PHGE.US,D,20191029,000000,10.934,10.934,10.15,10.15,11538,0
PHGE.US,D,20191030,000000,10.65,10.65,9.8582,10,16118,0
PHGE.US,D,20191031,000000,10,10.0404,8.84,9.57,25093,0
PHGE.US,D,20191101,000000,9.5238,9.5238,9.4,9.4,2428,0
PHGE.US,D,20191104,000000,9.7068,10,9.1,9.1,7749,0
PHGE.US,D,20191105,000000,9.25,9.25,8.77,8.845,12528,0
PHGE.US,D,20191106,000000,9.0769,9.0769,8.1105,8.5,14942,0
PHGE.US,D,20191107,000000,8.5,8.88,8.27,8.88,2896,0
PHGE.US,D,20191108,000000,8.847,8.847,8.03,8.14,4850,0
PHGE.US,D,20191111,000000,7.65,7.99,7.25,7.42,49011,0
PHGE.US,D,20191112,000000,7.01,7.01,7.01,7.01,580,0
PHGE.US,D,20191113,000000,7.01,7.5,6.61,6.61,6602,0
PHGE.US,D,20191114,000000,6.5,6.76,6.5,6.6,7670,0
PHGE.US,D,20191115,000000,6.42,6.42,6.13,6.13,4796,0
PHGE.US,D,20191118,000000,6.73,7.9218,6.7251,7.92,14189,0
PHGE.US,D,20191119,000000,7.32,7.95,7.25,7.5,11394,0
PHGE.US,D,20191120,000000,7.9,8.3,7.9,8.05,12833,0
PHGE.US,D,20191121,000000,8.16,8.16,7.755,7.81,8986,0
PHGE.US,D,20191122,000000,7.8826,7.966,7.77,7.89,4920,0
PHGE.US,D,20191125,000000,7.52,8.49,7.52,8.2,9274,0
PHGE.US,D,20191126,000000,8.14,8.8,8.14,8.674,19825,0
PHGE.US,D,20191127,000000,9.37,9.37,7.9,7.95,14760,0
PHGE.US,D,20191129,000000,7.6328,8,7.5,7.76,3393,0
PHGE.US,D,20191202,000000,8,8.74,7.85,7.9,5326,0
PHGE.US,D,20191203,000000,7.9553,8.649,7.9167,7.92,5137,0
PHGE.US,D,20191204,000000,7.9636,8.1,7.94,8.0001,8984,0
PHGE.US,D,20191205,000000,7.9371,8.15,7.7144,8,8271,0
PHGE.US,D,20191206,000000,8,8.5,8,8.49,3755,0
PHGE.US,D,20191209,000000,8.49,8.8,8.285,8.65,7265,0
PHGE.US,D,20191210,000000,8.65,8.86,8.43,8.78,28391,0
PHGE.US,D,20191211,000000,8.6031,9.05,8.31,8.97,8588,0
PHGE.US,D,20191212,000000,8.95,9.1,8.79,9.04,2972,0
PHGE.US,D,20191213,000000,9,9.3456,9,9.25,1718,0
PHGE.US,D,20191216,000000,9.25,9.54,9.11,9.3,17067,0
PHGE.US,D,20191217,000000,9.45,9.67,9.36,9.465,30792,0
PHGE.US,D,20191218,000000,9.3424,9.3598,8.64,8.93,6600,0
PHGE.US,D,20191219,000000,9,10,8.85,10,14666,0
PHGE.US,D,20191220,000000,9.993,9.993,9.3,9.94,7546,0
PHGE.US,D,20191223,000000,10.04,10.05,9.84,10,11159,0
PHGE.US,D,20191224,000000,10,10,9.8,9.8,3449,0
PHGE.US,D,20191226,000000,9.95,10,9.85,10,3388,0
PHGE.US,D,20191227,000000,9.99,10,9.7,9.8109,3673,0
PHGE.US,D,20191230,000000,9.7772,9.7772,9.362,9.362,1076,0
PHGE.US,D,20191231,000000,9.4,9.685,9.25,9.685,3889,0
PHGE.US,D,20200102,000000,10,10,9.484,9.65,8660,0
PHGE.US,D,20200103,000000,9.65,9.75,9.63,9.75,2288,0
PHGE.US,D,20200106,000000,9.99,9.99,9.45,9.65,6529,0
PHGE.US,D,20200107,000000,9.65,9.75,9.46,9.64,9924,0
PHGE.US,D,20200108,000000,9.64,9.7,8.955,9.595,10001,0
PHGE.US,D,20200109,000000,9.5,9.5,9.1,9.29,14695,0
PHGE.US,D,20200110,000000,9.99,10.25,8.8,8.85,10794,0
PHGE.US,D,20200113,000000,8.81,9.41,8.77,9.2,8591,0
PHGE.US,D,20200114,000000,9.39,9.5,9.06,9.5,21822,0
PHGE.US,D,20200115,000000,9.99,9.99,9.3,9.51,23659,0
PHGE.US,D,20200116,000000,9.5,9.5,9.32,9.32,1877,0
PHGE.US,D,20200117,000000,9.5,9.5,9,9.28,12491,0
PHGE.US,D,20200121,000000,9.25,9.3,9,9.05,9807,0
PHGE.US,D,20200122,000000,9.06,9.25,9.05,9.1,13438,0
PHGE.US,D,20200123,000000,9.05,9.21,8.9,9.09,12181,0
PHGE.US,D,20200124,000000,9.01,9.19,8.94,9,8565,0
PHGE.US,D,20200128,000000,9,9.89,9,9.7,7983,0
PHGE.US,D,20200129,000000,9.5,9.8,9.5,9.8,5929,0
PHGE.US,D,20200130,000000,10.05,10.05,9.84,9.9,7677,0
PHGE.US,D,20200203,000000,10,10.05,9.79,9.99,24626,0
PHGE.US,D,20200204,000000,9.9,10.05,9.7,10.05,30225,0
PHGE.US,D,20200205,000000,10.05,10.07,9.85,9.98,56860,0
PHGE.US,D,20200206,000000,9.81,10.05,9.5294,10.05,13098,0
PHGE.US,D,20200207,000000,9.94,10.05,9.9328,10.03,7513,0
PHGE.US,D,20200210,000000,9.87,10,9.73,9.95,23068,0
PHGE.US,D,20200211,000000,9.99,10.05,9.9,9.97,7343,0
PHGE.US,D,20200212,000000,10.05,10.05,9.8445,10.05,11634,0
PHGE.US,D,20200213,000000,9.9,10.05,9.9,10.04,6014,0
PHGE.US,D,20200214,000000,9.9,10.05,9.82,10.05,10020,0
PHGE.US,D,20200218,000000,10.16,11.05,9.9163,10.44,64519,0
PHGE.US,D,20200219,000000,10.4,10.555,9.82,10.2,38170,0
PHGE.US,D,20200220,000000,10.3,10.3,9.55,9.85,24997,0
PHGE.US,D,20200221,000000,9.87,10.24,9.8,10.14,8199,0
PHGE.US,D,20200224,000000,9.54,9.65,9.205,9.465,17013,0
PHGE.US,D,20200225,000000,9.26,10.04,9.11,9.715,8127,0
PHGE.US,D,20200226,000000,10.1,10.1,9.27,10,9009,0
PHGE.US,D,20200227,000000,9.52,10.125,9.29,9.98,11162,0
PHGE.US,D,20200228,000000,9.48,9.95,9.48,9.9,11904,0
PHGE.US,D,20200302,000000,9.4,9.9,9.39,9.84,6927,0
PHGE.US,D,20200303,000000,10,10,9.5252,10,6643,0
PHGE.US,D,20200304,000000,9.6195,9.6195,9.6195,9.6195,1080,0
PHGE.US,D,20200305,000000,9.3,9.92,9.018,9.92,16426,0
PHGE.US,D,20200306,000000,9.68,9.9,9.535,9.88,8223,0
PHGE.US,D,20200309,000000,9.35,10.1,9.35,10,13888,0
PHGE.US,D,20200310,000000,10.1,10.34,9.41,9.95,13583,0
PHGE.US,D,20200311,000000,10.34,10.65,9.25,9.85,15565,0
PHGE.US,D,20200312,000000,9.75,10.045,8.82,8.96,13535,0
PHGE.US,D,20200313,000000,8.012,9.25,7.74,9.17,3833,0
PHGE.US,D,20200316,000000,8.8,8.95,7.95,8.1,30332,0
PHGE.US,D,20200317,000000,8.73,8.73,7.67,7.67,3545,0
PHGE.US,D,20200318,000000,7.52,8.16,6.2,6.97,34480,0
PHGE.US,D,20200319,000000,6.99,7.07,6.03,6.555,230377,0
PHGE.US,D,20200320,000000,6.95,6.95,6.1,6.7,8180,0
PHGE.US,D,20200323,000000,7,7,5.46,6.12,22487,0
PHGE.US,D,20200324,000000,6.46,6.46,5.95,6.21,20213,0
PHGE.US,D,20200325,000000,6.46,6.99,6.25,6.98,19066,0
PHGE.US,D,20200326,000000,7.12,7.95,6.61,7.5,17450,0
PHGE.US,D,20200327,000000,6.8693,7.51,6.8693,7.49,1563,0
PHGE.US,D,20200330,000000,8.29,8.29,7.71,7.72,14390,0
PHGE.US,D,20200331,000000,8.85,9.065,6.37,7,93504,0
PHGE.US,D,20200401,000000,7.39,7.39,6.735,7,80225,0
PHGE.US,D,20200402,000000,7.11,7.11,6.44,6.5,49097,0
PHGE.US,D,20200403,000000,6.5,6.5,6.06,6.21,16532,0
PHGE.US,D,20200406,000000,6.71,6.71,6.39,6.65,16591,0
PHGE.US,D,20200407,000000,6.34,6.42,5.78,5.9,8394,0
PHGE.US,D,20200408,000000,6,6,5.58,5.85,6872,0
PHGE.US,D,20200409,000000,5.58,5.63,4.965,4.99,51486,0
PHGE.US,D,20200413,000000,5.78,5.78,5.05,5.05,33998,0
PHGE.US,D,20200414,000000,4.93,5.1,4.91,4.98,27813,0
PHGE.US,D,20200415,000000,4.99,5.07,4.92,5.01,13416,0
PHGE.US,D,20200416,000000,5.28,5.28,4.89,5.08,35882,0
PHGE.US,D,20200417,000000,5,5.0424,4.94,5,35811,0
PHGE.US,D,20200420,000000,5.24,5.24,4.85,5.15,54791,0
PHGE.US,D,20200421,000000,4.92,5.18,4.52,4.85,21706,0
PHGE.US,D,20200422,000000,5.1,5.1,4.68,4.87,29823,0
PHGE.US,D,20200423,000000,4.97,5.25,4.55,5.24,26284,0
PHGE.US,D,20200424,000000,5.45,5.45,5.05,5.1,20137,0
PHGE.US,D,20200427,000000,5.32,5.52,5.07,5.48,35635,0
PHGE.US,D,20200428,000000,5.45,5.4794,5.2101,5.45,7502,0
PHGE.US,D,20200429,000000,5.36,5.84,5.275,5.82,15843,0
PHGE.US,D,20200430,000000,5.87,6.24,5.68,5.97,27844,0
PHGE.US,D,20200501,000000,5.9413,5.95,5.5,5.6,32079,0
PHGE.US,D,20200504,000000,5.75,5.785,5.32,5.59,33801,0
PHGE.US,D,20200505,000000,5.59,5.77,5.5,5.75,39418,0
PHGE.US,D,20200506,000000,5.82,6.45,5.67,6.45,26943,0
PHGE.US,D,20200507,000000,6.83,8.6886,6.68,7.8,232379,0
PHGE.US,D,20200508,000000,7.65,7.65,6.5601,6.99,93690,0
PHGE.US,D,20200511,000000,6.57,7.04,6.57,6.98,18261,0
PHGE.US,D,20200512,000000,7.3,7.62,6.7,7,49803,0
PHGE.US,D,20200513,000000,7.4,7.4,6.66,6.84,16082,0
PHGE.US,D,20200514,000000,6.5,6.5,6.26,6.26,15715,0
PHGE.US,D,20200515,000000,6.08,6.38,5.9234,6.21,10609,0
PHGE.US,D,20200518,000000,6.45,6.45,6.14,6.21,29835,0
PHGE.US,D,20200519,000000,6.12,6.28,5.67,6.28,23979,0
PHGE.US,D,20200520,000000,6.19,6.41,5.9726,6.41,19067,0
PHGE.US,D,20200521,000000,6.14,6.41,6.03,6.41,11821,0
PHGE.US,D,20200522,000000,6.45,7.42,5.85,7.28,18983,0
PHGE.US,D,20200526,000000,7,7,6.06,6.25,36678,0
PHGE.US,D,20200527,000000,6.11,6.27,5.8,6,37086,0
PHGE.US,D,20200528,000000,6.11,6.11,5.8,5.9,15041,0
PHGE.US,D,20200529,000000,5.8,6.27,5.59,5.82,30643,0
PHGE.US,D,20200601,000000,5.7,5.89,5.52,5.7,31110,0
PHGE.US,D,20200602,000000,5.54,5.74,5.41,5.73,26477,0
PHGE.US,D,20200603,000000,5.59,5.64,5.27,5.44,43098,0
PHGE.US,D,20200604,000000,5.21,5.23,4.87,5.22,57292,0
PHGE.US,D,20200605,000000,5.4,5.4,4.86,4.98,70734,0
PHGE.US,D,20200608,000000,4.98,5.02,4.8,4.83,58069,0
PHGE.US,D,20200609,000000,4.76,4.86,4.65,4.71,24024,0
PHGE.US,D,20200610,000000,4.7,5.88,4.65,5.6,300242,0
PHGE.US,D,20200611,000000,6.64,6.7399,5.9,5.95,225608,0
PHGE.US,D,20200612,000000,6.73,7.16,6.25,6.5,165506,0
PHGE.US,D,20200615,000000,6.31,6.6,6.17,6.17,65997,0
PHGE.US,D,20200616,000000,6.46,6.46,6,6,47053,0
PHGE.US,D,20200617,000000,6,6.0571,5.775,5.82,21124,0
PHGE.US,D,20200618,000000,5.62,5.97,5.45,5.5,64332,0
PHGE.US,D,20200619,000000,5.48,5.9927,5.24,5.99,44300,0
PHGE.US,D,20200622,000000,5.99,6.37,5.99,6,39504,0
PHGE.US,D,20200623,000000,5.9,6.13,5.9,6,10224,0
PHGE.US,D,20200624,000000,5.86,6,5.65,5.75,21662,0
PHGE.US,D,20200625,000000,5.61,5.8,5.61,5.67,10955,0
PHGE.US,D,20200626,000000,5.9,5.9,5.17,5.17,34230,0
PHGE.US,D,20200629,000000,5.55,5.75,5.35,5.41,28077,0
PHGE.US,D,20200630,000000,5.57,5.64,5.35,5.52,16541,0
PHGE.US,D,20200701,000000,5.79,5.92,5.74,5.92,19107,0
PHGE.US,D,20200702,000000,6.15,6.23,5.94,5.95,17193,0
PHGE.US,D,20200706,000000,5.94,5.94,5.7,5.85,11568,0
PHGE.US,D,20200707,000000,5.75,5.779,5.34,5.4,19298,0
PHGE.US,D,20200708,000000,5.3,5.5,5.3,5.46,25162,0
PHGE.US,D,20200709,000000,5.35,5.4,5.27,5.35,8290,0
PHGE.US,D,20200710,000000,5.24,5.38,5.24,5.34,1971,0
PHGE.US,D,20200713,000000,5.6,5.6,5.31,5.5,20200,0
PHGE.US,D,20200714,000000,5.5,5.6,5.25,5.5,16376,0
PHGE.US,D,20200715,000000,5.33,5.59,5.33,5.36,9353,0
PHGE.US,D,20200716,000000,5.3,5.871,5.3,5.75,12494,0
PHGE.US,D,20200717,000000,5.75,5.75,5.441,5.47,11390,0
PHGE.US,D,20200720,000000,5.47,5.5742,5.35,5.51,9199,0
PHGE.US,D,20200721,000000,5.62,5.62,5.34,5.35,7856,0
PHGE.US,D,20200722,000000,5.25,5.495,5.25,5.36,4409,0
PHGE.US,D,20200723,000000,5.5,5.672,5.4,5.4,6706,0
PHGE.US,D,20200724,000000,5.29,5.3998,5.2401,5.36,13891,0
PHGE.US,D,20200727,000000,5.51,5.59,5.49,5.54,9573,0
PHGE.US,D,20200728,000000,5.53,5.76,5.53,5.605,6295,0
PHGE.US,D,20200729,000000,5.5699,5.5699,5.5699,5.5699,497,0
PHGE.US,D,20200730,000000,5.65,5.69,5.63,5.63,1738,0
PHGE.US,D,20200731,000000,5.25,5.48,5.1,5.25,13774,0
PHGE.US,D,20200803,000000,5.4,5.4,5.1,5.13,28220,0
PHGE.US,D,20200804,000000,5.27,5.57,5.2,5.43,6532,0
PHGE.US,D,20200805,000000,5.5,5.5,5.3401,5.41,7114,0
PHGE.US,D,20200806,000000,5.67,5.7,5.22,5.24,23720,0
PHGE.US,D,20200807,000000,5.35,5.63,5.24,5.63,10889,0
PHGE.US,D,20200810,000000,6.5,8.05,6.03,8,408126,0
PHGE.US,D,20200811,000000,8.39,8.65,7.4994,8.65,147516,0
PHGE.US,D,20200812,000000,8.37,8.44,7.78,7.98,47854,0
PHGE.US,D,20200813,000000,7.41,7.7112,6.62,6.67,46280,0
PHGE.US,D,20200814,000000,6.6,6.6,5.94,6.14,23458,0
PHGE.US,D,20200817,000000,5.84,6.08,5.84,6,27226,0
PHGE.US,D,20200818,000000,6.05,6.225,6,6.09,11858,0
PHGE.US,D,20200819,000000,6.3652,6.405,5.94,6.07,23795,0
PHGE.US,D,20200820,000000,6.06,6.06,5.65,5.71,14861,0
PHGE.US,D,20200821,000000,5.95,5.95,5.7,5.78,9771,0
PHGE.US,D,20200824,000000,5.97,5.97,5.81,5.96,4119,0
PHGE.US,D,20200825,000000,6.05,6.08,6,6.08,5402,0
PHGE.US,D,20200826,000000,6,6.05,5.98,6.05,4775,0
PHGE.US,D,20200827,000000,6.09,6.1,5.98,6.09,16518,0
PHGE.US,D,20200828,000000,6,6.1,5.89,6.1,8534,0
PHGE.US,D,20200831,000000,6.1,6.1,5.8398,6.1,9268,0
PHGE.US,D,20200901,000000,6.1,6.11,5.8089,5.84,7929,0
PHGE.US,D,20200902,000000,6.1,6.11,5.7,5.91,26837,0
PHGE.US,D,20200903,000000,6.1,6.1,5.49,5.5,19361,0
PHGE.US,D,20200904,000000,5.79,5.79,5.35,5.42,12153,0
PHGE.US,D,20200908,000000,5.58,5.58,5.21,5.24,10264,0
PHGE.US,D,20200909,000000,5.46,5.63,5.37,5.37,3925,0
PHGE.US,D,20200910,000000,5.58,5.6,5.42,5.6,6809,0
PHGE.US,D,20200911,000000,5.67,5.96,5.4721,5.96,3990,0
PHGE.US,D,20200914,000000,5.9,5.99,5.6788,5.82,7255,0
PHGE.US,D,20200915,000000,5.7299,6.0001,5.71,6.0001,9238,0
PHGE.US,D,20200916,000000,6,6.1,5.8201,6.02,5656,0
PHGE.US,D,20200917,000000,5.915,5.915,5.915,5.915,255,0
PHGE.US,D,20200918,000000,6,6,6,6,2538,0
PHGE.US,D,20200921,000000,5.935,6.1,5.87,5.95,5915,0
PHGE.US,D,20200922,000000,6.1,6.13,6,6,8448,0
PHGE.US,D,20200923,000000,5.96,6.012,5.7,5.87,5734,0
PHGE.US,D,20200924,000000,5.79,5.97,5.79,5.9,1329,0
PHGE.US,D,20200925,000000,5.99,6.03,5.95,5.95,1744,0
PHGE.US,D,20200928,000000,6,6.1,6,6.1,2155,0
PHGE.US,D,20200929,000000,6.13,6.4999,6.13,6.36,3681,0
PHGE.US,D,20200930,000000,6.36,6.36,6.01,6.34,9970,0
PHGE.US,D,20201001,000000,6.34,6.47,6.3001,6.44,1500,0
PHGE.US,D,20201002,000000,6.1,6.43,6.1,6.3588,1586,0
PHGE.US,D,20201005,000000,6.35,6.35,6.23,6.3,2953,0
PHGE.US,D,20201006,000000,6.25,6.3988,6.2,6.2,2197,0
PHGE.US,D,20201007,000000,6.15,6.255,6.15,6.15,1764,0
PHGE.US,D,20201008,000000,6.23,6.23,6.1,6.1,835,0
PHGE.US,D,20201009,000000,6.2341,6.2998,6.2341,6.27,2620,0
PHGE.US,D,20201012,000000,6.13,6.31,6.13,6.17,2452,0
PHGE.US,D,20201013,000000,6.27,6.311,6.2,6.29,5102,0
PHGE.US,D,20201014,000000,6.5,6.5,6.1908,6.37,3549,0
PHGE.US,D,20201015,000000,6.31,6.37,6.2909,6.37,1832,0
PHGE.US,D,20201016,000000,6.22,6.22,5.9521,6.05,16057,0
PHGE.US,D,20201019,000000,6.3,6.3,6.01,6.28,6885,0
PHGE.US,D,20201020,000000,6.1775,6.1775,5.96,6.09,2197,0
PHGE.US,D,20201021,000000,6.103,6.2,6,6,1965,0
PHGE.US,D,20201022,000000,6.055,6.2,6.0529,6.2,2254,0
PHGE.US,D,20201023,000000,6.046,6.05,5.91,5.9602,2274,0
PHGE.US,D,20201026,000000,6.23,6.23,6.01,6.01,5218,0
PHGE.US,D,20201027,000000,5.97,6.025,5.945,5.98,3387,0
PHGE.US,D,20201028,000000,6,6.25,5.7,5.95,14285,0
PHGE.US,D,20201029,000000,5.91,5.92,5.7,5.7,3304,0
PHGE.US,D,20201030,000000,5.98,6.035,5.75,6,2288,0
PHGE.US,D,20201102,000000,6.07,6.15,5.7,6.15,6408,0
PHGE.US,D,20201103,000000,5.87,6.28,5.5,6,18242,0
PHGE.US,D,20201104,000000,6.135,6.135,5.71,5.93,5663,0
PHGE.US,D,20201105,000000,5.85,6.25,5.85,6.2,8799,0
PHGE.US,D,20201106,000000,6.055,6.15,6.01,6.15,3852,0
PHGE.US,D,20201109,000000,6.23,6.25,6.0101,6.23,2032,0
PHGE.US,D,20201110,000000,6.065,6.24,6.03,6.03,710,0
PHGE.US,D,20201111,000000,6.16,6.27,5.72,5.97,4390,0
PHGE.US,D,20201112,000000,6.24,6.24,5.96,5.96,773,0
PHGE.US,D,20201113,000000,5.88,6.1,5.72,5.72,1752,0
PHGE.US,D,20201116,000000,5.95,6.06,5.25,5.6,56501,0
PHGE.US,D,20201118,000000,5.98,5.98,5.61,5.9,16843,0
PHGE.US,D,20201119,000000,5.93,5.93,5.75,5.9,2527,0
PHGE.US,D,20201120,000000,6,6,5.66,5.98,792,0
PHGE.US,D,20201123,000000,5.84,6.69,5.7534,6.67,58705,0
PHGE.US,D,20201124,000000,6.25,6.3,6.04,6.24,7328,0
PHGE.US,D,20201125,000000,6.2,6.35,5.99,6.3,4983,0
PHGE.US,D,20201127,000000,6.02,6.5982,5.89,5.89,4325,0
PHGE.US,D,20201130,000000,6.24,6.24,6.09,6.2,2098,0
PHGE.US,D,20201201,000000,6.29,6.29,6.03,6.2145,2537,0
PHGE.US,D,20201202,000000,5.47,6.2,5.47,5.9,2349,0
PHGE.US,D,20201203,000000,6.2,6.2,5.67,5.76,19619,0
PHGE.US,D,20201204,000000,6.05,6.1,5.62,5.9,16889,0
PHGE.US,D,20201207,000000,6.18,6.25,6.1,6.13,17832,0
PHGE.US,D,20201208,000000,5.93,6.2,5.93,6.2,11174,0
PHGE.US,D,20201209,000000,6.02,6.2,5.86,5.98,25686,0
PHGE.US,D,20201210,000000,6.4,6.58,6.14,6.14,21209,0
PHGE.US,D,20201211,000000,6.47,6.47,6.28,6.32,3979,0
PHGE.US,D,20201214,000000,6.4,6.51,6.1,6.25,12909,0
PHGE.US,D,20201215,000000,6.31,6.4349,6.31,6.35,9164,0
PHGE.US,D,20201216,000000,6.31,6.35,6.29,6.29,4076,0
PHGE.US,D,20201217,000000,6.25,6.25,5.9626,6.12,12784,0
PHGE.US,D,20201218,000000,6.1,6.11,5.9827,6.1,5078,0
PHGE.US,D,20201221,000000,5.76,5.9,5.76,5.9,10670,0
PHGE.US,D,20201222,000000,5.8,5.8921,5.79,5.8,4608,0
PHGE.US,D,20201223,000000,5.78,6.08,5.78,5.95,10441,0
PHGE.US,D,20201224,000000,5.9336,6,5.88,5.88,2122,0
PHGE.US,D,20201228,000000,5.95,6.1,5.86,5.86,8064,0
PHGE.US,D,20201229,000000,6.2,6.31,5.93,6.3,19155,0
PHGE.US,D,20201230,000000,6.14,6.5,6.1267,6.14,18143,0
PHGE.US,D,20201231,000000,6.52,6.5829,6.25,6.38,17700,0
PHGE.US,D,20210104,000000,6.0571,6.38,6.01,6.31,81111,0
PHGE.US,D,20210105,000000,6.15,6.43,6.08,6.43,43690,0
PHGE.US,D,20210106,000000,6.3,6.6,6.3,6.57,19114,0
PHGE.US,D,20210107,000000,6.45,6.64,6.34,6.64,36233,0
PHGE.US,D,20210108,000000,6.64,7.09,6.64,6.97,78802,0
PHGE.US,D,20210111,000000,6.77,6.82,6.53,6.77,24302,0
PHGE.US,D,20210112,000000,6.61,6.83,6.53,6.57,97023,0
PHGE.US,D,20210113,000000,6.5,6.56,6.45,6.56,15687,0
PHGE.US,D,20210114,000000,6.46,6.69,6.46,6.69,29533,0
PHGE.US,D,20210115,000000,6.61,6.8,6.61,6.71,9051,0
PHGE.US,D,20210119,000000,6.6401,6.7,6.35,6.51,20147,0
PHGE.US,D,20210120,000000,6.5,6.7741,6.5,6.51,16753,0
PHGE.US,D,20210121,000000,6.59,6.69,6.48,6.55,70086,0
PHGE.US,D,20210122,000000,6.48,6.6,6.14,6.51,40617,0
PHGE.US,D,20210125,000000,6.6,6.75,6.3979,6.47,22943,0
PHGE.US,D,20210126,000000,6.54,6.7,6.39,6.39,5648,0
PHGE.US,D,20210127,000000,6.8,6.8,6.4,6.61,48445,0
PHGE.US,D,20210128,000000,6.61,6.6512,6.34,6.34,10614,0
PHGE.US,D,20210129,000000,6.34,6.65,6.34,6.575,30170,0
PHGE.US,D,20210201,000000,6.62,6.65,6.62,6.65,13653,0
PHGE.US,D,20210202,000000,7.5,7.7,6.4,6.5,260246,0
PHGE.US,D,20210203,000000,6.82,7.11,6.8,7.11,68554,0
PHGE.US,D,20210204,000000,7.1,7.11,6.74,6.77,61996,0
PHGE.US,D,20210205,000000,6.92,7,6.8,6.88,35130,0
PHGE.US,D,20210208,000000,7,7.19,6.8,7.01,599685,0
PHGE.US,D,20210209,000000,7.15,7.39,6.65,6.82,114983,0
PHGE.US,D,20210210,000000,7.04,7.1161,6.94,7,22558,0
PHGE.US,D,20210211,000000,7.1,7.11,6.95,7,76497,0
PHGE.US,D,20210212,000000,7,7.005,6.905,7,28344,0
PHGE.US,D,20210216,000000,7,7.3899,6.9265,7.3,239152,0
PHGE.US,D,20210217,000000,7.31,7.44,7.2199,7.43,40780,0
PHGE.US,D,20210218,000000,7.19,8.24,7.07,8.07,153836,0
PHGE.US,D,20210219,000000,8.3,8.48,7.87,7.99,235217,0
PHGE.US,D,20210222,000000,8.11,9.0495,7.88,8.4,259743,0
PHGE.US,D,20210223,000000,8.1,8.19,7.18,7.27,101980,0
PHGE.US,D,20210224,000000,7.48,8.415,7.46,7.94,62367,0
PHGE.US,D,20210225,000000,7.75,7.835,7.26,7.29,63696,0
PHGE.US,D,20210226,000000,7.47,7.57,7.1,7.27,71252,0
PHGE.US,D,20210301,000000,7.61,8.02,7.36,7.8,125956,0
PHGE.US,D,20210302,000000,8.32,8.86,8.01,8.64,117917,0
PHGE.US,D,20210303,000000,8.7,8.79,7.9058,8.07,64747,0
PHGE.US,D,20210304,000000,8.03,8.03,7.35,7.54,42355,0
PHGE.US,D,20210305,000000,7.56,7.56,6.61,7.04,69358,0
PHGE.US,D,20210308,000000,6.9,6.9199,6.556,6.82,49482,0
PHGE.US,D,20210309,000000,7,7.42,7,7.42,32829,0
PHGE.US,D,20210310,000000,7.52,7.54,7.27,7.39,8011,0
PHGE.US,D,20210311,000000,7.53,7.6,7.48,7.52,21900,0
PHGE.US,D,20210312,000000,7.43,7.69,7.27,7.58,25183,0
PHGE.US,D,20210315,000000,7.42,7.66,7.35,7.66,26210,0
PHGE.US,D,20210316,000000,7.69,7.75,7.62,7.66,14216,0
PHGE.US,D,20210317,000000,7.75,7.75,7.3,7.52,58713,0
PHGE.US,D,20210318,000000,7.5,7.5199,7.32,7.38,24379,0
PHGE.US,D,20210319,000000,7.52,7.5302,7.37,7.39,11072,0
PHGE.US,D,20210322,000000,7.33,7.9,7.28,7.72,30861,0
PHGE.US,D,20210323,000000,7.7628,7.85,7.37,7.49,25003,0
PHGE.US,D,20210324,000000,7.45,7.525,7.35,7.4,17852,0
PHGE.US,D,20210325,000000,7.25,7.32,7.1,7.16,29100,0
PHGE.US,D,20210326,000000,7.15,7.18,7.08,7.18,14472,0
PHGE.US,D,20210329,000000,7.02,7.1599,7.01,7.02,14875,0
PHGE.US,D,20210330,000000,7.24,7.24,7.02,7.23,12013,0
PHGE.US,D,20210331,000000,6.96,7.17,6.95,7.12,33293,0
PHGE.US,D,20210401,000000,7.25,7.44,7.1116,7.25,21190,0
PHGE.US,D,20210405,000000,7.11,7.11,6.5,6.66,75106,0
PHGE.US,D,20210406,000000,6.49,6.7,6.4,6.4,37433,0
PHGE.US,D,20210407,000000,6.32,6.37,6.25,6.34,25886,0
PHGE.US,D,20210408,000000,6.3,6.395,6.16,6.39,19730,0
PHGE.US,D,20210409,000000,6.44,6.65,6.44,6.5,5816,0
PHGE.US,D,20210412,000000,6.49,6.49,6.2,6.22,13470,0
PHGE.US,D,20210413,000000,6.15,6.27,6.15,6.26,17413,0
PHGE.US,D,20210414,000000,6.23,6.45,6.18,6.38,30734,0
PHGE.US,D,20210415,000000,6.82,6.95,6.62,6.74,68555,0
PHGE.US,D,20210416,000000,6.8,6.8,6.35,6.36,18370,0
PHGE.US,D,20210419,000000,6.43,6.4899,6.3,6.39,20723,0
PHGE.US,D,20210420,000000,6.41,6.41,6.2,6.28,7401,0
PHGE.US,D,20210421,000000,6.3,6.55,6.22,6.55,16805,0
PHGE.US,D,20210422,000000,6.6,6.6,6.26,6.4,21520,0
PHGE.US,D,20210423,000000,6.4937,6.6,6.4,6.59,11812,0
PHGE.US,D,20210426,000000,6.67,6.95,6.45,6.76,22001,0
PHGE.US,D,20210427,000000,6.78,6.86,6.57,6.76,29400,0
PHGE.US,D,20210428,000000,6.76,6.79,6.6124,6.78,23424,0
PHGE.US,D,20210429,000000,6.85,6.93,6.7,6.87,20659,0
PHGE.US,D,20210430,000000,6.64,7,6.64,6.93,10793,0
PHGE.US,D,20210503,000000,6.76,6.85,6.71,6.85,24892,0
PHGE.US,D,20210504,000000,6.7655,6.7655,6.56,6.56,13790,0
PHGE.US,D,20210505,000000,6.56,6.85,6.5,6.79,8356,0
PHGE.US,D,20210506,000000,6.59,6.6,6.14,6.24,24495,0
PHGE.US,D,20210507,000000,6.38,6.38,6.2,6.23,17242,0
PHGE.US,D,20210510,000000,6.22,6.26,5.9,5.91,25101,0
PHGE.US,D,20210511,000000,5.81,6.01,5.81,6.01,14826,0
PHGE.US,D,20210512,000000,5.9,5.98,5.55,5.69,12590,0
PHGE.US,D,20210513,000000,5.88,5.88,5.29,5.4,15052,0
PHGE.US,D,20210514,000000,5.49,5.7,5.471,5.68,10054,0
PHGE.US,D,20210517,000000,5.6185,5.8188,5.5801,5.64,6330,0
PHGE.US,D,20210518,000000,5.7683,6.02,5.7501,5.92,7001,0
PHGE.US,D,20210519,000000,5.88,6.0334,5.88,5.9,4856,0
PHGE.US,D,20210520,000000,5.89,5.89,5.72,5.88,6464,0
PHGE.US,D,20210521,000000,5.88,6.09,5.88,6.09,7148,0
PHGE.US,D,20210524,000000,6.18,6.5,6.06,6.19,45614,0
PHGE.US,D,20210525,000000,6.19,6.31,5.9,6.06,19526,0
PHGE.US,D,20210526,000000,6.4,6.5,6,6.12,28156,0
PHGE.US,D,20210527,000000,6.15,6.2699,6.129,6.21,14614,0
PHGE.US,D,20210528,000000,6.3,6.3,5.95,6.03,18281,0
PHGE.US,D,20210601,000000,6.27,6.62,6.23,6.31,44694,0
PHGE.US,D,20210602,000000,6.3,6.44,6.09,6.17,44850,0
PHGE.US,D,20210603,000000,6.2199,6.43,6.09,6.09,15110,0
PHGE.US,D,20210604,000000,6.19,6.31,6.0708,6.08,13734,0
PHGE.US,D,20210607,000000,6.08,6.0806,5.9501,5.99,7376,0
PHGE.US,D,20210608,000000,6,6.0873,5.9631,6.04,9471,0
PHGE.US,D,20210609,000000,6.03,6.07,5.96,5.96,11179,0
PHGE.US,D,20210610,000000,6.04,6.24,5.99,6.02,29573,0
PHGE.US,D,20210611,000000,6.19,6.2499,5.9749,5.98,13806,0
PHGE.US,D,20210614,000000,6.17,6.73,5.85,6.08,370454,0
PHGE.US,D,20210615,000000,6.11,6.12,5.755,5.87,32455,0
PHGE.US,D,20210616,000000,5.89,5.98,5.7,5.75,23301,0
PHGE.US,D,20210617,000000,5.75,5.77,5.35,5.43,33773,0
PHGE.US,D,20210618,000000,5.5,5.6402,5.31,5.34,17023,0
PHGE.US,D,20210621,000000,5.27,5.42,5.27,5.35,21104,0
PHGE.US,D,20210622,000000,5.405,5.49,5.32,5.445,17604,0
PHGE.US,D,20210623,000000,5.38,5.47,5.35,5.43,11470,0
PHGE.US,D,20210624,000000,5.47,5.47,5.26,5.26,40429,0
PHGE.US,D,20210625,000000,5.33,5.475,5.28,5.4382,32195,0
PHGE.US,D,20210628,000000,5.5,5.5622,5.3773,5.49,10917,0
PHGE.US,D,20210629,000000,5.49,5.67,5.47,5.5,30841,0
PHGE.US,D,20210630,000000,5.63,5.63,5.41,5.46,13258,0
PHGE.US,D,20210701,000000,5.5054,5.6067,5.4,5.4,15118,0
PHGE.US,D,20210702,000000,5.4,5.6,5.4,5.6,8878,0
PHGE.US,D,20210706,000000,5.51,5.57,5.4005,5.445,6600,0
PHGE.US,D,20210707,000000,5.55,5.6699,5.45,5.65,26800,0
PHGE.US,D,20210708,000000,5.55,5.88,5.45,5.81,30077,0
PHGE.US,D,20210709,000000,5.87,5.87,5.7145,5.75,12530,0
PHGE.US,D,20210712,000000,5.59,5.7499,5.51,5.5852,10792,0
PHGE.US,D,20210713,000000,5.5,5.85,5.4079,5.73,31936,0
PHGE.US,D,20210714,000000,5.6128,5.63,5.4,5.4626,12934,0
PHGE.US,D,20210715,000000,5.39,5.39,4.871,5,39028,0
PHGE.US,D,20210716,000000,4.99,5.19,4.98,5.0961,8833,0
PHGE.US,D,20210719,000000,4.96,4.96,4.39,4.6001,56680,0
PHGE.US,D,20210720,000000,4.66,4.69,4.55,4.58,19591,0
PHGE.US,D,20210721,000000,4.53,4.6187,4.4,4.55,20431,0
PHGE.US,D,20210722,000000,4.44,4.45,4.2,4.22,73701,0
PHGE.US,D,20210723,000000,4.3,4.3,4.1,4.11,17950,0
PHGE.US,D,20210726,000000,4.02,4.55,4.02,4.4984,68964,0
PHGE.US,D,20210727,000000,4.69,4.88,4.65,4.81,25920,0
PHGE.US,D,20210728,000000,4.71,4.71,4.48,4.67,10746,0
PHGE.US,D,20210729,000000,4.71,4.71,4.6,4.6,95614,0
PHGE.US,D,20210730,000000,4.5,4.91,4.5,4.5506,48183,0
PHGE.US,D,20210802,000000,4.88,4.88,4.3001,4.37,29451,0
PHGE.US,D,20210803,000000,4.26,4.4262,4.2,4.4,25212,0
PHGE.US,D,20210804,000000,4.35,4.35,4.15,4.17,23141,0
PHGE.US,D,20210805,000000,4,4.2399,3.81,4.12,36094,0
PHGE.US,D,20210806,000000,4.12,4.2853,4.12,4.16,20954,0
PHGE.US,D,20210809,000000,4.2,4.39,4.0613,4.12,36380,0
PHGE.US,D,20210810,000000,4.13,4.14,4.04,4.0818,37719,0
PHGE.US,D,20210811,000000,4.06,4.0834,3.95,3.9985,14625,0
PHGE.US,D,20210812,000000,3.9973,4.07,3.8,3.989,29439,0
PHGE.US,D,20210813,000000,3.9,4.01,3.87,3.9092,25204,0
PHGE.US,D,20210816,000000,3.9,3.9,3.53,3.61,72583,0
PHGE.US,D,20210817,000000,3.49,3.7299,3.43,3.65,130001,0
PHGE.US,D,20210818,000000,3.63,3.6564,3.55,3.57,28294,0
PHGE.US,D,20210819,000000,3.52,3.63,3.43,3.45,34604,0
PHGE.US,D,20210820,000000,3.45,3.7099,3.45,3.66,18598,0
PHGE.US,D,20210823,000000,3.75,4.05,3.6931,3.91,36110,0
PHGE.US,D,20210824,000000,3.98,4.03,3.79,3.87,36732,0
PHGE.US,D,20210825,000000,3.82,4.04,3.8,4.02,9303,0
PHGE.US,D,20210826,000000,4.08,4.08,3.86,3.94,17868,0
PHGE.US,D,20210827,000000,3.92,4,3.87,3.94,14261,0
PHGE.US,D,20210830,000000,3.99,3.99,3.75,3.81,49520,0
PHGE.US,D,20210831,000000,3.86,3.98,3.83,3.97,11131,0
PHGE.US,D,20210901,000000,3.99,4.028,3.9,3.98,26399,0
PHGE.US,D,20210902,000000,4.02,4.075,3.66,3.69,169699,0
PHGE.US,D,20210903,000000,3.76,3.7683,3.475,3.5,79385,0
PHGE.US,D,20210907,000000,3.64,3.76,3.4,3.46,100009,0
PHGE.US,D,20210908,000000,3.57,3.57,3.21,3.27,168434,0
PHGE.US,D,20210909,000000,3.27,3.33,3.16,3.18,93444,0
PHGE.US,D,20210910,000000,3.28,3.3,3.18,3.2,46690,0
PHGE.US,D,20210913,000000,3.24,3.3057,3.15,3.17,49937,0
PHGE.US,D,20210914,000000,3.22,3.4,3.18,3.18,51405,0
PHGE.US,D,20210915,000000,3.27,3.37,3.2,3.21,34668,0
PHGE.US,D,20210916,000000,3.28,3.2999,3.15,3.19,17856,0
PHGE.US,D,20210917,000000,3.1,3.23,3.1,3.17,47481,0
PHGE.US,D,20210920,000000,3.24,3.24,3.04,3.06,69757,0
PHGE.US,D,20210921,000000,3.18,3.23,3.06,3.08,48570,0
PHGE.US,D,20210922,000000,3.09,3.13,3.0877,3.1,13114,0
PHGE.US,D,20210923,000000,3.08,3.12,3.08,3.09,26655,0
PHGE.US,D,20210924,000000,3.06,3.25,3.06,3.17,39394,0
PHGE.US,D,20210927,000000,3.1,3.43,3.1,3.39,44300,0
PHGE.US,D,20210928,000000,3.3,3.3,3.0801,3.24,67471,0
PHGE.US,D,20210929,000000,3.16,3.2,3.06,3.1,46097,0
PHGE.US,D,20210930,000000,3.1,3.2,3.06,3.06,45703,0
PHGE.US,D,20211001,000000,3.06,3.12,3.04,3.04,28820,0
PHGE.US,D,20211004,000000,3.04,3.04,2.96,3.01,25656,0
PHGE.US,D,20211005,000000,3.01,3.01,2.9638,2.98,23016,0
PHGE.US,D,20211006,000000,2.92,2.9899,2.66,2.73,81738,0
PHGE.US,D,20211007,000000,2.75,2.77,2.69,2.7499,308847,0
PHGE.US,D,20211008,000000,2.75,2.79,2.72,2.75,191656,0
PHGE.US,D,20211011,000000,2.74,2.74,2.68,2.72,105227,0
PHGE.US,D,20211012,000000,2.72,2.75,2.6976,2.73,94680,0
PHGE.US,D,20211013,000000,2.75,2.75,2.4818,2.5895,841725,0
PHGE.US,D,20211014,000000,2.6,2.6,2.43,2.47,377303,0
PHGE.US,D,20211015,000000,2.6,2.6,2.3501,2.43,254125,0
PHGE.US,D,20211018,000000,2.17,2.33,2.0752,2.13,602568,0
PHGE.US,D,20211019,000000,2.17,2.49,2.1601,2.45,302292,0
PHGE.US,D,20211020,000000,2.35,2.42,2.23,2.39,233331,0
PHGE.US,D,20211021,000000,2.36,2.4,2.31,2.36,93136,0
PHGE.US,D,20211022,000000,2.35,2.35,2.22,2.28,59049,0
PHGE.US,D,20211025,000000,2.3,2.32,2.2,2.25,38110,0
PHGE.US,D,20211026,000000,2.29,2.3,2.21,2.26,62071,0
PHGE.US,D,20211027,000000,2.3,2.4,2.2,2.28,183216,0
PHGE.US,D,20211028,000000,2.32,2.32,2.21,2.29,74371,0
PHGE.US,D,20211029,000000,2.26,2.3323,2.22,2.22,16135,0
PHGE.US,D,20211101,000000,2.26,2.39,2.2565,2.36,42112,0
PHGE.US,D,20211102,000000,2.4,2.4,2.3008,2.34,32299,0
PHGE.US,D,20211103,000000,2.32,2.38,2.27,2.3,45296,0
PHGE.US,D,20211104,000000,2.3,2.33,2.23,2.3,61761,0
PHGE.US,D,20211105,000000,2.3,2.36,2.21,2.22,85834,0
PHGE.US,D,20211108,000000,2.25,2.3,2.21,2.3,54165,0
PHGE.US,D,20211109,000000,2.3105,2.3105,2.24,2.24,44650,0
PHGE.US,D,20211110,000000,2.25,2.29,2.24,2.24,25772,0
PHGE.US,D,20211111,000000,2.24,2.27,2.16,2.24,36764,0
PHGE.US,D,20211112,000000,2.28,2.49,2.21,2.49,107156,0
PHGE.US,D,20211115,000000,2.49,2.49,2.18,2.37,183316,0
PHGE.US,D,20211116,000000,2.32,2.32,2.13,2.19,87649,0
PHGE.US,D,20211117,000000,2.16,2.23,2.13,2.14,34172,0
PHGE.US,D,20211118,000000,2.16,2.16,1.91,1.98,92738,0
PHGE.US,D,20211119,000000,2,2.06,1.9611,1.99,66822,0
PHGE.US,D,20211122,000000,1.99,1.99,1.8194,1.87,122604,0
PHGE.US,D,20211123,000000,1.85,1.91,1.78,1.79,57645,0
PHGE.US,D,20211124,000000,1.8,2.0198,1.76,1.9,52876,0
PHGE.US,D,20211126,000000,1.97,2.11,1.91,2.04,36800,0
PHGE.US,D,20211129,000000,2,2.1,1.98,2.01,48700,0
PHGE.US,D,20211130,000000,2.01,2.0547,1.8201,1.88,97743,0
PHGE.US,D,20211201,000000,1.87,1.92,1.69,1.71,62190,0
PHGE.US,D,20211202,000000,1.66,1.79,1.59,1.71,112171,0
PHGE.US,D,20211203,000000,1.68,1.9,1.61,1.78,94353,0
PHGE.US,D,20211206,000000,1.78,1.865,1.71,1.85,58578,0
PHGE.US,D,20211207,000000,1.84,1.92,1.71,1.79,76846,0
PHGE.US,D,20211208,000000,1.79,2.01,1.77,2.01,74695,0
PHGE.US,D,20211209,000000,1.95,2.12,1.86,1.93,74583,0
PHGE.US,D,20211210,000000,1.91,1.95,1.85,1.85,37024,0
PHGE.US,D,20211213,000000,1.86,1.91,1.8,1.8,26091,0
PHGE.US,D,20211214,000000,1.8,1.8,1.5275,1.65,76150,0
PHGE.US,D,20211215,000000,1.62,1.6573,1.53,1.62,41040,0
PHGE.US,D,20211216,000000,1.75,1.75,1.55,1.59,28507,0
PHGE.US,D,20211217,000000,1.55,1.5999,1.52,1.53,64214,0
PHGE.US,D,20211220,000000,1.5,1.55,1.45,1.47,118907,0
PHGE.US,D,20211221,000000,1.45,1.48,1.43,1.44,118501,0
PHGE.US,D,20211222,000000,1.46,1.48,1.42,1.45,93226,0
PHGE.US,D,20211223,000000,1.46,1.6,1.46,1.59,87193,0
PHGE.US,D,20211227,000000,1.63,1.63,1.45,1.53,126668,0
PHGE.US,D,20211228,000000,1.53,1.56,1.47,1.49,79945,0
PHGE.US,D,20211229,000000,1.47,1.55,1.47,1.48,76778,0
PHGE.US,D,20211230,000000,1.49,1.6199,1.48,1.59,17293,0
PHGE.US,D,20211231,000000,1.62,1.65,1.55,1.6,19608,0
PHGE.US,D,20220103,000000,1.62,1.6864,1.58,1.66,33148,0
PHGE.US,D,20220104,000000,1.7,1.79,1.63,1.63,51233,0
PHGE.US,D,20220105,000000,1.67,1.67,1.56,1.59,32040,0
PHGE.US,D,20220106,000000,1.56,1.63,1.4701,1.55,56634,0
PHGE.US,D,20220107,000000,1.59,1.6391,1.55,1.57,14518,0
PHGE.US,D,20220110,000000,1.61,1.88,1.51,1.585,289134,0
PHGE.US,D,20220111,000000,1.56,1.65,1.55,1.65,44872,0
PHGE.US,D,20220112,000000,1.5984,1.7999,1.5984,1.72,103464,0
PHGE.US,D,20220113,000000,1.69,1.78,1.65,1.65,40413,0
PHGE.US,D,20220114,000000,1.56,1.6699,1.56,1.59,39962,0
PHGE.US,D,20220118,000000,1.57,1.6715,1.5218,1.57,24758,0
PHGE.US,D,20220119,000000,1.7,1.73,1.56,1.6,38425,0
PHGE.US,D,20220120,000000,1.61,1.65,1.6,1.6,8952,0
PHGE.US,D,20220121,000000,1.635,1.635,1.42,1.44,81635,0
PHGE.US,D,20220124,000000,1.4,1.4601,1.2892,1.36,58276,0
PHGE.US,D,20220125,000000,1.33,1.43,1.33,1.43,10834,0
PHGE.US,D,20220126,000000,1.43,1.4823,1.42,1.47,25138,0
PHGE.US,D,20220127,000000,1.5,1.5,1.47,1.49,5974,0
PHGE.US,D,20220128,000000,1.49,1.53,1.4,1.53,14164,0
PHGE.US,D,20220131,000000,1.59,1.64,1.49,1.52,8538,0
PHGE.US,D,20220201,000000,1.55,1.74,1.5,1.74,21777,0
PHGE.US,D,20220202,000000,1.78,1.78,1.65,1.69,69107,0
PHGE.US,D,20220203,000000,1.75,1.75,1.6,1.66,12285,0
PHGE.US,D,20220204,000000,1.67,1.76,1.66,1.72,25299,0
PHGE.US,D,20220207,000000,1.7699,1.8345,1.695,1.82,13534,0
PHGE.US,D,20220208,000000,1.78,1.98,1.78,1.92,31265,0
PHGE.US,D,20220209,000000,1.9,2.1,1.9,2.06,42698,0
PHGE.US,D,20220210,000000,2,2.09,1.96,2.06,65932,0
PHGE.US,D,20220211,000000,2.08,2.11,2,2.035,31712,0
PHGE.US,D,20220214,000000,2.1,2.1,1.86,1.89,84211,0
PHGE.US,D,20220215,000000,1.95,1.9554,1.81,1.9,13488,0
PHGE.US,D,20220216,000000,1.9,2,1.82,1.82,12078,0
PHGE.US,D,20220217,000000,1.87,1.9,1.76,1.76,11930,0
PHGE.US,D,20220218,000000,1.77,1.86,1.7001,1.71,13482,0
PHGE.US,D,20220222,000000,1.64,1.7684,1.64,1.66,15463,0
PHGE.US,D,20220223,000000,1.64,1.7,1.55,1.55,11287,0
PHGE.US,D,20220224,000000,1.5,1.55,1.4516,1.49,15052,0
PHGE.US,D,20220225,000000,1.5,1.5,1.42,1.43,22809,0
PHGE.US,D,20220228,000000,1.42,1.48,1.42,1.47,17509,0
PHGE.US,D,20220301,000000,1.45,1.465,1.43,1.45,13754,0
PHGE.US,D,20220302,000000,1.46,1.46,1.41,1.44,15878,0
PHGE.US,D,20220303,000000,1.46,1.46,1.37,1.39,8692,0
PHGE.US,D,20220304,000000,1.4199,1.42,1.35,1.35,9662,0
PHGE.US,D,20220307,000000,1.305,1.3377,1.29,1.29,9418,0
PHGE.US,D,20220308,000000,1.4153,1.4153,1.27,1.27,4723,0
PHGE.US,D,20220309,000000,1.27,1.38,1.25,1.33,24460,0
PHGE.US,D,20220310,000000,1.33,1.4,1.33,1.39,19830,0
PHGE.US,D,20220311,000000,1.39,1.48,1.3721,1.3721,14422,0
PHGE.US,D,20220314,000000,1.39,1.42,1.22,1.27,88116,0
PHGE.US,D,20220315,000000,1.22,1.4774,1.21,1.21,14893,0
PHGE.US,D,20220316,000000,1.3,1.35,1.29,1.32,4602,0
PHGE.US,D,20220317,000000,1.28,1.43,1.28,1.41,5202,0
PHGE.US,D,20220318,000000,1.42,1.44,1.41,1.44,4831,0
PHGE.US,D,20220321,000000,1.4402,1.4502,1.38,1.3997,8164,0
PHGE.US,D,20220322,000000,1.41,1.45,1.31,1.3436,8795,0
PHGE.US,D,20220323,000000,1.32,1.39,1.3162,1.36,5793,0
PHGE.US,D,20220324,000000,1.44,1.44,1.38,1.42,7419,0
PHGE.US,D,20220325,000000,1.42,1.4301,1.37,1.37,5806,0
PHGE.US,D,20220328,000000,1.41,1.41,1.37,1.41,5344,0
PHGE.US,D,20220329,000000,1.44,1.55,1.4157,1.53,10183,0
PHGE.US,D,20220330,000000,1.48,1.82,1.48,1.75,45192,0
PHGE.US,D,20220331,000000,1.79,1.99,1.76,1.93,68722,0
PHGE.US,D,20220401,000000,1.91,2.04,1.885,1.94,21843,0
PHGE.US,D,20220404,000000,2.09,2.14,2.02,2.02,41319,0
PHGE.US,D,20220405,000000,2.02,2.02,1.79,1.8499,23697,0
PHGE.US,D,20220406,000000,1.69,1.765,1.65,1.765,17729,0
PHGE.US,D,20220407,000000,1.7699,1.7699,1.67,1.67,3454,0
PHGE.US,D,20220408,000000,1.6934,1.6934,1.67,1.67,2958,0
PHGE.US,D,20220411,000000,1.63,1.74,1.6025,1.672,30132,0
PHGE.US,D,20220412,000000,1.62,1.62,1.57,1.58,8289,0
PHGE.US,D,20220413,000000,1.59,1.59,1.59,1.59,398,0
PHGE.US,D,20220414,000000,1.5965,1.7003,1.5965,1.7,4512,0
PHGE.US,D,20220418,000000,1.55,1.66,1.54,1.5798,10945,0
PHGE.US,D,20220419,000000,1.61,1.61,1.5308,1.5824,1930,0
PHGE.US,D,20220420,000000,1.63,1.7199,1.5186,1.7199,20319,0
PHGE.US,D,20220421,000000,1.71,1.71,1.57,1.59,5285,0
PHGE.US,D,20220422,000000,1.59,1.59,1.57,1.5899,17081,0
PHGE.US,D,20220425,000000,1.7,1.7,1.51,1.5127,13217,0
PHGE.US,D,20220426,000000,1.5,1.65,1.5,1.57,11888,0
PHGE.US,D,20220427,000000,1.52,1.53,1.48,1.48,8278,0
PHGE.US,D,20220428,000000,1.4544,1.4544,1.37,1.45,7184,0
PHGE.US,D,20220429,000000,1.43,1.48,1.43,1.46,2217,0
PHGE.US,D,20220502,000000,1.37,1.41,1.37,1.37,40925,0
PHGE.US,D,20220503,000000,1.37,1.37,1.33,1.3307,8957,0
PHGE.US,D,20220504,000000,1.3,1.3,1.2844,1.3,9905,0
PHGE.US,D,20220505,000000,1.29,1.3,1.29,1.295,1388,0
PHGE.US,D,20220506,000000,1.2,1.2959,1.2,1.2959,5712,0
PHGE.US,D,20220509,000000,1.22,1.29,1.15,1.16,22142,0
PHGE.US,D,20220510,000000,1.15,1.1501,0.9,0.9584,70134,0
PHGE.US,D,20220511,000000,0.96,0.9999,0.8801,0.9,18344,0
PHGE.US,D,20220512,000000,0.8334,0.875399,0.8334,0.8541,14446,0
PHGE.US,D,20220513,000000,0.64,0.8105,0.64,0.7901,81398,0
PHGE.US,D,20220516,000000,0.9203,0.9203,0.8278,0.9031,1300,0
PHGE.US,D,20220517,000000,0.85,0.9199,0.8,0.825,26779,0
PHGE.US,D,20220518,000000,0.8782,0.8782,0.8301,0.8305,4562,0
PHGE.US,D,20220519,000000,0.83,0.8301,0.772,0.81,10711,0
PHGE.US,D,20220520,000000,0.86,0.86,0.7701,0.79,45168,0
PHGE.US,D,20220523,000000,0.77,0.8001,0.7161,0.8001,108661,0
PHGE.US,D,20220524,000000,0.9,0.9,0.8,0.87,93838,0
PHGE.US,D,20220525,000000,0.77,0.8391,0.77,0.801851,14088,0
PHGE.US,D,20220526,000000,0.77,0.808,0.7643,0.7643,18851,0
PHGE.US,D,20220527,000000,0.7764,0.78,0.6935,0.725,43360,0
PHGE.US,D,20220531,000000,0.7,0.75,0.66,0.6701,83145,0
PHGE.US,D,20220601,000000,0.71,0.71,0.64,0.6483,43556,0
PHGE.US,D,20220602,000000,0.67,0.71,0.64,0.65495,63824,0
PHGE.US,D,20220603,000000,0.68,0.68,0.63,0.6741,32844,0
PHGE.US,D,20220606,000000,0.67,0.6922,0.6501,0.6504,26335,0
PHGE.US,D,20220607,000000,0.65,0.676,0.6,0.6758,86808,0
PHGE.US,D,20220608,000000,0.668,0.6704,0.64,0.64,52583,0
PHGE.US,D,20220609,000000,0.66,0.6777,0.64,0.66,28663,0
PHGE.US,D,20220610,000000,0.64,0.7199,0.64,0.662,17380,0
PHGE.US,D,20220613,000000,0.64,0.6588,0.64,0.645,18466,0
PHGE.US,D,20220614,000000,0.6435,0.65,0.64,0.642,10834,0
PHGE.US,D,20220615,000000,0.6714,0.6762,0.641,0.641,19246,0
PHGE.US,D,20220616,000000,0.6594,0.675,0.6594,0.67,6115,0
PHGE.US,D,20220617,000000,0.68,0.68,0.641,0.6599,17695,0
PHGE.US,D,20220621,000000,0.641,0.7,0.641,0.65,28877,0
PHGE.US,D,20220622,000000,0.6651,0.6651,0.6651,0.6651,160,0
PHGE.US,D,20220623,000000,0.657,0.657,0.641,0.6455,9888,0
PHGE.US,D,20220624,000000,0.6794,0.729799,0.6794,0.6999,3411,0
PHGE.US,D,20220627,000000,0.69,0.7399,0.6102,0.73,43218,0
PHGE.US,D,20220628,000000,0.8197,0.8997,0.73,0.736241,129952,0
PHGE.US,D,20220629,000000,0.6921,0.7383,0.6501,0.6865,11237,0
PHGE.US,D,20220630,000000,0.7118,0.7381,0.7,0.73,6518,0
PHGE.US,D,20220701,000000,0.710149,0.7396,0.7004,0.7005,13784,0
PHGE.US,D,20220705,000000,0.7006,0.7399,0.656,0.7395,25127,0
PHGE.US,D,20220706,000000,0.73,0.74,0.6789,0.6998,9110,0
PHGE.US,D,20220707,000000,0.67,0.7035,0.66,0.6646,9028,0
PHGE.US,D,20220708,000000,0.670687,0.76,0.670687,0.76,9468,0
PHGE.US,D,20220711,000000,0.87,0.8798,0.75,0.865,52452,0
PHGE.US,D,20220712,000000,0.83,1.17,0.801,0.9843,384434,0
PHGE.US,D,20220713,000000,1,1.04,0.92,0.94,147436,0
PHGE.US,D,20220714,000000,0.92,1.0003,0.9164,0.998,61662,0
PHGE.US,D,20220715,000000,0.942,0.967,0.92,0.9201,59586,0
PHGE.US,D,20220718,000000,0.9599,0.9684,0.9,0.92,42677,0
PHGE.US,D,20220719,000000,0.92,0.92,0.8,0.82,67340,0
PHGE.US,D,20220720,000000,0.81,0.8423,0.7701,0.83,64298,0
PHGE.US,D,20220721,000000,0.8,0.8453,0.78,0.8295,6848,0
PHGE.US,D,20220722,000000,0.8299,0.8299,0.76,0.78,11457,0
PHGE.US,D,20220725,000000,0.71,0.9143,0.69,0.7752,110666,0
PHGE.US,D,20220726,000000,0.816999,0.816999,0.7949,0.7949,2340,0
PHGE.US,D,20220727,000000,0.8,0.9,0.767,0.9,32866,0
PHGE.US,D,20220728,000000,1.07,1.12,0.8501,1.07,12595817,0
PHGE.US,D,20220729,000000,1,1.01,0.8201,0.8972,654125,0
PHGE.US,D,20220801,000000,0.8,0.8236,0.73,0.7609,191200,0
PHGE.US,D,20220802,000000,0.7468,0.7605,0.7,0.73,155228,0
PHGE.US,D,20220803,000000,0.73,0.7384,0.6861,0.73,109603,0
PHGE.US,D,20220804,000000,0.7734,0.9,0.7364,0.7751,270389,0
PHGE.US,D,20220805,000000,0.75,0.8763,0.71,0.8475,1061649,0
PHGE.US,D,20220808,000000,0.8868,0.8868,0.782,0.8,309391,0
PHGE.US,D,20220809,000000,0.8311,0.84,0.7505,0.78,64853,0
PHGE.US,D,20220810,000000,0.84,0.84,0.71,0.73,131943,0
PHGE.US,D,20220811,000000,0.7736,0.78,0.7201,0.7692,68705,0
PHGE.US,D,20220812,000000,0.77,0.78,0.71,0.751,71912,0
PHGE.US,D,20220815,000000,0.76,0.7661,0.738,0.7632,46942,0
PHGE.US,D,20220816,000000,0.74,0.7699,0.72,0.7213,71723,0
PHGE.US,D,20220817,000000,0.74,0.74,0.6772,0.69,141692,0
PHGE.US,D,20220818,000000,0.71,0.71,0.67,0.69,56651,0
PHGE.US,D,20220819,000000,0.69,0.6905,0.6256,0.66,100927,0
PHGE.US,D,20220822,000000,0.69,0.69,0.6501,0.6542,36119,0
PHGE.US,D,20220823,000000,0.6476,0.6797,0.6323,0.6329,33382,0
PHGE.US,D,20220824,000000,0.6753,0.7,0.633,0.6994,73028,0
PHGE.US,D,20220825,000000,0.7,0.75,0.69,0.6996,216492,0
PHGE.US,D,20220826,000000,0.69,0.6904,0.5976,0.6,383084,0
PHGE.US,D,20220829,000000,0.61,0.61,0.56,0.5999,85757,0
PHGE.US,D,20220830,000000,0.5971,0.5971,0.5555,0.56,82478,0
PHGE.US,D,20220831,000000,0.54,0.573,0.5334,0.55,44197,0
PHGE.US,D,20220901,000000,0.54,0.5667,0.54,0.5556,47435,0
PHGE.US,D,20220902,000000,0.5479,0.5656,0.5401,0.55,14775,0
PHGE.US,D,20220906,000000,0.57,0.5893,0.5333,0.5417,48236,0
PHGE.US,D,20220907,000000,0.54,0.559999,0.5166,0.54,55998,0
PHGE.US,D,20220908,000000,0.53,0.537,0.52,0.533501,27603,0
PHGE.US,D,20220909,000000,0.5309,0.543699,0.5133,0.5299,81476,0
PHGE.US,D,20220912,000000,0.52,0.57,0.52,0.5503,17752,0
PHGE.US,D,20220913,000000,0.5342,0.5517,0.5136,0.535,15970,0
PHGE.US,D,20220914,000000,0.5243,0.55,0.512,0.55,14011,0
PHGE.US,D,20220915,000000,0.52,0.5499,0.52,0.53,34582,0
PHGE.US,D,20220916,000000,0.52,0.5541,0.5101,0.515,20375,0
PHGE.US,D,20220919,000000,0.5,0.513599,0.4769,0.4782,91627,0
PHGE.US,D,20220920,000000,0.45,0.511,0.4214,0.47,64476,0
PHGE.US,D,20220921,000000,0.47,0.4798,0.41,0.4462,30300,0
PHGE.US,D,20220922,000000,0.421,0.461994,0.4,0.4,97139,0
PHGE.US,D,20220923,000000,0.4399,0.4399,0.36,0.393,48167,0
PHGE.US,D,20220926,000000,0.4777,0.4777,0.3,0.3557,97563,0
PHGE.US,D,20220927,000000,0.33,0.4395,0.3211,0.334,30831,0
PHGE.US,D,20220928,000000,0.3333,0.369,0.3173,0.3401,92158,0
PHGE.US,D,20220929,000000,0.34,0.3849,0.34,0.37,18191,0
PHGE.US,D,20220930,000000,0.3754,0.4022,0.34,0.34,57797,0
PHGE.US,D,20221003,000000,0.34,0.35,0.309,0.315,91903,0
PHGE.US,D,20221004,000000,0.32,0.38,0.32,0.3785,114588,0
PHGE.US,D,20221005,000000,0.39,0.474599,0.38,0.4517,269723,0
PHGE.US,D,20221006,000000,0.51,0.512,0.4011,0.4023,149539,0
PHGE.US,D,20221007,000000,0.405,0.405,0.33,0.3708,168391,0
PHGE.US,D,20221010,000000,0.3597,0.3597,0.3077,0.33685,57206,0
PHGE.US,D,20221011,000000,0.33,0.35,0.3205,0.34495,33474,0
PHGE.US,D,20221012,000000,0.34,0.349899,0.33,0.331,60781,0
PHGE.US,D,20221013,000000,0.34,0.342,0.3205,0.331,64682,0
PHGE.US,D,20221014,000000,0.34,0.3475,0.331,0.331,27467,0
PHGE.US,D,20221017,000000,0.34,0.3413,0.331,0.3361,45007,0
PHGE.US,D,20221018,000000,0.34,0.3885,0.335,0.3858,97179,0
PHGE.US,D,20221019,000000,0.39,0.39,0.355,0.3883,31192,0
PHGE.US,D,20221020,000000,0.36,0.3899,0.356,0.3795,36523,0
PHGE.US,D,20221021,000000,0.39,0.3991,0.3627,0.3773,30255,0
PHGE.US,D,20221024,000000,0.356,0.397099,0.32,0.3611,35024,0
PHGE.US,D,20221025,000000,0.4,0.4,0.35,0.3688,21983,0
PHGE.US,D,20221026,000000,0.351,0.382603,0.331,0.3753,75700,0
PHGE.US,D,20221027,000000,0.36,0.375,0.3575,0.3575,8181,0
PHGE.US,D,20221028,000000,0.348,0.39,0.348,0.3772,8507,0
PHGE.US,D,20221031,000000,0.395,0.395,0.36,0.36,15364,0
PHGE.US,D,20221101,000000,0.36,0.3798,0.35,0.3699,7034,0
PHGE.US,D,20221102,000000,0.3502,0.382,0.3501,0.3605,12915,0
PHGE.US,D,20221103,000000,0.36,0.3949,0.345,0.3797,14905,0
PHGE.US,D,20221104,000000,0.395,0.395,0.3551,0.38,11440,0
PHGE.US,D,20221107,000000,0.35,0.3798,0.33,0.3501,45565,0
PHGE.US,D,20221108,000000,0.334,0.3699,0.33,0.3399,29135,0
PHGE.US,D,20221109,000000,0.33,0.3402,0.325,0.325,28220,0
PHGE.US,D,20221110,000000,0.35,0.35,0.31,0.3249,57915,0
PHGE.US,D,20221111,000000,0.35,0.35,0.28,0.3134,99141,0
PHGE.US,D,20221114,000000,0.2957,0.3215,0.2701,0.272,124995,0
PHGE.US,D,20221115,000000,0.37,0.37,0.26,0.2601,57250,0
PHGE.US,D,20221116,000000,0.27,0.2765,0.25,0.25,46417,0
PHGE.US,D,20221117,000000,0.2525,0.28345,0.251,0.251,50337,0
PHGE.US,D,20221118,000000,0.25,0.2695,0.245,0.2474,100898,0
PHGE.US,D,20221121,000000,0.24,0.2592,0.21,0.24,51919,0
PHGE.US,D,20221122,000000,0.25,0.259,0.245,0.2453,66547,0
PHGE.US,D,20221123,000000,0.25,0.2597,0.246,0.25,54881,0
PHGE.US,D,20221125,000000,0.27,0.27,0.2501,0.2512,8699,0
PHGE.US,D,20221128,000000,0.28,0.294,0.2609,0.28,90577,0
PHGE.US,D,20221129,000000,0.29,0.3052,0.28,0.2982,23823,0
PHGE.US,D,20221130,000000,0.3,0.3,0.27,0.2859,37912,0
PHGE.US,D,20221201,000000,0.2859,0.2928,0.25,0.25,33335,0
PHGE.US,D,20221202,000000,0.26,0.2745,0.25,0.266,53974,0
PHGE.US,D,20221205,000000,0.271,0.271,0.2551,0.2554,76537,0
PHGE.US,D,20221206,000000,0.25,0.2727,0.21,0.229699,139610,0
PHGE.US,D,20221207,000000,0.22,0.25,0.22,0.2327,21001,0
PHGE.US,D,20221208,000000,0.2218,0.23,0.2201,0.225,26101,0
PHGE.US,D,20221209,000000,0.22,0.2311,0.22,0.2225,16074,0
PHGE.US,D,20221212,000000,0.22,0.2295,0.183037,0.1852,315269,0
PHGE.US,D,20221213,000000,0.1988,0.1988,0.1785,0.1785,160534,0
PHGE.US,D,20221214,000000,0.1791,0.1996,0.145,0.1591,734355,0
PHGE.US,D,20221215,000000,0.167,0.167,0.132,0.135,726017,0
PHGE.US,D,20221216,000000,0.145,0.26,0.14,0.2208,3671421,0
PHGE.US,D,20221219,000000,0.2042,0.2401,0.1651,0.2274,1102473,0
PHGE.US,D,20221220,000000,0.23,0.235899,0.181,0.2193,611422,0
PHGE.US,D,20221221,000000,0.2127,0.2127,0.185,0.194799,270407,0
PHGE.US,D,20221222,000000,0.19,0.199899,0.185,0.1913,120632,0
PHGE.US,D,20221223,000000,0.19,0.35,0.19,0.201,3730663,0
PHGE.US,D,20221227,000000,0.1866,0.1866,0.161,0.172199,697495,0
PHGE.US,D,20221228,000000,0.178,0.1949,0.17,0.19,492074,0
PHGE.US,D,20221229,000000,0.1964,0.22,0.1894,0.199,549677,0
PHGE.US,D,20221230,000000,0.193,0.2098,0.175,0.1867,479214,0
PHGE.US,D,20230103,000000,0.1811,0.195,0.1811,0.185,118416,0
PHGE.US,D,20230104,000000,0.1995,0.2246,0.182,0.1959,1744538,0
PHGE.US,D,20230105,000000,0.206,0.206,0.19,0.1968,428823,0
PHGE.US,D,20230106,000000,0.21,0.25,0.195,0.221186,2811491,0
PHGE.US,D,20230109,000000,0.24,0.2491,0.21,0.2365,853149,0
PHGE.US,D,20230110,000000,0.2448,0.2448,0.2222,0.232399,395204,0
PHGE.US,D,20230111,000000,0.2425,0.2425,0.215,0.2207,357963,0
PHGE.US,D,20230112,000000,0.24,0.27,0.2221,0.26,1073441,0
PHGE.US,D,20230113,000000,0.27,0.31,0.25,0.31,1186132,0
PHGE.US,D,20230117,000000,0.2914,0.31,0.2806,0.284,354193,0
PHGE.US,D,20230118,000000,0.31,0.31,0.26,0.26995,411475,0
PHGE.US,D,20230119,000000,0.2929,0.2929,0.239,0.2536,273175,0
PHGE.US,D,20230120,000000,0.246,0.28,0.2412,0.28,280567,0
PHGE.US,D,20230123,000000,0.29,0.3216,0.265,0.32,527052,0
PHGE.US,D,20230124,000000,0.322,0.4,0.322,0.38,704487,0
PHGE.US,D,20230125,000000,0.38,0.385,0.34,0.3528,233330,0
PHGE.US,D,20230126,000000,0.36,0.36,0.33,0.34,213830,0
PHGE.US,D,20230127,000000,0.35,0.35,0.3317,0.3455,145587,0
PHGE.US,D,20230130,000000,0.34,0.3712,0.3388,0.357,103788,0
PHGE.US,D,20230131,000000,0.3495,0.379599,0.3495,0.3725,93288,0
PHGE.US,D,20230201,000000,0.3772,0.3938,0.372,0.3872,223925,0
PHGE.US,D,20230202,000000,0.3875,0.4398,0.372001,0.3836,382375,0
PHGE.US,D,20230203,000000,0.4,0.402113,0.3612,0.379899,258119,0
PHGE.US,D,20230206,000000,0.38,0.3979,0.38,0.3855,177989,0
PHGE.US,D,20230207,000000,0.3998,0.3998,0.310001,0.3434,203314,0
PHGE.US,D,20230208,000000,0.3414,0.3538,0.34,0.3422,67586,0
PHGE.US,D,20230209,000000,0.3569,0.36,0.3275,0.3331,195446,0
PHGE.US,D,20230210,000000,0.34,0.3401,0.28,0.332,599054,0
PHGE.US,D,20230213,000000,0.3481,0.3493,0.332,0.3351,22175,0
PHGE.US,D,20230214,000000,0.4,0.4,0.3406,0.35,231505,0
PHGE.US,D,20230215,000000,0.3641,0.3641,0.3306,0.3403,142444,0
PHGE.US,D,20230216,000000,0.3422,0.354,0.32,0.35,135695,0
PHGE.US,D,20230217,000000,0.3619,0.3936,0.3405,0.35,437669,0
PHGE.US,D,20230221,000000,0.3735,0.3735,0.339,0.343352,92738,0
PHGE.US,D,20230222,000000,0.325,0.337,0.29,0.337,617881,0
PHGE.US,D,20230223,000000,0.34,0.3807,0.321,0.3806,105563,0
PHGE.US,D,20230224,000000,0.39,0.3935,0.3806,0.3849,178764,0
PHGE.US,D,20230227,000000,0.379,0.379,0.327,0.3599,123362,0
PHGE.US,D,20230228,000000,0.359951,0.405,0.3502,0.401232,202562,0
PHGE.US,D,20230301,000000,0.4236,0.69,0.3528,0.575,2767347,0
PHGE.US,D,20230302,000000,0.58,0.6,0.47,0.5226,567628,0
PHGE.US,D,20230303,000000,0.53,0.53,0.49,0.5,143533,0
PHGE.US,D,20230306,000000,0.5,0.525,0.47,0.484951,122104,0
PHGE.US,D,20230307,000000,0.5,0.5199,0.37005,0.395,751573,0
PHGE.US,D,20230308,000000,0.3701,0.38,0.3421,0.3462,151922,0
PHGE.US,D,20230309,000000,0.355,0.3586,0.3411,0.3426,53495,0
PHGE.US,D,20230310,000000,0.35,0.3625,0.33,0.3327,46553,0
PHGE.US,D,20230313,000000,0.3327,0.34135,0.2264,0.2969,791070,0
PHGE.US,D,20230314,000000,0.28,0.2999,0.2533,0.273,208713,0
PHGE.US,D,20230315,000000,0.2648,0.3012,0.2648,0.3012,137746,0
PHGE.US,D,20230316,000000,0.33,0.3427,0.3012,0.3174,156363,0
PHGE.US,D,20230317,000000,0.32,0.33,0.2727,0.3001,177106,0
PHGE.US,D,20230320,000000,0.31,0.3295,0.3001,0.315301,79690,0
PHGE.US,D,20230321,000000,0.3325,0.34,0.3153,0.335051,80939,0
PHGE.US,D,20230322,000000,0.34,0.34,0.32,0.3398,17285,0
PHGE.US,D,20230323,000000,0.3291,0.3396,0.28,0.3222,117216,0
PHGE.US,D,20230324,000000,0.3,0.3368,0.2824,0.3102,68628,0
PHGE.US,D,20230327,000000,0.31,0.3388,0.2912,0.3319,120014,0
PHGE.US,D,20230328,000000,0.3111,0.3379,0.2956,0.313,78710,0
PHGE.US,D,20230329,000000,0.3375,0.3375,0.3012,0.32,94310,0
PHGE.US,D,20230330,000000,0.3023,0.3216,0.3023,0.311,29380,0
PHGE.US,D,20230331,000000,0.305,0.3295,0.30205,0.305,135244,0
PHGE.US,D,20230403,000000,0.296,0.3248,0.2553,0.2884,144096,0
PHGE.US,D,20230404,000000,0.2642,0.2996,0.2642,0.276,72376,0
PHGE.US,D,20230405,000000,0.2788,0.2898,0.258,0.2848,52672,0
PHGE.US,D,20230406,000000,0.28,0.283999,0.2587,0.27,115509,0
PHGE.US,D,20230410,000000,0.283,0.283,0.256,0.2723,171864,0
PHGE.US,D,20230411,000000,0.2829,0.2829,0.25,0.2655,77500,0
PHGE.US,D,20230412,000000,0.28,0.28,0.260001,0.260701,53301,0
PHGE.US,D,20230413,000000,0.2727,0.2785,0.260201,0.278399,22976,0
PHGE.US,D,20230414,000000,0.28,0.28,0.2701,0.277,65253,0
PHGE.US,D,20230417,000000,0.28,0.2911,0.279049,0.2805,25923,0
PHGE.US,D,20230418,000000,0.2835,0.33,0.2835,0.3101,151877,0
PHGE.US,D,20230419,000000,0.34,0.3475,0.28,0.31,720634,0
PHGE.US,D,20230420,000000,0.32,0.4,0.3005,0.38,1597241,0
PHGE.US,D,20230421,000000,0.349,0.35,0.279,0.2856,570228,0
PHGE.US,D,20230424,000000,0.28,0.28,0.255,0.274,258326,0
PHGE.US,D,20230425,000000,0.2694,0.27,0.2397,0.2502,120813,0
PHGE.US,D,20230426,000000,0.2592,0.2721,0.22,0.271,178556,0
PHGE.US,D,20230427,000000,0.28,0.303,0.265,0.2804,77154,0
PHGE.US,D,20230428,000000,0.2797,0.2881,0.27,0.27,76304,0
PHGE.US,D,20230501,000000,0.3,0.3,0.27,0.2826,53280,0
PHGE.US,D,20230502,000000,0.2774,0.2885,0.2397,0.268131,91007,0
PHGE.US,D,20230503,000000,0.2599,0.2955,0.2577,0.270001,63281,0
PHGE.US,D,20230504,000000,0.28,0.28,0.2611,0.2742,25344,0
PHGE.US,D,20230505,000000,0.294,0.2999,0.2759,0.2939,96989,0
PHGE.US,D,20230508,000000,0.29,0.29,0.28,0.2836,51891,0
PHGE.US,D,20230509,000000,0.28,0.28,0.2551,0.2683,48324,0
PHGE.US,D,20230510,000000,0.29,0.29,0.26,0.2631,53553,0
PHGE.US,D,20230511,000000,0.27,0.2705,0.25,0.2537,99606,0
PHGE.US,D,20230512,000000,0.3,0.3,0.2462,0.279,898351,0
PHGE.US,D,20230515,000000,0.3,0.309999,0.2691,0.299,226633,0
PHGE.US,D,20230516,000000,0.29,0.299,0.265,0.265,100579,0
PHGE.US,D,20230517,000000,0.28,0.2875,0.2689,0.2784,47352,0
PHGE.US,D,20230518,000000,0.28,0.2872,0.27,0.277,191216,0
PHGE.US,D,20230519,000000,0.28,0.294999,0.27,0.279891,123994,0
PHGE.US,D,20230522,000000,0.29,0.295,0.27,0.2721,128041,0
PHGE.US,D,20230523,000000,0.29,0.29,0.27816,0.2814,45063,0
PHGE.US,D,20230524,000000,0.2943,0.376,0.286,0.35,2111636,0
PHGE.US,D,20230525,000000,0.3399,0.3399,0.3066,0.31,204211,0
PHGE.US,D,20230526,000000,0.31,0.323,0.2973,0.3001,183969,0
PHGE.US,D,20230530,000000,0.3001,0.322,0.3,0.317,112422,0
PHGE.US,D,20230531,000000,0.322,0.3688,0.3171,0.36,620428,0
PHGE.US,D,20230601,000000,0.38,0.45,0.3705,0.4191,934424,0
PHGE.US,D,20230602,000000,0.4191,0.4191,0.3503,0.3763,282152,0
PHGE.US,D,20230605,000000,0.365,0.376,0.35,0.3672,145400,0
PHGE.US,D,20230606,000000,0.3672,0.3759,0.35,0.3669,104328,0
PHGE.US,D,20230607,000000,0.37,0.395,0.3501,0.3562,329889,0
PHGE.US,D,20230608,000000,0.35,0.378,0.334453,0.34,252102,0
PHGE.US,D,20230609,000000,0.342,0.36,0.334,0.3549,115474,0
PHGE.US,D,20230612,000000,0.334,0.36,0.334,0.347746,77158,0
PHGE.US,D,20230613,000000,0.3476,0.3625,0.334,0.35,54667,0
PHGE.US,D,20230614,000000,0.36,0.375,0.3401,0.35,109637,0
PHGE.US,D,20230615,000000,0.35,0.365,0.335,0.3518,64796,0
PHGE.US,D,20230616,000000,0.3649,0.371,0.3401,0.3416,116322,0
PHGE.US,D,20230620,000000,0.34,0.3599,0.334,0.3409,102636,0
PHGE.US,D,20230621,000000,0.334,0.334,0.31,0.3223,74450,0
PHGE.US,D,20230622,000000,0.3035,0.33,0.303,0.31,35640,0
PHGE.US,D,20230623,000000,0.341,0.341,0.2966,0.301,117497,0
PHGE.US,D,20230626,000000,0.32,0.32,0.295,0.3,80447,0
PHGE.US,D,20230627,000000,0.3011,0.3485,0.3011,0.3113,60085,0
PHGE.US,D,20230628,000000,0.31,0.3249,0.31,0.32,30076,0
PHGE.US,D,20230629,000000,0.325,0.3484,0.32,0.3444,141751,0
PHGE.US,D,20230630,000000,0.3447,0.3745,0.34,0.36,105932,0
PHGE.US,D,20230703,000000,0.39,0.4362,0.367,0.3799,231318,0
PHGE.US,D,20230705,000000,0.4,0.4099,0.372001,0.4,318332,0
PHGE.US,D,20230706,000000,0.38,0.4,0.36,0.377,48648,0
PHGE.US,D,20230707,000000,0.3732,0.3866,0.3621,0.3799,87465,0
PHGE.US,D,20230710,000000,0.3821,0.42,0.367,0.387,199269,0
PHGE.US,D,20230711,000000,0.44,0.44,0.4,0.405899,70072,0
PHGE.US,D,20230712,000000,0.4038,0.419999,0.3635,0.3746,115103,0
PHGE.US,D,20230713,000000,0.4,0.4,0.3746,0.39,26535,0
PHGE.US,D,20230714,000000,0.3908,0.3977,0.38,0.396,26970,0
PHGE.US,D,20230717,000000,0.361,0.4098,0.361,0.402,92463,0
PHGE.US,D,20230718,000000,0.409,0.4247,0.3804,0.41,70390,0
PHGE.US,D,20230719,000000,0.44,0.479,0.4029,0.458,329367,0
PHGE.US,D,20230720,000000,0.4814,0.4819,0.4402,0.4601,135444,0
PHGE.US,D,20230721,000000,0.465,0.481499,0.46,0.4671,66605,0
PHGE.US,D,20230724,000000,0.4624,0.4743,0.4205,0.4412,67805,0
PHGE.US,D,20230725,000000,0.4632,0.4632,0.382,0.4,268577,0
PHGE.US,D,20230726,000000,0.419,0.4199,0.38,0.4,87704,0
PHGE.US,D,20230727,000000,0.4077,0.42,0.39,0.418,12236,0
PHGE.US,D,20230728,000000,0.42,0.45,0.418,0.437,71467,0
PHGE.US,D,20230731,000000,0.4041,0.43,0.4041,0.43,29394,0
PHGE.US,D,20230801,000000,0.4225,0.43,0.4152,0.4276,30307,0
PHGE.US,D,20230802,000000,0.4024,0.4199,0.4024,0.4186,16914,0
PHGE.US,D,20230803,000000,0.428,0.428,0.404601,0.418,90738,0
PHGE.US,D,20230804,000000,0.43,0.43,0.408,0.427,90742,0
PHGE.US,D,20230807,000000,0.44,0.44,0.415,0.4246,54118,0
PHGE.US,D,20230808,000000,0.4,0.422,0.4,0.4196,64720,0
PHGE.US,D,20230809,000000,0.44,0.44,0.3806,0.3806,49436,0
PHGE.US,D,20230810,000000,0.39,0.41,0.35,0.3759,95992,0
PHGE.US,D,20230811,000000,0.37,0.408,0.35,0.359,79629,0
PHGE.US,D,20230814,000000,0.3842,0.3935,0.354,0.376,83436,0
PHGE.US,D,20230815,000000,0.383001,0.384199,0.3522,0.377,48002,0
PHGE.US,D,20230816,000000,0.38,0.389999,0.35,0.37,44424,0
PHGE.US,D,20230817,000000,0.3806,0.3806,0.3539,0.375,12188,0
PHGE.US,D,20230818,000000,0.3529,0.37,0.3529,0.363,26760,0
PHGE.US,D,20230821,000000,0.3505,0.3599,0.3393,0.359,91383,0
PHGE.US,D,20230822,000000,0.35,0.364,0.345,0.364,18375,0
PHGE.US,D,20230823,000000,0.3522,0.361,0.3522,0.3582,8576,0
PHGE.US,D,20230824,000000,0.3671,0.4,0.3522,0.3894,165586,0
PHGE.US,D,20230825,000000,0.4,0.4,0.372,0.39,28103,0
PHGE.US,D,20230828,000000,0.38,0.400248,0.358,0.3949,55138,0
PHGE.US,D,20230829,000000,0.375,0.4,0.375,0.4,8722,0
PHGE.US,D,20230830,000000,0.4157,0.4157,0.375,0.398,43675,0
PHGE.US,D,20230831,000000,0.4,0.4,0.385,0.4,11607,0
PHGE.US,D,20230901,000000,0.42,0.420251,0.38,0.38,65835,0
PHGE.US,D,20230905,000000,0.392,0.4074,0.38,0.39,14451,0
PHGE.US,D,20230906,000000,0.389,0.3936,0.38,0.39,14186,0
PHGE.US,D,20230907,000000,0.386,0.392,0.37,0.39,26283,0
PHGE.US,D,20230908,000000,0.39,0.4075,0.3771,0.4075,41071,0
PHGE.US,D,20230911,000000,0.3894,0.40066,0.3801,0.385,11424,0
PHGE.US,D,20230912,000000,0.3849,0.4075,0.35,0.388,29378,0
PHGE.US,D,20230913,000000,0.4,0.424,0.38,0.396,70582,0
PHGE.US,D,20230914,000000,0.43,0.43,0.3525,0.3839,58694,0
PHGE.US,D,20230915,000000,0.37,0.37,0.36,0.37,15270,0
PHGE.US,D,20230918,000000,0.41,0.41,0.345,0.37,34092,0
PHGE.US,D,20230919,000000,0.3625,0.374,0.351,0.374,13673,0
PHGE.US,D,20230920,000000,0.38,0.38,0.345,0.3563,48915,0
PHGE.US,D,20230921,000000,0.367,0.367,0.345,0.358,36576,0
PHGE.US,D,20230922,000000,0.358,0.358,0.333,0.3512,25754,0
PHGE.US,D,20230925,000000,0.348,0.3578,0.33,0.352,17256,0
PHGE.US,D,20230926,000000,0.338,0.361,0.3307,0.361,11665,0
PHGE.US,D,20230927,000000,0.330001,0.3449,0.31,0.337,25660,0
PHGE.US,D,20230928,000000,0.3355,0.35,0.3261,0.345,23093,0
PHGE.US,D,20230929,000000,0.35395,0.3577,0.33,0.352,12810,0
PHGE.US,D,20231002,000000,0.37,0.37,0.3357,0.357,5946,0
PHGE.US,D,20231003,000000,0.3384,0.355,0.330101,0.35,18639,0
PHGE.US,D,20231004,000000,0.36,0.36,0.3355,0.3599,20334,0
PHGE.US,D,20231005,000000,0.36,0.361,0.3401,0.361,16031,0
PHGE.US,D,20231006,000000,0.34,0.36,0.34,0.36,6269,0
PHGE.US,D,20231009,000000,0.34,0.3448,0.3101,0.33,29401,0
PHGE.US,D,20231010,000000,0.336,0.37,0.336,0.369,49198,0
PHGE.US,D,20231011,000000,0.3623,0.3623,0.339526,0.36,6758,0
PHGE.US,D,20231012,000000,0.3582,0.37,0.321999,0.333,137710,0
PHGE.US,D,20231013,000000,0.3298,0.3298,0.294,0.3266,23477,0
PHGE.US,D,20231016,000000,0.357,0.3598,0.3,0.3,83151,0
PHGE.US,D,20231017,000000,0.315,0.325,0.3,0.3101,47159,0
PHGE.US,D,20231018,000000,0.31,0.34,0.31,0.3225,17165,0
PHGE.US,D,20231019,000000,0.2616,0.32,0.2601,0.2983,59498,0
PHGE.US,D,20231020,000000,0.2706,0.3051,0.2706,0.2897,48211,0
PHGE.US,D,20231023,000000,0.281,0.300596,0.281,0.2958,16436,0
PHGE.US,D,20231024,000000,0.3,0.3096,0.3,0.3,12168,0
PHGE.US,D,20231025,000000,0.32,0.32,0.2802,0.295,11488,0
PHGE.US,D,20231026,000000,0.29,0.294,0.27,0.2701,39752,0
PHGE.US,D,20231027,000000,0.3,0.3,0.2711,0.275,34364,0
PHGE.US,D,20231030,000000,0.292,0.3,0.28,0.281,78846,0
PHGE.US,D,20231031,000000,0.31,0.31,0.2711,0.2907,43313,0
PHGE.US,D,20231101,000000,0.309,0.31,0.2711,0.305,77612,0
PHGE.US,D,20231102,000000,0.29,0.33,0.29,0.309799,123070,0
PHGE.US,D,20231103,000000,0.32,0.32,0.29,0.3085,78029,0
PHGE.US,D,20231106,000000,0.298,0.32,0.295,0.3098,5973,0
PHGE.US,D,20231107,000000,0.3025,0.3162,0.295,0.3153,37565,0
PHGE.US,D,20231108,000000,0.3056,0.3696,0.3,0.3696,363285,0
PHGE.US,D,20231109,000000,0.3681,0.39,0.36,0.39,122945,0
PHGE.US,D,20231110,000000,0.39,0.39,0.365,0.39,71981,0
PHGE.US,D,20231113,000000,0.394,0.4,0.38,0.3901,59188,0
PHGE.US,D,20231114,000000,0.38,0.4,0.375198,0.3854,106174,0
PHGE.US,D,20231115,000000,0.399,0.4,0.3559,0.379,81401,0
PHGE.US,D,20231116,000000,0.3649,0.414,0.3649,0.411,38404,0
PHGE.US,D,20231117,000000,0.39,0.411,0.39,0.41,75157,0
PHGE.US,D,20231120,000000,0.3887,0.4052,0.3516,0.37,45456,0
PHGE.US,D,20231121,000000,0.36,0.405,0.36,0.3995,45925,0
PHGE.US,D,20231122,000000,0.3979,0.49,0.3939,0.45,104198,0
PHGE.US,D,20231124,000000,0.511,0.65,0.4867,0.6128,713088,0
PHGE.US,D,20231127,000000,0.611,0.6111,0.4906,0.5258,471637,0
PHGE.US,D,20231128,000000,0.513,0.5862,0.5,0.56,109804,0
PHGE.US,D,20231129,000000,0.39,0.4454,0.26,0.3,1667881,0
PHGE.US,D,20231130,000000,0.3162,0.3265,0.242,0.259,720201,0
PHGE.US,D,20231201,000000,0.26,0.29,0.2197,0.258,365358,0
PHGE.US,D,20231204,000000,0.3045,0.3049,0.2501,0.2702,460136,0
PHGE.US,D,20231205,000000,0.27,0.284,0.2614,0.283,99641,0
PHGE.US,D,20231206,000000,0.2866,0.2907,0.271,0.2907,44089,0
PHGE.US,D,20231207,000000,0.2711,0.291,0.271,0.2822,43933,0
PHGE.US,D,20231208,000000,0.29,0.2901,0.28,0.283,50970,0
PHGE.US,D,20231211,000000,0.28,0.291,0.27,0.2749,101855,0
PHGE.US,D,20231212,000000,0.284,0.2886,0.27,0.2785,55562,0
PHGE.US,D,20231213,000000,0.2785,0.292538,0.2739,0.292538,50051,0
PHGE.US,D,20231214,000000,0.29,0.29,0.27,0.2775,99349,0
PHGE.US,D,20231215,000000,0.28,0.2899,0.2683,0.2887,31139,0
PHGE.US,D,20231218,000000,0.28,0.2899,0.275,0.279,34832,0
PHGE.US,D,20231219,000000,0.273,0.29,0.271,0.284999,43141,0
PHGE.US,D,20231220,000000,0.29,0.2929,0.26,0.2779,142637,0
PHGE.US,D,20231221,000000,0.2602,0.3176,0.2602,0.3,389058,0
PHGE.US,D,20231222,000000,0.2999,0.307,0.285,0.2901,41400,0
PHGE.US,D,20231226,000000,0.27,0.32,0.27,0.2922,111721,0
PHGE.US,D,20231227,000000,0.2743,0.379599,0.2743,0.309999,2139144,0
PHGE.US,D,20231228,000000,0.3035,0.305,0.284,0.2895,450424,0
PHGE.US,D,20231229,000000,0.2894,0.31,0.28,0.28,217495,0
PHGE.US,D,20240102,000000,0.272,0.3,0.2718,0.2784,127666,0
PHGE.US,D,20240103,000000,0.2981,0.3,0.27,0.271,113545,0
PHGE.US,D,20240104,000000,0.27,0.2869,0.26,0.2701,782328,0
PHGE.US,D,20240105,000000,0.2706,0.2749,0.26,0.273,93643,0
PHGE.US,D,20240108,000000,0.2731,0.2731,0.26,0.2645,93644,0
PHGE.US,D,20240109,000000,0.2781,0.2781,0.25,0.2503,154798,0
PHGE.US,D,20240110,000000,0.25,0.2698,0.25,0.262,166218,0
PHGE.US,D,20240111,000000,0.2739,0.2739,0.2243,0.2349,428823,0
PHGE.US,D,20240112,000000,0.24,0.24,0.2075,0.2251,236860,0
PHGE.US,D,20240116,000000,0.2254,0.2561,0.22,0.227,69972,0
PHGE.US,D,20240117,000000,0.239,0.239,0.2048,0.224,76386,0
PHGE.US,D,20240118,000000,0.225,0.23,0.209899,0.2226,40521,0
PHGE.US,D,20240119,000000,0.2211,0.23,0.2101,0.2163,42425,0
PHGE.US,D,20240122,000000,0.24,0.24,0.213,0.2248,57703,0
PHGE.US,D,20240123,000000,0.2413,0.249899,0.218,0.2199,93884,0
PHGE.US,D,20240124,000000,0.25,0.25,0.22,0.225,58864,0
PHGE.US,D,20240125,000000,0.235,0.245,0.235,0.242,88901,0
PHGE.US,D,20240126,000000,0.238749,0.288,0.2256,0.265,349504,0
PHGE.US,D,20240129,000000,0.264,0.2749,0.2243,0.244,383905,0
PHGE.US,D,20240130,000000,0.2531,0.2722,0.25,0.2531,94058,0
PHGE.US,D,20240131,000000,0.26,0.26,0.235,0.2398,70076,0
PHGE.US,D,20240201,000000,0.235,0.2395,0.215,0.221,201904,0
PHGE.US,D,20240202,000000,0.24,0.24,0.219,0.22,42023,0
PHGE.US,D,20240205,000000,0.224,0.237,0.2175,0.2192,37005,0
PHGE.US,D,20240206,000000,0.215,0.2229,0.21,0.216,109760,0
PHGE.US,D,20240207,000000,0.2091,0.22,0.2091,0.2149,31341,0
PHGE.US,D,20240208,000000,0.2065,0.2199,0.206,0.2111,78757,0
PHGE.US,D,20240209,000000,0.207,0.24,0.207,0.225,128961,0
PHGE.US,D,20240212,000000,0.2315,0.2499,0.22,0.241,157044,0
PHGE.US,D,20240213,000000,0.2453,0.2453,0.2033,0.22155,88062,0
PHGE.US,D,20240214,000000,0.219,0.2412,0.219,0.2306,93563,0
PHGE.US,D,20240215,000000,0.223,0.232899,0.2208,0.226,56114,0
PHGE.US,D,20240216,000000,0.22,0.2399,0.22,0.23,49236,0
PHGE.US,D,20240220,000000,0.2404,0.2404,0.23,0.2303,24408,0
PHGE.US,D,20240221,000000,0.23,0.2303,0.22,0.2245,39116,0
PHGE.US,D,20240222,000000,0.2245,0.2397,0.22,0.221,39988,0
PHGE.US,D,20240223,000000,0.2331,0.2399,0.2101,0.213,88584,0
PHGE.US,D,20240226,000000,0.21,0.2245,0.201,0.2101,95020,0
PHGE.US,D,20240227,000000,0.2199,0.2249,0.21,0.2225,50428,0
PHGE.US,D,20240228,000000,0.216,0.23,0.213,0.2151,26979,0
PHGE.US,D,20240229,000000,0.2398,0.2398,0.1866,0.21,252295,0
PHGE.US,D,20240301,000000,0.22,0.2239,0.21,0.213,36293,0
PHGE.US,D,20240304,000000,0.2126,0.23,0.21,0.218,167455,0
PHGE.US,D,20240305,000000,0.2106,0.2398,0.2106,0.2311,92752,0
PHGE.US,D,20240306,000000,0.72,0.855,0.521,0.6879,140712233,0
PHGE.US,D,20240307,000000,0.6199,0.63,0.3784,0.399899,8149685,0
PHGE.US,D,20240308,000000,0.3902,0.436,0.3604,0.4269,2094728,0
PHGE.US,D,20240311,000000,0.3979,0.42,0.375,0.3869,705226,0
PHGE.US,D,20240312,000000,0.38,0.385,0.331,0.37,932789,0
PHGE.US,D,20240313,000000,0.341,0.419,0.34,0.3897,689351,0
PHGE.US,D,20240314,000000,0.4096,0.4096,0.36,0.3611,312076,0
PHGE.US,D,20240315,000000,0.3503,0.397,0.3503,0.366,277990,0
PHGE.US,D,20240318,000000,0.37,0.38249,0.35,0.36,1010492,0
PHGE.US,D,20240319,000000,0.36,0.41,0.357,0.3699,848989,0
PHGE.US,D,20240320,000000,0.38,0.3883,0.3515,0.3698,429321,0
PHGE.US,D,20240321,000000,0.365,0.37,0.351,0.3621,184872,0
PHGE.US,D,20240322,000000,0.3665,0.3665,0.331,0.342,330437,0
PHGE.US,D,20240325,000000,0.36,0.36,0.3323,0.338,116804,0
PHGE.US,D,20240326,000000,0.331,0.3481,0.331,0.3357,257947,0
PHGE.US,D,20240327,000000,0.34,0.36,0.331,0.356081,327555,0
PHGE.US,D,20240328,000000,0.37,0.46,0.35,0.45,462996,0
PHGE.US,D,20240401,000000,0.4307,0.44,0.381,0.4095,452359,0
PHGE.US,D,20240402,000000,0.3997,0.44,0.37,0.3842,653526,0
PHGE.US,D,20240403,000000,0.41,0.42,0.35,0.35,411067,0
PHGE.US,D,20240404,000000,0.39,0.39,0.36,0.38,393595,0
PHGE.US,D,20240405,000000,0.39,0.4,0.365,0.3797,303799,0
PHGE.US,D,20240408,000000,0.3632,0.3973,0.3577,0.3579,188594,0
PHGE.US,D,20240409,000000,0.36,0.369,0.345,0.351,118059,0
PHGE.US,D,20240410,000000,0.36,0.36,0.3415,0.3415,147878,0
PHGE.US,D,20240411,000000,0.339,0.3399,0.3105,0.3253,133099,0
PHGE.US,D,20240412,000000,0.35,0.35,0.31,0.315,72654,0
PHGE.US,D,20240415,000000,0.319,0.3307,0.3,0.3001,160459,0
PHGE.US,D,20240416,000000,0.3,0.3018,0.2675,0.2803,187748,0
PHGE.US,D,20240417,000000,0.2803,0.320001,0.2725,0.2801,130804,0
PHGE.US,D,20240418,000000,0.2799,0.31,0.2787,0.2958,118347,0
PHGE.US,D,20240419,000000,0.282,0.2981,0.2802,0.29,69439,0
PHGE.US,D,20240422,000000,0.31,0.34,0.29,0.2951,194966,0
PHGE.US,D,20240423,000000,0.33,0.35,0.300201,0.3465,221045,0
PHGE.US,D,20240424,000000,0.3465,0.35,0.315,0.3399,126326,0
PHGE.US,D,20240425,000000,0.325,0.344,0.3065,0.336,92885,0
PHGE.US,D,20240426,000000,0.322,0.35,0.32,0.35,168084,0
PHGE.US,D,20240429,000000,0.3395,0.4016,0.336,0.3798,560569,0
PHGE.US,D,20240430,000000,0.387,0.499,0.3503,0.479,1085577,0
PHGE.US,D,20240501,000000,0.45,0.4599,0.39,0.4446,309984,0
PHGE.US,D,20240502,000000,0.42,0.4446,0.405,0.408,153882,0
PHGE.US,D,20240503,000000,0.405,0.4398,0.383899,0.383899,149515,0
PHGE.US,D,20240506,000000,0.415,0.4299,0.4,0.408,136127,0
PHGE.US,D,20240507,000000,0.429,0.429,0.37,0.4,154981,0
PHGE.US,D,20240508,000000,0.398,0.4,0.356,0.3686,208234,0
PHGE.US,D,20240509,000000,0.36,0.399,0.3407,0.36,49870,0
PHGE.US,D,20240510,000000,0.375,0.375,0.3401,0.3546,39477,0
PHGE.US,D,20240513,000000,0.316,0.3545,0.316,0.3402,151471,0
PHGE.US,D,20240514,000000,0.35,0.36,0.3341,0.346,31736,0
PHGE.US,D,20240515,000000,0.3585,0.36,0.3456,0.3456,44003,0
PHGE.US,D,20240516,000000,0.355,0.365,0.33,0.3301,95474,0
PHGE.US,D,20240517,000000,0.33,0.3542,0.32,0.3388,147368,0
PHGE.US,D,20240520,000000,0.37,0.37,0.33,0.3416,173131,0
PHGE.US,D,20240521,000000,0.37,0.42,0.3006,0.365,450062,0
PHGE.US,D,20240522,000000,0.365,0.378,0.335,0.357,177757,0
PHGE.US,D,20240523,000000,0.3586,0.3586,0.33,0.3448,70053,0
PHGE.US,D,20240524,000000,0.3587,0.3587,0.33805,0.34,81739,0
PHGE.US,D,20240528,000000,0.36,0.389,0.3311,0.3601,215005,0
PHGE.US,D,20240529,000000,0.3576,0.385,0.35,0.35,178298,0
PHGE.US,D,20240530,000000,0.36,0.49,0.3411,0.418,1434667,0
PHGE.US,D,20240531,000000,0.39,0.46,0.3885,0.4,300741,0
PHGE.US,D,20240603,000000,0.405,0.42,0.3996,0.4,81962,0
PHGE.US,D,20240604,000000,0.4,0.4425,0.4,0.422,109420,0
PHGE.US,D,20240605,000000,0.4381,0.4381,0.4,0.418,122018,0
PHGE.US,D,20240606,000000,0.4,0.4134,0.3701,0.3701,206995,0
PHGE.US,D,20240607,000000,0.361,0.3864,0.35,0.3507,152083,0
PHGE.US,D,20240610,000000,0.3507,0.37,0.341,0.3499,62131,0
PHGE.US,D,20240611,000000,0.341,0.35,0.34,0.34,64910,0
PHGE.US,D,20240612,000000,0.35,0.354999,0.34,0.34,96930,0
PHGE.US,D,20240613,000000,0.33,0.35,0.33,0.34,52551,0
PHGE.US,D,20240614,000000,0.33,0.35,0.326,0.34,103138,0
PHGE.US,D,20240617,000000,0.35,0.3543,0.32,0.33,139611,0
PHGE.US,D,20240618,000000,0.33,0.35,0.3215,0.336,76607,0
PHGE.US,D,20240620,000000,0.3334,0.35,0.3215,0.3313,40924,0
PHGE.US,D,20240621,000000,0.344,0.35,0.3247,0.3328,57699,0
PHGE.US,D,20240624,000000,0.3371,0.3499,0.3191,0.323,81360,0
PHGE.US,D,20240625,000000,0.337,0.3497,0.315,0.3319,90649,0
PHGE.US,D,20240626,000000,0.35,0.35,0.311,0.34,46690,0
PHGE.US,D,20240627,000000,0.3424,0.345,0.335,0.3382,26670,0
PHGE.US,D,20240628,000000,0.3299,0.35,0.3299,0.3361,56766,0
PHGE.US,D,20240701,000000,0.35,0.35,0.3328,0.3412,25864,0
PHGE.US,D,20240702,000000,0.3586,0.381,0.35,0.3516,92065,0
PHGE.US,D,20240703,000000,0.363,0.37,0.33371,0.3425,50364,0
PHGE.US,D,20240705,000000,0.3335,0.3545,0.33,0.3465,37938,0
PHGE.US,D,20240708,000000,0.346,0.35,0.323,0.3301,54919,0
PHGE.US,D,20240709,000000,0.3233,0.34,0.3233,0.3355,48544,0
PHGE.US,D,20240710,000000,0.3355,0.3864,0.33,0.363,301121,0
PHGE.US,D,20240711,000000,0.355,0.355,0.3309,0.333,290938,0
PHGE.US,D,20240712,000000,0.3379,0.3442,0.33,0.34,88254,0
PHGE.US,D,20240715,000000,0.35,0.3592,0.325,0.34,108922,0
PHGE.US,D,20240716,000000,0.35,0.358,0.31,0.358,292139,0
PHGE.US,D,20240717,000000,0.3473,0.358,0.3306,0.34,134481,0
PHGE.US,D,20240718,000000,0.34,0.34,0.311,0.32,69316,0
PHGE.US,D,20240719,000000,0.3219,0.348,0.2804,0.295,192592,0
PHGE.US,D,20240722,000000,0.3199,0.3199,0.223,0.2251,935695,0
PHGE.US,D,20240723,000000,0.2637,0.2637,0.2215,0.23,551793,0
PHGE.US,D,20240724,000000,0.23,0.24,0.21,0.2295,439267,0
PHGE.US,D,20240725,000000,0.2303,0.2303,0.221,0.228,311783,0
PHGE.US,D,20240726,000000,0.23,0.2348,0.22,0.2238,138417,0
PHGE.US,D,20240729,000000,0.23,0.2314,0.2105,0.212,323086,0
PHGE.US,D,20240730,000000,0.212,0.2216,0.19,0.194,718397,0
PHGE.US,D,20240731,000000,0.2,0.232,0.2,0.22,1531171,0
PHGE.US,D,20240801,000000,0.2245,0.2245,0.1941,0.204,608011,0
PHGE.US,D,20240802,000000,0.1979,0.1979,0.1794,0.1875,879664,0
PHGE.US,D,20240805,000000,0.19,0.19,0.175,0.184,471527,0
PHGE.US,D,20240806,000000,0.189,0.192,0.1801,0.1849,393326,0
PHGE.US,D,20240807,000000,0.186,0.19,0.172,0.179,227259,0
PHGE.US,D,20240808,000000,0.18,0.186,0.1723,0.18,85467,0
PHGE.US,D,20240809,000000,0.18,0.19,0.178,0.19,170200,0
PHGE.US,D,20240812,000000,0.1938,0.1938,0.1811,0.186,110795,0
PHGE.US,D,20240813,000000,0.1874,0.1913,0.18,0.1836,53493,0
PHGE.US,D,20240814,000000,0.1835,0.19,0.1818,0.184,436410,0
PHGE.US,D,20240815,000000,0.19,0.19,0.1537,0.1627,1274506,0
PHGE.US,D,20240816,000000,0.175,0.18,0.1625,0.1669,624332,0
PHGE.US,D,20240819,000000,0.17,0.17,0.1376,0.156,857592,0
PHGE.US,D,20240820,000000,0.16,0.16,0.1412,0.148,584851,0
PHGE.US,D,20240821,000000,0.1581,0.1581,0.144,0.151,464940,0
PHGE.US,D,20240822,000000,0.155,0.156,0.1301,0.1356,767096,0
PHGE.US,D,20240823,000000,0.1489,0.1489,0.132,0.1374,713877,0
PHGE.US,D,20240826,000000,1.26,1.4699,1.1539,1.3346,192263,0
PHGE.US,D,20240827,000000,1.31,1.3699,1.22,1.2499,120232,0
PHGE.US,D,20240828,000000,1.24,1.6196,1.222,1.4,470281,0
PHGE.US,D,20240829,000000,1.4,1.4,1.23,1.26,232786,0
PHGE.US,D,20240830,000000,1.29,1.3,1.22,1.22,32660,0
PHGE.US,D,20240903,000000,1.22,1.23,1.12,1.13,111017,0
PHGE.US,D,20240904,000000,1.11,1.17,1.11,1.15,69483,0
PHGE.US,D,20240905,000000,1.22,1.23,1.14,1.2,39088,0
PHGE.US,D,20240906,000000,1.23,1.23,1.1838,1.1901,32067,0
PHGE.US,D,20240909,000000,1.17,1.1899,1.1,1.126,78982,0
PHGE.US,D,20240910,000000,1.11,1.1231,1.05,1.08,51669,0
PHGE.US,D,20240911,000000,1.06,1.08,0.98,0.99,56047,0
PHGE.US,D,20240912,000000,0.9901,1.0784,0.99,1.04,44204,0
PHGE.US,D,20240913,000000,1.05,1.11,0.98,0.9927,94259,0
PHGE.US,D,20240916,000000,1.03,1.03,0.94,0.9851,29506,0
PHGE.US,D,20240917,000000,0.9797,1.04,0.955,1.02,31142,0
PHGE.US,D,20240918,000000,1,1.04,0.97,1.026,70964,0
PHGE.US,D,20240919,000000,1.06,1.07,1.04,1.055,19632,0
PHGE.US,D,20240920,000000,1.03,1.1,1.02,1.02,41534,0
PHGE.US,D,20240923,000000,1.03,1.13,1.03,1.09,67085,0
PHGE.US,D,20240924,000000,1.12,1.14,1.08,1.14,33399,0
PHGE.US,D,20240925,000000,1.15,1.15,1.02,1.07,61675,0
PHGE.US,D,20240926,000000,1.05,1.08,1.0301,1.07,53152,0
PHGE.US,D,20240927,000000,1.08,1.0899,1.05,1.055,29681,0
PHGE.US,D,20240930,000000,1.061,1.09,1.015,1.02,31843,0
PHGE.US,D,20241001,000000,1.06,1.06,1,1.0099,57742,0
PHGE.US,D,20241002,000000,1.03,1.03,0.95,0.9679,37364,0
PHGE.US,D,20241003,000000,0.96,0.9601,0.882,0.9324,48374,0
PHGE.US,D,20241004,000000,0.92,0.981,0.9101,0.9183,29525,0
PHGE.US,D,20241007,000000,0.93,0.9388,0.891049,0.8998,29925,0
PHGE.US,D,20241008,000000,0.92,0.95,0.9,0.95,28666,0
PHGE.US,D,20241009,000000,0.9529,1.01,0.95,0.9698,27306,0
PHGE.US,D,20241010,000000,0.997825,0.9999,0.9215,0.9295,27285,0
PHGE.US,D,20241011,000000,0.9356,0.98,0.9215,0.9682,12471,0
PHGE.US,D,20241014,000000,0.9565,0.97,0.9268,0.97,11426,0
PHGE.US,D,20241015,000000,0.94,0.988699,0.938,0.94,19922,0
PHGE.US,D,20241016,000000,0.945,0.98,0.9216,0.9795,38568,0
PHGE.US,D,20241017,000000,0.97,1,0.941701,0.9499,22786,0
PHGE.US,D,20241018,000000,0.9873,0.999,0.94,0.9437,18432,0
PHGE.US,D,20241021,000000,0.9503,0.98,0.9325,0.9623,20806,0
PHGE.US,D,20241022,000000,0.95,0.999,0.9325,0.94,34767,0
PHGE.US,D,20241023,000000,0.9623,1.02,0.895,0.9097,60760,0
PHGE.US,D,20241024,000000,0.91,0.91,0.8701,0.8905,28681,0
PHGE.US,D,20241025,000000,0.924,0.924,0.8689,0.8799,34328,0
PHGE.US,D,20241028,000000,0.865,0.8956,0.865,0.8736,27965,0
PHGE.US,D,20241029,000000,0.9046,0.9046,0.828,0.85,26533,0
PHGE.US,D,20241030,000000,0.895,0.895,0.79,0.8,20532,0
PHGE.US,D,20241031,000000,0.795,0.84,0.73,0.77,48707,0
PHGE.US,D,20241101,000000,0.77,0.77,0.694,0.7284,38342,0
PHGE.US,D,20241104,000000,0.7001,0.825,0.62,0.728501,121114,0
PHGE.US,D,20241105,000000,0.7235,0.77,0.7235,0.77,1731097,0
PHGE.US,D,20241106,000000,0.73,0.78,0.6503,0.78,459663,0
PHGE.US,D,20241107,000000,0.7566,0.8122,0.7095,0.8119,77964,0
PHGE.US,D,20241108,000000,0.8078,0.8078,0.735,0.7717,35929,0
PHGE.US,D,20241111,000000,0.782804,0.79255,0.7083,0.7386,91216,0
PHGE.US,D,20241112,000000,0.74,0.7749,0.7003,0.7728,62146,0
PHGE.US,D,20241113,000000,0.7501,0.7501,0.6735,0.7239,64715,0
PHGE.US,D,20241114,000000,0.7241,0.7851,0.7125,0.75,49210,0
PHGE.US,D,20241115,000000,0.7276,0.77,0.61,0.62,75431,0
PHGE.US,D,20241118,000000,0.6897,0.7406,0.555,0.5767,81692,0
PHGE.US,D,20241119,000000,0.6,0.6,0.57,0.5796,42506,0
PHGE.US,D,20241120,000000,0.58,0.58,0.5041,0.509,103796,0
PHGE.US,D,20241121,000000,0.544,0.544,0.48,0.4918,125354,0
PHGE.US,D,20241122,000000,0.556507,0.57,0.4929,0.5447,87971,0
PHGE.US,D,20241125,000000,0.5103,0.57,0.501,0.554,71932,0
PHGE.US,D,20241126,000000,0.564,0.575,0.52,0.5492,53627,0
PHGE.US,D,20241127,000000,0.6161,0.6162,0.55,0.601199,65728,0
PHGE.US,D,20241129,000000,0.64,0.72245,0.63,0.7102,172938,0
PHGE.US,D,20241202,000000,0.7294,0.78,0.69,0.73,130117,0
PHGE.US,D,20241203,000000,0.75,0.7501,0.6118,0.625,111924,0
PHGE.US,D,20241204,000000,0.66,0.6839,0.625,0.6318,91615,0
PHGE.US,D,20241205,000000,0.7264,0.7264,0.625,0.647,25360,0
PHGE.US,D,20241206,000000,0.68,0.77,0.5906,0.61,104608,0
PHGE.US,D,20241209,000000,0.671,0.719,0.6,0.63,82120,0
PHGE.US,D,20241210,000000,0.65,0.69,0.6301,0.6421,30560,0
PHGE.US,D,20241211,000000,0.6406,0.648001,0.605,0.645,26618,0
PHGE.US,D,20241212,000000,0.65,0.6688,0.625,0.6297,42674,0
PHGE.US,D,20241213,000000,0.6301,0.6436,0.625,0.634,32380,0
PHGE.US,D,20241216,000000,0.6505,0.6746,0.63,0.665,71075,0
PHGE.US,D,20241217,000000,0.6755,0.69,0.63,0.6531,15216,0
PHGE.US,D,20241218,000000,0.6699,0.6699,0.61,0.61,20504,0
PHGE.US,D,20241219,000000,0.61,0.62455,0.56,0.5694,95187,0
PHGE.US,D,20241220,000000,0.57,0.6299,0.5666,0.62,117777,0
PHGE.US,D,20241223,000000,0.6206,0.66,0.54975,0.55,188019,0
PHGE.US,D,20241224,000000,0.6,0.6249,0.5349,0.5437,129347,0
PHGE.US,D,20241226,000000,0.5783,0.6389,0.545,0.6389,160057,0
PHGE.US,D,20241227,000000,0.64,0.79,0.6389,0.7454,229606,0
PHGE.US,D,20241230,000000,0.75,0.78,0.651,0.6999,248752,0
PHGE.US,D,20241231,000000,0.725,0.7474,0.6801,0.7301,251603,0
PHGE.US,D,20250102,000000,0.78,0.827,0.7324,0.785,153791,0
PHGE.US,D,20250103,000000,0.8201,0.85,0.75,0.7745,173382,0
PHGE.US,D,20250106,000000,0.7807,0.7929,0.7501,0.7694,45183,0
PHGE.US,D,20250107,000000,0.8,0.8,0.75,0.7901,52145,0
PHGE.US,D,20250108,000000,0.7717,0.7924,0.7,0.7395,54068,0
PHGE.US,D,20250110,000000,0.7391,0.7624,0.72,0.76239,45187,0
