<TICKER>,<PER>,<DATE>,<TIME>,<OPEN>,<HIGH>,<LOW>,<CLOSE>,<VOL>,<OPENINT>
UBRL.US,D,20240909,000000,23.4498,23.4498,23.4498,23.4498,27,0
UBRL.US,D,20240910,000000,22.799,23.041,22.6558,22.9093,1527,0
UBRL.US,D,20240911,000000,22.96,23.7104,22.96,23.7104,1242,0
UBRL.US,D,20240912,000000,23.32,23.32,22.2543,22.2543,2112,0
UBRL.US,D,20240913,000000,25.04,25.1922,24.17,25.1922,7613,0
UBRL.US,D,20240916,000000,24.7592,24.7592,24.4823,24.4823,1024,0
UBRL.US,D,20240917,000000,25.01,25.76,24.99,25.288,1827,0
UBRL.US,D,20240918,000000,25.7901,26.65,25.7901,25.8589,6549,0
UBRL.US,D,20240919,000000,26.91,27.859,26.91,27.0895,3936,0
UBRL.US,D,20240920,000000,26.75,26.76,25.87,26.0035,7324,0
UBRL.US,D,20240923,000000,26.71,26.83,26.2484,26.6139,6567,0
UBRL.US,D,20240924,000000,27.84,28.5325,27.6732,28.5325,9862,0
UBRL.US,D,20240925,000000,28.7,28.959,28.38,28.38,17644,0
UBRL.US,D,20240926,000000,28.7397,28.7397,26.94,27.992,7644,0
UBRL.US,D,20240927,000000,28.2195,28.2195,27.2931,27.2931,8085,0
UBRL.US,D,20240930,000000,26.81,27.07,26.81,26.91,4439,0
UBRL.US,D,20241001,000000,26.6109,26.6109,25.93,26.26,3230,0
UBRL.US,D,20241002,000000,25.871,25.871,25.189,25.25,2096,0
UBRL.US,D,20241003,000000,25.1664,25.3,25.0896,25.3,1448,0
UBRL.US,D,20241004,000000,25.99,26.18,25.6636,26.18,5816,0
UBRL.US,D,20241007,000000,27.0609,27.08,26.0194,26.41,4137,0
UBRL.US,D,20241008,000000,27.4815,27.6486,27.25,27.45,18386,0
UBRL.US,D,20241009,000000,27.96,28.76,27.96,28.67,7806,0
UBRL.US,D,20241010,000000,28.15,28.969,28.15,28.76,9123,0
UBRL.US,D,20241011,000000,31.74,35.3099,31.6777,34.8857,74625,0
UBRL.US,D,20241014,000000,34.53,34.565,33.22,33.79,45229,0
UBRL.US,D,20241015,000000,33.4,33.4,31.9979,32.42,15075,0
UBRL.US,D,20241016,000000,32.26,32.26,31.38,31.38,6926,0
UBRL.US,D,20241017,000000,29.9,30.5,29.6157,29.82,45437,0
UBRL.US,D,20241018,000000,29.021,29.31,28.94,29.25,21740,0
UBRL.US,D,20241021,000000,30.0969,30.21,29.7395,30.21,12827,0
UBRL.US,D,20241022,000000,30.33,30.6744,30.081,30.14,10116,0
UBRL.US,D,20241023,000000,29.9375,29.9375,29.52,29.72,7510,0
UBRL.US,D,20241024,000000,28.66,28.66,27.73,28.63,16802,0
UBRL.US,D,20241025,000000,28.83,28.88,27.61,28.03,30091,0
UBRL.US,D,20241028,000000,28.5,28.5,28.02,28.1,12179,0
UBRL.US,D,20241029,000000,28.42,29.689,28.3361,29.23,10852,0
UBRL.US,D,20241030,000000,29.33,29.75,29.249,29.37,28851,0
UBRL.US,D,20241031,000000,25.22,25.99,22.3114,23.82,141642,0
UBRL.US,D,20241101,000000,25.02,25.11,24.035,24.7,77316,0
UBRL.US,D,20241104,000000,24.221,25.21,24.221,24.68,20827,0
UBRL.US,D,20241105,000000,24.73,25.3399,24.64,25.27,12531,0
UBRL.US,D,20241106,000000,24.97,25.5,23.08,25.38,39229,0
UBRL.US,D,20241107,000000,26.89,26.89,24.2375,24.52,92551,0
UBRL.US,D,20241108,000000,24.69,24.7,23.4469,23.7,33393,0
UBRL.US,D,20241111,000000,24.09,24.29,23.29,23.5,20628,0
UBRL.US,D,20241112,000000,23.51,23.99,23.2672,23.33,13013,0
UBRL.US,D,20241113,000000,23.35,23.3726,22.76,23.13,21479,0
UBRL.US,D,20241114,000000,23.14,24.1599,22.95,23.37,16007,0
UBRL.US,D,20241115,000000,24.05,24.7342,23.7971,24.53,34376,0
UBRL.US,D,20241118,000000,23.68,23.68,20.8912,21.9,145762,0
UBRL.US,D,20241119,000000,21.59,21.94,21.229,21.73,36652,0
UBRL.US,D,20241120,000000,21.83,22.4024,21.67,22.09,23800,0
UBRL.US,D,20241121,000000,22.43,22.72,21.6,22.09,21556,0
UBRL.US,D,20241122,000000,22.28,23.25,22.1784,23.25,21396,0
UBRL.US,D,20241125,000000,23.99,24.53,23.49,24.49,32652,0
UBRL.US,D,20241126,000000,24.52,24.52,23.18,23.23,19068,0
UBRL.US,D,20241127,000000,23.65,23.939,22.92,23.28,119361,0
UBRL.US,D,20241129,000000,23.3413,23.73,23.2216,23.54,16451,0
UBRL.US,D,20241202,000000,23.36,24.3995,23.18,24.21,39254,0
UBRL.US,D,20241203,000000,24.3,24.3,23,23.02,37990,0
UBRL.US,D,20241204,000000,22.78,23.6983,22.6,23.6,27044,0
UBRL.US,D,20241205,000000,23.22,23.22,18.45,19.05,401967,0
UBRL.US,D,20241206,000000,19.66,20.05,19,19.55,180770,0
UBRL.US,D,20241209,000000,19.32,19.5,18.94,19.31,104020,0
UBRL.US,D,20241210,000000,19.08,19.25,18.63,18.86,68015,0
UBRL.US,D,20241211,000000,18.45,18.45,16.12,16.66,569775,0
UBRL.US,D,20241212,000000,17.84,17.88,16.74,16.77,392051,0
UBRL.US,D,20241213,000000,17,17.14,15.86,15.95,408111,0
UBRL.US,D,20241216,000000,16.13,16.61,16.0201,16.11,583735,0
UBRL.US,D,20241217,000000,15.8,16.52,15.7,16.52,313817,0
UBRL.US,D,20241218,000000,16.77,18.06,16.4204,16.63,789324,0
UBRL.US,D,20241219,000000,16.94,17.15,15.95,16.11,289250,0
UBRL.US,D,20241220,000000,15.97,16.62,15.78,16.33,193933,0
UBRL.US,D,20241223,000000,16.49,17.1,16.4288,16.95,224405,0
UBRL.US,D,20241224,000000,16.97,16.97,16.3899,16.79,100577,0
UBRL.US,D,20241226,000000,16.85,16.96,16.53,16.75,107255,0
UBRL.US,D,20241227,000000,16.58,16.58,15.89,16.49,126541,0
UBRL.US,D,20241230,000000,16.1,16.5,15.97,16.31,115911,0
UBRL.US,D,20241231,000000,16.44,16.44,15.97,16.07,156339,0
UBRL.US,D,20250102,000000,17,17.669,16.68,17.58,347884,0
UBRL.US,D,20250103,000000,17.9,18.67,17.71,18.36,294030,0
UBRL.US,D,20250106,000000,19.65,19.85,19.17,19.33,437477,0
UBRL.US,D,20250107,000000,20.6,20.75,19.11,19.22,327589,0
UBRL.US,D,20250108,000000,19.32,19.45,18.0037,18.49,190369,0
UBRL.US,D,20250110,000000,18.735,19.3951,18.735,19.08,227945,0
