<TICKER>,<PER>,<DATE>,<TIME>,<OPEN>,<HIGH>,<LOW>,<CLOSE>,<VOL>,<OPENINT>
MPLN.US,D,20200408,000000,9.75,9.81,9.75,9.8,50550,0
MPLN.US,D,20200414,000000,9.85,9.9,9.79,9.81,1280740,0
MPLN.US,D,20200415,000000,9.8,9.8,9.78,9.78,101016,0
MPLN.US,D,20200416,000000,9.76,9.78,9.7,9.76,260505,0
MPLN.US,D,20200417,000000,9.81,9.81,9.77,9.77,784200,0
MPLN.US,D,20200420,000000,9.75,9.8,9.75,9.8,502,0
MPLN.US,D,20200422,000000,9.85,9.85,9.85,9.85,101,0
MPLN.US,D,20200423,000000,9.8499,9.85,9.8,9.82,8660,0
MPLN.US,D,20200424,000000,9.75,9.85,9.75,9.84,250463,0
MPLN.US,D,20200427,000000,9.95,9.95,9.95,9.95,2000,0
MPLN.US,D,20200428,000000,9.94,9.94,9.94,9.94,1102995,0
MPLN.US,D,20200429,000000,9.95,9.95,9.9498,9.9499,2108,0
MPLN.US,D,20200430,000000,9.9499,9.9499,9.9499,9.9499,1092,0
MPLN.US,D,20200501,000000,9.9,9.9,9.89,9.89,251680,0
MPLN.US,D,20200504,000000,9.7,9.9,9.7,9.89,960610,0
MPLN.US,D,20200506,000000,9.85,9.86,9.85,9.86,404700,0
MPLN.US,D,20200508,000000,9.875,10.25,9.8502,9.92,305600,0
MPLN.US,D,20200511,000000,9.93,9.97,9.92,9.97,223400,0
MPLN.US,D,20200512,000000,10.397,10.397,10,10.2,397746,0
MPLN.US,D,20200513,000000,10.1,10.24,10.02,10.02,369702,0
MPLN.US,D,20200514,000000,10.09,10.15,10.05,10.09,426058,0
MPLN.US,D,20200515,000000,10.09,10.1,10.04,10.04,7304,0
MPLN.US,D,20200518,000000,10.05,10.07,10.05,10.07,802,0
MPLN.US,D,20200519,000000,10.065,10.1,10.065,10.09,702329,0
MPLN.US,D,20200520,000000,10.05,10.24,10.05,10.1,523793,0
MPLN.US,D,20200521,000000,10.076,10.12,10.076,10.1,10644,0
MPLN.US,D,20200522,000000,10.1,10.1,10.0998,10.1,2376,0
MPLN.US,D,20200526,000000,10.14,10.1799,10.05,10.1,16244,0
MPLN.US,D,20200527,000000,10.15,10.2,10.078,10.14,54797,0
MPLN.US,D,20200528,000000,10.11,10.2,10.1,10.2,21532,0
MPLN.US,D,20200529,000000,10.17,10.36,10.15,10.25,153815,0
MPLN.US,D,20200601,000000,10.25,10.25,10.03,10.23,39242,0
MPLN.US,D,20200602,000000,10.3,10.3,10.135,10.2,23434,0
MPLN.US,D,20200603,000000,10.22,10.23,10.0421,10.19,21287,0
MPLN.US,D,20200604,000000,10.24,10.24,10.0601,10.19,419428,0
MPLN.US,D,20200605,000000,10.19,10.25,10.1174,10.25,619834,0
MPLN.US,D,20200608,000000,10.25,10.3,10.14,10.26,20557,0
MPLN.US,D,20200609,000000,10.26,10.3,10.26,10.29,61030,0
MPLN.US,D,20200610,000000,10.29,10.45,10.19,10.32,253344,0
MPLN.US,D,20200611,000000,10.2,10.42,10.2,10.2,61778,0
MPLN.US,D,20200612,000000,10.28,10.3,10.06,10.1,104151,0
MPLN.US,D,20200615,000000,10.16,10.2799,9.91,10.09,149104,0
MPLN.US,D,20200616,000000,10.16,10.23,10.07,10.19,51151,0
MPLN.US,D,20200617,000000,10.29,10.3,10.1701,10.26,176415,0
MPLN.US,D,20200618,000000,10.31,10.31,10.17,10.25,70948,0
MPLN.US,D,20200619,000000,10.53,10.53,10.2,10.25,156068,0
MPLN.US,D,20200622,000000,10.4,10.4,10.25,10.25,171986,0
MPLN.US,D,20200623,000000,10.33,10.5,10.25,10.4373,476791,0
MPLN.US,D,20200624,000000,10.44,10.44,10.29,10.35,74385,0
MPLN.US,D,20200625,000000,10.36,10.4055,10.3,10.38,62139,0
MPLN.US,D,20200626,000000,10.44,10.44,10.27,10.27,604114,0
MPLN.US,D,20200629,000000,10.35,10.42,10.26,10.4,133939,0
MPLN.US,D,20200630,000000,10.45,11.7,10.4,10.79,3169838,0
MPLN.US,D,20200701,000000,11,11,10.71,10.81,223753,0
MPLN.US,D,20200702,000000,10.9,11.05,10.81,10.93,591182,0
MPLN.US,D,20200706,000000,10.7,10.88,10.6,10.75,261378,0
MPLN.US,D,20200707,000000,10.6,10.79,10.54,10.67,213873,0
MPLN.US,D,20200708,000000,10.58,10.65,10.54,10.63,176405,0
MPLN.US,D,20200709,000000,10.65,10.7,10.5,10.65,192645,0
MPLN.US,D,20200710,000000,10.7,10.85,10.616,10.81,150992,0
MPLN.US,D,20200713,000000,12.76,12.93,11,11.21,23721100,0
MPLN.US,D,20200714,000000,11.2,11.34,10.725,11.14,5289391,0
MPLN.US,D,20200715,000000,11,11.49,11,11.35,9369119,0
MPLN.US,D,20200716,000000,11.23,11.89,11.23,11.8,8343014,0
MPLN.US,D,20200717,000000,11.75,12.27,11.75,11.97,10237811,0
MPLN.US,D,20200720,000000,11.94,12,11.4,11.67,1578645,0
MPLN.US,D,20200721,000000,11.67,11.8,11.14,11.4,1585911,0
MPLN.US,D,20200722,000000,11.55,11.74,10.91,11.0777,1725017,0
MPLN.US,D,20200723,000000,11.12,11.3199,10.91,10.98,1274499,0
MPLN.US,D,20200724,000000,11,11.2,10.85,10.98,1004466,0
MPLN.US,D,20200727,000000,11,11.44,10.95,11.29,3265414,0
MPLN.US,D,20200728,000000,11.25,11.29,10.91,10.94,1396546,0
MPLN.US,D,20200729,000000,10.96,11.05,10.6,10.96,906808,0
MPLN.US,D,20200730,000000,10.85,10.98,10.52,10.6,2215805,0
MPLN.US,D,20200731,000000,10.55,10.69,10.27,10.36,1288768,0
MPLN.US,D,20200803,000000,10.3,10.5,10.2,10.25,1132647,0
MPLN.US,D,20200804,000000,10.26,10.47,10.19,10.47,1559764,0
MPLN.US,D,20200805,000000,10.46,10.5,10.19,10.24,1959679,0
MPLN.US,D,20200806,000000,10.2,10.85,10.16,10.83,3959768,0
MPLN.US,D,20200807,000000,10.7,10.88,10.32,10.86,4759278,0
MPLN.US,D,20200810,000000,10.73,10.94,10.665,10.92,1525217,0
MPLN.US,D,20200811,000000,10.93,10.93,10.65,10.75,1583797,0
MPLN.US,D,20200812,000000,10.6,10.9,10.58,10.69,1811554,0
MPLN.US,D,20200813,000000,10.6,10.76,10.5,10.75,1252014,0
MPLN.US,D,20200814,000000,10.6,10.9,10.6,10.8,881001,0
MPLN.US,D,20200817,000000,10.59,10.96,10.55,10.8,1971841,0
MPLN.US,D,20200818,000000,10.74,10.9,10.61,10.7,2257382,0
MPLN.US,D,20200819,000000,10.61,10.705,10.35,10.42,1686229,0
MPLN.US,D,20200820,000000,10.42,10.92,10.4,10.9,5330266,0
MPLN.US,D,20200821,000000,10.74,11.37,10.74,11.34,6071018,0
MPLN.US,D,20200824,000000,11.06,11.4175,11.06,11.4,3494122,0
MPLN.US,D,20200825,000000,11.41,11.52,11.33,11.5,3327616,0
MPLN.US,D,20200826,000000,11.61,11.65,11.15,11.45,742053,0
MPLN.US,D,20200827,000000,11.55,11.55,11.22,11.34,1147599,0
MPLN.US,D,20200828,000000,11.31,11.5,11.2414,11.46,1183669,0
MPLN.US,D,20200831,000000,11.78,11.79,11.47,11.52,986902,0
MPLN.US,D,20200901,000000,11.4,11.6,11.4,11.44,1130676,0
MPLN.US,D,20200902,000000,11.5,11.8,11.42,11.45,903770,0
MPLN.US,D,20200903,000000,11.35,11.41,11,11.08,1910209,0
MPLN.US,D,20200904,000000,11.1348,11.22,10.84,11,753190,0
MPLN.US,D,20200908,000000,11.1,11.1,10.8,10.8,481532,0
MPLN.US,D,20200909,000000,10.97,11.05,10.87,11.03,525675,0
MPLN.US,D,20200910,000000,11.1,11.22,10.95,10.95,433143,0
MPLN.US,D,20200911,000000,11.34,11.37,10.83,10.89,609062,0
MPLN.US,D,20200914,000000,11.3,11.3,11.05,11.09,1726772,0
MPLN.US,D,20200915,000000,11.22,11.26,11.05,11.14,1302567,0
MPLN.US,D,20200916,000000,11.25,11.3,11.15,11.16,897726,0
MPLN.US,D,20200917,000000,11.3,11.3,11.15,11.16,1682165,0
MPLN.US,D,20200918,000000,11.37,11.55,11.22,11.27,2350113,0
MPLN.US,D,20200921,000000,11.5,11.54,11.19,11.35,2817388,0
MPLN.US,D,20200922,000000,11.4,11.48,11.2,11.27,1589314,0
MPLN.US,D,20200923,000000,11.39,11.48,10.93,10.99,1398699,0
MPLN.US,D,20200924,000000,10.73,11.1,10.49,10.76,1487994,0
MPLN.US,D,20200925,000000,10.94,10.99,10.78,10.79,2660006,0
MPLN.US,D,20200928,000000,11,11.005,10.88,10.9,1971266,0
MPLN.US,D,20200929,000000,10.95,10.95,10.42,10.44,2081323,0
MPLN.US,D,20200930,000000,10.59,10.61,10.2,10.25,4924172,0
MPLN.US,D,20201001,000000,10.22,10.35,10,10.12,4353667,0
MPLN.US,D,20201002,000000,10.1,10.1082,9.87,9.9,5005482,0
MPLN.US,D,20201005,000000,9.99,10.49,8.99,10.35,8452617,0
MPLN.US,D,20201006,000000,10.34,10.55,10.03,10.11,4189962,0
MPLN.US,D,20201007,000000,10.27,10.45,10.13,10.25,1780096,0
MPLN.US,D,20201008,000000,10.17,10.25,9.77,9.84,4847415,0
MPLN.US,D,20201009,000000,10.1,10.47,9.5,9.82,1396300,0
MPLN.US,D,20201012,000000,9.82,9.821,8.71,9,3873208,0
MPLN.US,D,20201013,000000,8.9,9,8.11,8.32,4729683,0
MPLN.US,D,20201014,000000,8.45,8.79,8.22,8.73,2413855,0
MPLN.US,D,20201015,000000,8.5,9.63,8.5,9.49,3954395,0
MPLN.US,D,20201016,000000,9.48,9.5,9.22,9.37,2332738,0
MPLN.US,D,20201019,000000,9.17,9.535,8.59,8.81,2649875,0
MPLN.US,D,20201020,000000,8.87,8.95,8.39,8.39,2968336,0
MPLN.US,D,20201021,000000,8.39,8.46,7.71,7.88,3453351,0
MPLN.US,D,20201022,000000,7.92,8.07,7.05,7.965,6267435,0
MPLN.US,D,20201023,000000,7.82,8.09,7.5,7.73,3019888,0
MPLN.US,D,20201026,000000,7.55,8.1,7.4,7.8,2811896,0
MPLN.US,D,20201027,000000,7.77,7.96,7.54,7.81,1262282,0
MPLN.US,D,20201028,000000,7.65,7.88,7.43,7.5,1256576,0
MPLN.US,D,20201029,000000,7.51,7.775,7.35,7.59,1130100,0
MPLN.US,D,20201030,000000,7.57,7.85,7.17,7.3,2190964,0
MPLN.US,D,20201102,000000,7.32,7.67,7.2,7.31,1469225,0
MPLN.US,D,20201103,000000,7.35,7.805,7.35,7.69,1350193,0
MPLN.US,D,20201104,000000,7.63,8.45,7.415,8.4,3656316,0
MPLN.US,D,20201105,000000,8.74,9.115,8.54,8.85,5062979,0
MPLN.US,D,20201106,000000,8.76,9.14,8.65,8.7,3468778,0
MPLN.US,D,20201109,000000,8.99,9.04,8.37,8.67,2791586,0
MPLN.US,D,20201110,000000,8.5,8.97,8.5,8.73,2148236,0
MPLN.US,D,20201111,000000,8.69,8.97,6.2,7.01,27604365,0
MPLN.US,D,20201112,000000,7.37,7.42,6.12,6.27,17376958,0
MPLN.US,D,20201113,000000,6.21,6.96,6.21,6.69,7164240,0
MPLN.US,D,20201116,000000,7.04,7.6263,6.88,6.91,6954474,0
MPLN.US,D,20201117,000000,7.18,7.21,6.91,7.06,6205803,0
MPLN.US,D,20201118,000000,7.12,7.34,6.9,7.13,4709432,0
MPLN.US,D,20201119,000000,7.09,7.65,7.07,7.58,5567131,0
MPLN.US,D,20201120,000000,7.55,7.93,7.42,7.56,3518094,0
MPLN.US,D,20201123,000000,7.6,7.79,7.27,7.56,4417533,0
MPLN.US,D,20201124,000000,7.46,7.9,7.45,7.47,5384936,0
MPLN.US,D,20201125,000000,7.47,7.58,7.4,7.5,4930680,0
MPLN.US,D,20201127,000000,7.48,7.5,7.37,7.47,1969837,0
MPLN.US,D,20201130,000000,7.35,7.4,6.72,6.94,4780530,0
MPLN.US,D,20201201,000000,7.03,7.09,6.73,6.78,3169334,0
MPLN.US,D,20201202,000000,6.72,7.08,6.43,7.05,5479856,0
MPLN.US,D,20201203,000000,7,7.1699,6.95,7.03,2904579,0
MPLN.US,D,20201204,000000,7,7.74,6.93,7.59,4318987,0
MPLN.US,D,20201207,000000,7.81,8.665,7.73,8.61,9054322,0
MPLN.US,D,20201208,000000,8.72,9.12,8.21,8.24,6551789,0
MPLN.US,D,20201209,000000,8.35,8.9,8.35,8.81,5972155,0
MPLN.US,D,20201210,000000,8.7,9.29,8.39,8.39,4956874,0
MPLN.US,D,20201211,000000,8.34,8.66,8.0226,8.47,4426152,0
MPLN.US,D,20201214,000000,8.56,8.93,8.47,8.68,4725210,0
MPLN.US,D,20201215,000000,8.68,8.94,8.25,8.44,4420305,0
MPLN.US,D,20201216,000000,8.44,8.98,8.27,8.87,9541714,0
MPLN.US,D,20201217,000000,8.84,9.46,8.72,9.36,10079951,0
MPLN.US,D,20201218,000000,9.37,9.82,9.2,9.62,27681849,0
MPLN.US,D,20201221,000000,9.16,9.45,8.92,9.43,9658681,0
MPLN.US,D,20201222,000000,9.31,9.74,9.31,9.7,9328148,0
MPLN.US,D,20201223,000000,9.52,9.74,8.965,9.14,3991997,0
MPLN.US,D,20201224,000000,9.08,9.22,8.92,8.93,3148049,0
MPLN.US,D,20201228,000000,9,9.02,8.6501,8.74,2301442,0
MPLN.US,D,20201229,000000,8.77,8.88,8.51,8.56,2579696,0
MPLN.US,D,20201230,000000,8.64,8.66,8.405,8.48,3092333,0
MPLN.US,D,20201231,000000,8.56,8.56,7.915,7.99,4209226,0
MPLN.US,D,20210104,000000,8,8.04,7.75,7.92,3770069,0
MPLN.US,D,20210105,000000,7.94,7.975,7.765,7.86,1383156,0
MPLN.US,D,20210106,000000,7.92,7.9997,7.6,7.69,2384829,0
MPLN.US,D,20210107,000000,7.73,7.93,7.695,7.93,2246535,0
MPLN.US,D,20210108,000000,7.89,7.98,7.665,7.81,1863796,0
MPLN.US,D,20210111,000000,7.68,7.79,7.575,7.66,1496386,0
MPLN.US,D,20210112,000000,7.72,8.06,7.68,7.91,1919471,0
MPLN.US,D,20210113,000000,7.94,7.99,7.62,7.69,2032928,0
MPLN.US,D,20210114,000000,7.73,7.83,7.5,7.62,2238641,0
MPLN.US,D,20210115,000000,7.63,7.654,7.355,7.43,1479665,0
MPLN.US,D,20210119,000000,7.5,7.53,7.31,7.41,1284342,0
MPLN.US,D,20210120,000000,7.47,7.53,7.31,7.43,1315449,0
MPLN.US,D,20210121,000000,7.54,7.5837,7.39,7.5,1548371,0
MPLN.US,D,20210122,000000,7.46,7.51,7.355,7.49,821560,0
MPLN.US,D,20210125,000000,7.46,7.71,7.32,7.43,1820173,0
MPLN.US,D,20210126,000000,7.51,7.91,7.4,7.9,3860106,0
MPLN.US,D,20210127,000000,7.8,8.73,7.69,8.7,6033800,0
MPLN.US,D,20210128,000000,8.56,8.75,8.12,8.22,2608914,0
MPLN.US,D,20210129,000000,8.2,8.48,7.935,7.98,2330754,0
MPLN.US,D,20210201,000000,7.99,8.1199,7.79,7.98,1163928,0
MPLN.US,D,20210202,000000,8.05,8.1,7.64,7.74,1151382,0
MPLN.US,D,20210203,000000,7.78,7.93,7.71,7.8,674771,0
MPLN.US,D,20210204,000000,7.85,7.97,7.78,7.93,889066,0
MPLN.US,D,20210205,000000,8,8.08,7.83,7.89,967323,0
MPLN.US,D,20210208,000000,7.97,8.325,7.94,8.3,916857,0
MPLN.US,D,20210209,000000,8.3,8.52,8.285,8.37,1611852,0
MPLN.US,D,20210210,000000,8.37,8.42,7.855,7.93,875676,0
MPLN.US,D,20210211,000000,8,8.03,7.69,8,984630,0
MPLN.US,D,20210212,000000,7.93,8.04,7.65,7.67,913065,0
MPLN.US,D,20210216,000000,7.7,8.11,7.38,7.42,2500094,0
MPLN.US,D,20210217,000000,7.49,7.5,7.12,7.23,1740561,0
MPLN.US,D,20210218,000000,7.17,7.27,6.955,7.2,2143353,0
MPLN.US,D,20210219,000000,7.26,7.57,7.23,7.44,1298393,0
MPLN.US,D,20210222,000000,7.47,7.665,7.4,7.52,1328734,0
MPLN.US,D,20210223,000000,7.42,7.71,7.34,7.64,2091216,0
MPLN.US,D,20210224,000000,7.65,7.75,7.51,7.66,1206846,0
MPLN.US,D,20210225,000000,7.7,7.71,7.16,7.24,2254065,0
MPLN.US,D,20210226,000000,7.24,7.27,6.87,7.11,2055092,0
MPLN.US,D,20210301,000000,7.17,7.3399,6.99,6.99,1943979,0
MPLN.US,D,20210302,000000,7.14,7.19,6.715,6.82,2505504,0
MPLN.US,D,20210303,000000,6.83,6.88,6.46,6.53,2911384,0
MPLN.US,D,20210304,000000,6.47,6.54,6.15,6.41,4812861,0
MPLN.US,D,20210305,000000,6.55,6.9,6.07,6.9,5653952,0
MPLN.US,D,20210308,000000,6.87,7.45,6.8501,7.41,3155887,0
MPLN.US,D,20210309,000000,7.5,8.0399,7.47,7.78,3484118,0
MPLN.US,D,20210310,000000,6.95,7.1,6.23,6.25,5548860,0
MPLN.US,D,20210311,000000,6.52,6.6,6.275,6.33,4093733,0
MPLN.US,D,20210312,000000,6.27,6.4,6.13,6.17,3518289,0
MPLN.US,D,20210315,000000,6.25,6.34,6.095,6.2,2889089,0
MPLN.US,D,20210316,000000,6.2,6.425,6.1089,6.3,2418307,0
MPLN.US,D,20210317,000000,6.29,6.32,6.04,6.23,2821164,0
MPLN.US,D,20210318,000000,6.16,6.27,6.06,6.1,1996563,0
MPLN.US,D,20210319,000000,6.05,6.27,5.885,6.19,3244911,0
MPLN.US,D,20210322,000000,6.16,6.19,5.96,6.17,2452764,0
MPLN.US,D,20210323,000000,6.2,6.32,6.03,6.06,1673795,0
MPLN.US,D,20210324,000000,6.08,6.14,5.85,5.87,1527942,0
MPLN.US,D,20210325,000000,5.85,5.925,5.68,5.86,2115655,0
MPLN.US,D,20210326,000000,5.86,5.98,5.75,5.88,1701369,0
MPLN.US,D,20210329,000000,5.91,5.92,5.72,5.76,1621447,0
MPLN.US,D,20210330,000000,5.69,5.77,5.48,5.51,2782838,0
MPLN.US,D,20210331,000000,5.53,5.77,5.505,5.55,2060965,0
MPLN.US,D,20210401,000000,5.61,6,5.6,5.92,2104256,0
MPLN.US,D,20210405,000000,5.92,6.19,5.84,6.06,2193696,0
MPLN.US,D,20210406,000000,6.08,6.15,6,6.06,1526709,0
MPLN.US,D,20210407,000000,6.27,6.49,6.155,6.18,2991175,0
MPLN.US,D,20210408,000000,6.16,6.35,6.16,6.27,1700720,0
MPLN.US,D,20210409,000000,6.27,6.4,6.15,6.25,1933785,0
MPLN.US,D,20210412,000000,6.2,6.415,6.19,6.31,1828611,0
MPLN.US,D,20210413,000000,6.3,6.375,6.15,6.18,2018892,0
MPLN.US,D,20210414,000000,6.2,6.63,6.12,6.59,2552518,0
MPLN.US,D,20210415,000000,6.57,6.57,6.25,6.32,1495302,0
MPLN.US,D,20210416,000000,6.34,6.53,6.335,6.4,2064166,0
MPLN.US,D,20210419,000000,6.35,6.44,6.265,6.42,1399738,0
MPLN.US,D,20210420,000000,6.41,6.685,6.19,6.21,1485271,0
MPLN.US,D,20210421,000000,6.17,6.6,6.12,6.49,1394592,0
MPLN.US,D,20210422,000000,6.54,7.11,6.4967,6.93,2341585,0
MPLN.US,D,20210423,000000,6.91,7.25,6.89,7.18,1619552,0
MPLN.US,D,20210426,000000,7.17,7.605,7.1515,7.37,2097390,0
MPLN.US,D,20210427,000000,7.34,7.68,7.28,7.66,1208152,0
MPLN.US,D,20210428,000000,7.64,7.68,7.47,7.6,1438951,0
MPLN.US,D,20210429,000000,7.61,7.75,7.53,7.72,1360480,0
MPLN.US,D,20210430,000000,7.66,7.705,7.43,7.43,1766658,0
MPLN.US,D,20210503,000000,7.46,7.595,7.23,7.53,1244917,0
MPLN.US,D,20210504,000000,7.42,7.66,7.22,7.36,1322429,0
MPLN.US,D,20210505,000000,7.36,7.45,7.25,7.28,1217788,0
MPLN.US,D,20210506,000000,7.32,7.37,6.85,6.91,1708910,0
MPLN.US,D,20210507,000000,6.92,7.07,6.875,6.99,2413458,0
MPLN.US,D,20210510,000000,6.98,6.98,6.12,6.42,2404842,0
MPLN.US,D,20210511,000000,6.22,6.855,6.0801,6.81,2406004,0
MPLN.US,D,20210512,000000,6.75,6.75,6.045,6.15,2411183,0
MPLN.US,D,20210513,000000,6.75,7.4,6.75,7.15,6281936,0
MPLN.US,D,20210514,000000,7.27,7.525,6.98,7.43,1728030,0
MPLN.US,D,20210517,000000,7.42,7.99,7.31,7.68,2659403,0
MPLN.US,D,20210518,000000,7.67,8.105,7.59,7.81,3190893,0
MPLN.US,D,20210519,000000,7.74,7.94,7.62,7.79,1455811,0
MPLN.US,D,20210520,000000,7.85,8.105,7.74,7.96,1811342,0
MPLN.US,D,20210521,000000,8.04,8.17,7.93,7.99,1701623,0
MPLN.US,D,20210524,000000,7.98,8.38,7.95,8.28,1403778,0
MPLN.US,D,20210525,000000,8.27,8.515,8.26,8.42,1807944,0
MPLN.US,D,20210526,000000,8.44,8.66,8.19,8.23,2021910,0
MPLN.US,D,20210527,000000,8.32,8.6,8.105,8.53,4433554,0
MPLN.US,D,20210528,000000,8.6,8.72,8.42,8.44,2017338,0
MPLN.US,D,20210601,000000,8.35,8.51,8.24,8.48,2086307,0
MPLN.US,D,20210602,000000,8.43,8.5,8.295,8.38,1649270,0
MPLN.US,D,20210603,000000,8.32,8.475,8.225,8.29,2262198,0
MPLN.US,D,20210604,000000,8.38,8.41,8.235,8.28,1159153,0
MPLN.US,D,20210607,000000,8.3,8.55,8.27,8.36,3814217,0
MPLN.US,D,20210608,000000,8.41,9.02,8.37,8.98,4887377,0
MPLN.US,D,20210609,000000,9,9.02,8.69,8.82,1468946,0
MPLN.US,D,20210610,000000,8.79,8.905,8.65,8.9,1256443,0
MPLN.US,D,20210611,000000,8.99,9.13,8.86,8.95,1464926,0
MPLN.US,D,20210614,000000,9.01,9.0691,8.86,8.91,1585866,0
MPLN.US,D,20210615,000000,8.91,9,8.79,8.94,1715950,0
MPLN.US,D,20210616,000000,8.9,9.04,8.85,8.92,1450948,0
MPLN.US,D,20210617,000000,8.91,9.39,8.8,9.1,3434953,0
MPLN.US,D,20210618,000000,9.1,9.21,9.005,9.15,4181581,0
MPLN.US,D,20210621,000000,9.25,9.495,9.08,9.35,4282757,0
MPLN.US,D,20210622,000000,9.32,9.455,9.3,9.35,2846453,0
MPLN.US,D,20210623,000000,9.34,9.555,9.24,9.29,2829812,0
MPLN.US,D,20210624,000000,9.37,9.59,9.33,9.54,3288947,0
MPLN.US,D,20210625,000000,9.55,9.69,9.11,9.42,59549760,0
MPLN.US,D,20210628,000000,9.37,9.505,9.13,9.17,1825615,0
MPLN.US,D,20210629,000000,9.2,9.395,8.98,9.02,1369637,0
MPLN.US,D,20210630,000000,8.96,9.59,8.9,9.52,3233133,0
MPLN.US,D,20210701,000000,9.55,9.58,9.295,9.34,2320224,0
MPLN.US,D,20210702,000000,9.43,9.43,9.215,9.32,1631926,0
MPLN.US,D,20210706,000000,9.36,9.36,8.18,8.2,4366020,0
MPLN.US,D,20210707,000000,8.05,8.13,7.47,7.65,4647691,0
MPLN.US,D,20210708,000000,7.47,7.53,7.155,7.26,4520583,0
MPLN.US,D,20210709,000000,7.65,7.65,7.17,7.21,3202465,0
MPLN.US,D,20210712,000000,7.18,7.205,6.92,7.18,1934142,0
MPLN.US,D,20210713,000000,7.1,7.19,6.86,6.96,1625877,0
MPLN.US,D,20210714,000000,7,7.06,6.8,6.98,2160358,0
MPLN.US,D,20210715,000000,6.92,7.12,6.8,7.11,1808500,0
MPLN.US,D,20210716,000000,7.19,7.27,6.98,7.07,1925987,0
MPLN.US,D,20210719,000000,6.91,7.275,6.77,7.21,1567012,0
MPLN.US,D,20210720,000000,7.27,7.58,7.18,7.53,2636310,0
MPLN.US,D,20210721,000000,7.59,8.02,7.52,8,2580320,0
MPLN.US,D,20210722,000000,7.95,7.98,7.565,7.83,1782573,0
MPLN.US,D,20210723,000000,7.9,7.93,7.63,7.78,1274298,0
MPLN.US,D,20210726,000000,7.86,8.07,7.75,7.83,1174223,0
MPLN.US,D,20210727,000000,7.78,7.95,7.65,7.92,1315700,0
MPLN.US,D,20210728,000000,8,8.26,7.98,8.12,1461947,0
MPLN.US,D,20210729,000000,8.2,8.25,8.041,8.08,1287063,0
MPLN.US,D,20210730,000000,8.07,8.13,7.98,8.05,1463173,0
MPLN.US,D,20210802,000000,8.11,8.11,7.69,7.87,2108908,0
MPLN.US,D,20210803,000000,7.91,7.94,7.6,7.76,1263598,0
MPLN.US,D,20210804,000000,7.545,7.87,7.545,7.72,1191837,0
MPLN.US,D,20210805,000000,7.84,7.93,7.05,7.22,2188927,0
MPLN.US,D,20210806,000000,7.32,7.565,7.2,7.24,2856245,0
MPLN.US,D,20210809,000000,7.14,7.2,6.95,7,1585003,0
MPLN.US,D,20210810,000000,7,7.16,6.91,6.91,1044221,0
MPLN.US,D,20210811,000000,6.92,6.985,6.835,6.96,1110090,0
MPLN.US,D,20210812,000000,6.9,6.98,6.71,6.82,1612327,0
MPLN.US,D,20210813,000000,6.82,6.82,6.53,6.55,1873657,0
MPLN.US,D,20210816,000000,6.48,6.61,6.35,6.38,2171123,0
MPLN.US,D,20210817,000000,6.31,6.41,5.97,6.07,3909270,0
MPLN.US,D,20210818,000000,6.08,6.135,5.97,6,3199039,0
MPLN.US,D,20210819,000000,5.98,6.0006,5.76,5.86,1964009,0
MPLN.US,D,20210820,000000,5.86,6.0505,5.81,5.97,1174164,0
MPLN.US,D,20210823,000000,6.01,6.1,5.785,6,4986131,0
MPLN.US,D,20210824,000000,6.21,6.33,5.96,6.03,2850909,0
MPLN.US,D,20210825,000000,6.02,6.08,5.83,5.97,2031724,0
MPLN.US,D,20210826,000000,5.94,5.94,5.63,5.64,1856858,0
MPLN.US,D,20210827,000000,5.94,6.26,5.94,6.1,7301466,0
MPLN.US,D,20210830,000000,6.07,6.21,5.83,6.03,5338243,0
MPLN.US,D,20210831,000000,5.97,6.2987,5.95,6,4699607,0
MPLN.US,D,20210901,000000,6.01,6.33,5.76,6.28,4511326,0
MPLN.US,D,20210902,000000,6.26,6.39,6.065,6.25,2611598,0
MPLN.US,D,20210903,000000,6.2,6.38,6.11,6.13,3957399,0
MPLN.US,D,20210907,000000,6.1,6.33,6.055,6.12,3425033,0
MPLN.US,D,20210908,000000,6.12,6.235,6.01,6.08,3322859,0
MPLN.US,D,20210909,000000,6.1,6.405,6.03,6.27,2990425,0
MPLN.US,D,20210910,000000,6.29,6.49,6.12,6.28,3193170,0
MPLN.US,D,20210913,000000,6.37,6.54,6.12,6.29,3659014,0
MPLN.US,D,20210914,000000,6.31,6.38,5.78,5.89,3120452,0
MPLN.US,D,20210915,000000,5.87,6.01,5.74,5.91,3053350,0
MPLN.US,D,20210916,000000,5.92,6.14,5.79,6.06,2421859,0
MPLN.US,D,20210917,000000,6.2,6.44,6.06,6.37,28011037,0
MPLN.US,D,20210920,000000,6.26,6.26,5.73,5.76,4129936,0
MPLN.US,D,20210921,000000,5.82,5.99,5.78,5.81,2354841,0
MPLN.US,D,20210922,000000,5.79,5.98,5.75,5.94,2480337,0
MPLN.US,D,20210923,000000,5.96,6.16,5.93,6.09,2348857,0
MPLN.US,D,20210924,000000,6.04,6.1,5.85,5.92,1869396,0
MPLN.US,D,20210927,000000,5.88,6.11,5.85,5.87,1833525,0
MPLN.US,D,20210928,000000,5.9,5.94,5.56,5.6,3070725,0
MPLN.US,D,20210929,000000,5.63,5.79,5.505,5.54,2192541,0
MPLN.US,D,20210930,000000,5.55,5.69,5.475,5.63,3116108,0
MPLN.US,D,20211001,000000,5.68,5.68,5.505,5.6,2029569,0
MPLN.US,D,20211004,000000,5.65,5.795,5.41,5.45,2630375,0
MPLN.US,D,20211005,000000,5.44,5.49,5.15,5.18,6731458,0
MPLN.US,D,20211006,000000,5.11,5.21,5.07,5.09,3363154,0
MPLN.US,D,20211007,000000,5.14,5.29,5.07,5.11,4613254,0
MPLN.US,D,20211008,000000,5.12,5.17,4.955,5.05,6449111,0
MPLN.US,D,20211011,000000,5.04,5.1,4.8,4.81,3774984,0
MPLN.US,D,20211012,000000,4.84,4.88,4.69,4.8,3422575,0
MPLN.US,D,20211013,000000,4.77,4.94,4.77,4.88,6575494,0
MPLN.US,D,20211014,000000,4.95,4.98,4.77,4.78,7338489,0
MPLN.US,D,20211015,000000,4.85,4.88,4.64,4.64,6799661,0
MPLN.US,D,20211018,000000,4.68,4.91,4.58,4.8,10356729,0
MPLN.US,D,20211019,000000,4.84,5.16,4.77,5.08,12154847,0
MPLN.US,D,20211020,000000,5.125,5.29,5.05,5.06,7585397,0
MPLN.US,D,20211021,000000,5.05,5.23,5.01,5.1,4435554,0
MPLN.US,D,20211022,000000,5.1,5.265,5.005,5.07,3036581,0
MPLN.US,D,20211025,000000,5.06,5.1,4.86,4.88,3189234,0
MPLN.US,D,20211026,000000,4.91,4.99,4.73,4.74,4367097,0
MPLN.US,D,20211027,000000,4.7,4.76,4.31,4.33,5761836,0
MPLN.US,D,20211028,000000,4.33,4.455,4.27,4.36,2804566,0
MPLN.US,D,20211029,000000,4.35,4.49,4.27,4.31,2132208,0
MPLN.US,D,20211101,000000,4.33,4.635,4.33,4.54,2744575,0
MPLN.US,D,20211102,000000,4.575,4.5899,4.315,4.44,4250910,0
MPLN.US,D,20211103,000000,4.93,5.31,4.72,4.76,6852259,0
MPLN.US,D,20211104,000000,4.8,4.825,4.43,4.45,4776803,0
MPLN.US,D,20211105,000000,4.53,4.74,3.9,3.96,11942068,0
MPLN.US,D,20211108,000000,4.11,4.21,3.8801,3.95,4011732,0
MPLN.US,D,20211109,000000,3.95,3.99,3.48,3.51,10773710,0
MPLN.US,D,20211110,000000,3.56,4,3.56,3.76,8341990,0
MPLN.US,D,20211111,000000,3.7,4.12,3.65,4.11,7164897,0
MPLN.US,D,20211112,000000,4.04,4.16,4.03,4.11,3488173,0
MPLN.US,D,20211115,000000,4.33,4.37,4.16,4.21,3590935,0
MPLN.US,D,20211116,000000,4.11,4.28,3.91,4.25,4394949,0
MPLN.US,D,20211117,000000,4.22,4.295,4.135,4.26,3253287,0
MPLN.US,D,20211118,000000,4.22,4.29,3.72,3.75,5388355,0
MPLN.US,D,20211119,000000,3.79,3.86,3.5,3.52,3699542,0
MPLN.US,D,20211122,000000,3.625,4.88,3.62,4.67,23622297,0
MPLN.US,D,20211123,000000,4.54,4.69,4.26,4.29,9140165,0
MPLN.US,D,20211124,000000,4.315,4.51,4.1801,4.39,3275786,0
MPLN.US,D,20211126,000000,4.24,4.36,4.05,4.35,3246914,0
MPLN.US,D,20211129,000000,4.32,4.46,4.16,4.28,6522275,0
MPLN.US,D,20211130,000000,4.15,4.305,3.85,4.04,8333712,0
MPLN.US,D,20211201,000000,4.07,4.15,3.93,3.96,3465415,0
MPLN.US,D,20211202,000000,4.18,4.3,4.09,4.28,4257054,0
MPLN.US,D,20211203,000000,4.22,4.27,4.095,4.25,3668184,0
MPLN.US,D,20211206,000000,4.25,4.45,4.13,4.37,4031555,0
MPLN.US,D,20211207,000000,4.35,4.64,4.29,4.52,3579764,0
MPLN.US,D,20211208,000000,4.5,4.515,4.38,4.44,2414938,0
MPLN.US,D,20211209,000000,4.4,4.43,4.1,4.16,3736515,0
MPLN.US,D,20211210,000000,4.205,4.27,3.98,4.11,3720562,0
MPLN.US,D,20211213,000000,4.08,4.24,4.055,4.23,2913060,0
MPLN.US,D,20211214,000000,4.21,4.51,4.175,4.35,2898365,0
MPLN.US,D,20211215,000000,4.33,4.505,4.235,4.45,6508546,0
MPLN.US,D,20211216,000000,4.45,4.51,4.12,4.13,4354978,0
MPLN.US,D,20211217,000000,4.12,4.36,4,4.17,24653872,0
MPLN.US,D,20211220,000000,4.03,4.25,3.9,4.22,3964418,0
MPLN.US,D,20211221,000000,4.24,4.3,4.17,4.19,2854957,0
MPLN.US,D,20211222,000000,4.14,4.29,4.09,4.29,1957333,0
MPLN.US,D,20211223,000000,4.3,4.44,4.23,4.42,1414174,0
MPLN.US,D,20211227,000000,4.41,4.505,4.36,4.42,1626982,0
MPLN.US,D,20211228,000000,4.45,4.515,4.32,4.4,1544685,0
MPLN.US,D,20211229,000000,4.38,4.385,4.17,4.22,2182795,0
MPLN.US,D,20211230,000000,4.2,4.405,4.2,4.31,1870851,0
MPLN.US,D,20211231,000000,4.27,4.51,4.27,4.43,3474939,0
MPLN.US,D,20220103,000000,4.41,4.51,4.25,4.49,3887931,0
MPLN.US,D,20220104,000000,4.42,4.505,4.16,4.26,3179341,0
MPLN.US,D,20220105,000000,4.26,4.44,4.13,4.15,1986961,0
MPLN.US,D,20220106,000000,4.15,4.32,4.015,4.18,3201101,0
MPLN.US,D,20220107,000000,4.21,4.35,4.01,4.03,3328152,0
MPLN.US,D,20220110,000000,4.02,4.055,3.84,4.05,2385419,0
MPLN.US,D,20220111,000000,4.08,4.205,4.05,4.17,1027797,0
MPLN.US,D,20220112,000000,4.205,4.23,3.99,3.99,1627192,0
MPLN.US,D,20220113,000000,4,4.04,3.86,3.88,1325862,0
MPLN.US,D,20220114,000000,3.83,3.98,3.725,3.97,2098633,0
MPLN.US,D,20220118,000000,3.93,4.02,3.86,4,2096578,0
MPLN.US,D,20220119,000000,4,4.04,3.94,3.98,1869110,0
MPLN.US,D,20220120,000000,3.99,4.23,3.9593,4.01,1552068,0
MPLN.US,D,20220121,000000,3.97,4.205,3.91,3.97,3627391,0
MPLN.US,D,20220124,000000,3.87,4.07,3.72,4.05,3085214,0
MPLN.US,D,20220125,000000,3.99,4.095,3.92,4.05,3203787,0
MPLN.US,D,20220126,000000,4.12,4.16,3.75,3.77,2825664,0
MPLN.US,D,20220127,000000,3.82,3.855,3.59,3.63,2809600,0
MPLN.US,D,20220128,000000,3.58,3.79,3.46,3.77,3346779,0
MPLN.US,D,20220131,000000,3.72,4.155,3.66,4.03,4212346,0
MPLN.US,D,20220201,000000,4.07,4.28,4,4.01,1900676,0
MPLN.US,D,20220202,000000,3.97,4.08,3.79,4.03,2259232,0
MPLN.US,D,20220203,000000,3.96,4.14,3.92,3.95,1599209,0
MPLN.US,D,20220204,000000,3.88,3.96,3.71,3.95,2499917,0
MPLN.US,D,20220207,000000,3.93,4.03,3.865,3.9,1544237,0
MPLN.US,D,20220208,000000,3.87,4.035,3.83,4.02,1566409,0
MPLN.US,D,20220209,000000,4.06,4.17,4.04,4.12,1775170,0
MPLN.US,D,20220210,000000,4,4.27,4,4.13,2611170,0
MPLN.US,D,20220211,000000,4.11,4.205,4.07,4.12,2140550,0
MPLN.US,D,20220214,000000,4.14,4.21,4.04,4.09,1862347,0
MPLN.US,D,20220215,000000,4.13,4.43,4.0993,4.35,1553827,0
MPLN.US,D,20220216,000000,4.27,4.65,4.21,4.65,3184161,0
MPLN.US,D,20220217,000000,4.41,4.79,4.37,4.43,3729240,0
MPLN.US,D,20220218,000000,4.41,4.47,4.28,4.28,2094937,0
MPLN.US,D,20220222,000000,4.18,4.28,3.73,3.77,3901985,0
MPLN.US,D,20220223,000000,3.7,3.795,3.6,3.78,5938489,0
MPLN.US,D,20220224,000000,3.58,4.03,3.56,4.01,6319059,0
MPLN.US,D,20220225,000000,3.99,4.09,3.89,3.92,2442432,0
MPLN.US,D,20220228,000000,3.86,3.86,3.61,3.76,3092730,0
MPLN.US,D,20220301,000000,3.73,3.86,3.485,3.75,6815863,0
MPLN.US,D,20220302,000000,3.8,3.84,3.74,3.79,2021704,0
MPLN.US,D,20220303,000000,3.84,3.84,3.65,3.79,2633684,0
MPLN.US,D,20220304,000000,3.84,4.34,3.8,4.29,5922867,0
MPLN.US,D,20220307,000000,4.33,4.62,4.285,4.56,7006072,0
MPLN.US,D,20220308,000000,4.49,4.95,4.43,4.81,7743938,0
MPLN.US,D,20220309,000000,4.84,5.01,4.82,5,4486664,0
MPLN.US,D,20220310,000000,4.93,5.18,4.81,4.95,4198404,0
MPLN.US,D,20220311,000000,4.89,5.125,4.84,4.9,3280150,0
MPLN.US,D,20220314,000000,4.71,4.71,3.31,3.44,17479851,0
MPLN.US,D,20220315,000000,3.37,3.59,3.25,3.56,8349252,0
MPLN.US,D,20220316,000000,3.6,3.799,3.465,3.69,13188978,0
MPLN.US,D,20220317,000000,3.7,3.725,3.515,3.61,5222183,0
MPLN.US,D,20220318,000000,3.51,4.045,3.51,3.98,13403722,0
MPLN.US,D,20220321,000000,3.97,4.11,3.81,3.98,2561425,0
MPLN.US,D,20220322,000000,3.99,4.1,3.96,4.08,2309733,0
MPLN.US,D,20220323,000000,4.03,4.23,3.975,4.15,2165263,0
MPLN.US,D,20220324,000000,4.16,4.25,4.07,4.25,1857973,0
MPLN.US,D,20220325,000000,4.23,4.6,4.21,4.6,5511944,0
MPLN.US,D,20220328,000000,4.53,4.53,4.36,4.38,1429228,0
MPLN.US,D,20220329,000000,4.48,4.7,4.48,4.66,1933487,0
MPLN.US,D,20220330,000000,4.62,4.78,4.585,4.64,1737353,0
MPLN.US,D,20220331,000000,4.59,4.73,4.53,4.68,2194223,0
MPLN.US,D,20220401,000000,4.71,4.8,4.56,4.72,1805947,0
MPLN.US,D,20220404,000000,4.77,4.87,4.7,4.84,1595843,0
MPLN.US,D,20220405,000000,4.89,4.9,4.62,4.63,1955587,0
MPLN.US,D,20220406,000000,4.56,4.83,4.49,4.82,2536874,0
MPLN.US,D,20220407,000000,4.82,4.855,4.74,4.78,2408151,0
MPLN.US,D,20220408,000000,4.79,4.96,4.78,4.87,1408823,0
MPLN.US,D,20220411,000000,4.83,4.89,4.685,4.74,4295428,0
MPLN.US,D,20220412,000000,4.82,4.945,4.65,4.7,1886061,0
MPLN.US,D,20220413,000000,4.72,4.93,4.67,4.81,1497629,0
MPLN.US,D,20220414,000000,4.82,4.83,4.7,4.77,1342246,0
MPLN.US,D,20220418,000000,4.76,4.76,4.55,4.58,1665679,0
MPLN.US,D,20220419,000000,4.61,4.795,4.53,4.7,2188084,0
MPLN.US,D,20220420,000000,4.75,4.755,4.53,4.54,2206199,0
MPLN.US,D,20220421,000000,4.59,4.59,4.45,4.49,2025595,0
MPLN.US,D,20220422,000000,4.46,4.56,4.325,4.42,2042560,0
MPLN.US,D,20220425,000000,4.4,4.62,4.355,4.62,1819722,0
MPLN.US,D,20220426,000000,4.54,4.56,4.35,4.49,2147845,0
MPLN.US,D,20220427,000000,4.48,4.545,4.385,4.45,2129898,0
MPLN.US,D,20220428,000000,4.47,4.47,4.175,4.31,1034241,0
MPLN.US,D,20220429,000000,4.27,4.47,4.27,4.43,1950555,0
MPLN.US,D,20220502,000000,4.42,4.75,4.3,4.56,1821531,0
MPLN.US,D,20220503,000000,4.52,4.57,4.375,4.47,1272516,0
MPLN.US,D,20220504,000000,4.48,4.63,4.33,4.57,1378037,0
MPLN.US,D,20220505,000000,4.47,4.49,4.31,4.36,1347509,0
MPLN.US,D,20220506,000000,4.34,4.45,4.205,4.45,1311373,0
MPLN.US,D,20220509,000000,4.35,4.35,4.005,4.12,2016085,0
MPLN.US,D,20220510,000000,4.3,4.73,4.2818,4.61,2264549,0
MPLN.US,D,20220511,000000,4.7,4.85,4.12,4.16,1850486,0
MPLN.US,D,20220512,000000,4.12,4.53,4.1,4.48,2111398,0
MPLN.US,D,20220513,000000,4.52,4.95,4.52,4.88,2364585,0
MPLN.US,D,20220516,000000,4.79,4.99,4.75,4.8,2075637,0
MPLN.US,D,20220517,000000,4.91,4.99,4.825,4.95,1530004,0
MPLN.US,D,20220518,000000,4.86,4.94,4.54,4.62,1711867,0
MPLN.US,D,20220519,000000,4.59,4.82,4.54,4.72,1307416,0
MPLN.US,D,20220520,000000,4.75,4.84,4.6,4.75,1543433,0
MPLN.US,D,20220523,000000,4.75,5,4.665,4.99,2521579,0
MPLN.US,D,20220524,000000,4.91,5.14,4.84,5.03,1951699,0
MPLN.US,D,20220525,000000,4.99,5.115,4.95,5.05,1161173,0
MPLN.US,D,20220526,000000,5.06,5.34,5.06,5.13,2621883,0
MPLN.US,D,20220527,000000,5.18,5.43,5.15,5.38,1546632,0
MPLN.US,D,20220531,000000,5.34,5.41,4.965,5,3264493,0
MPLN.US,D,20220601,000000,5.03,5.235,4.98,5.16,1761176,0
MPLN.US,D,20220602,000000,5.17,5.305,5.075,5.13,1624773,0
MPLN.US,D,20220603,000000,5.13,5.23,5.09,5.23,1782066,0
MPLN.US,D,20220606,000000,5.32,5.49,5.27,5.33,1991340,0
MPLN.US,D,20220607,000000,5.23,5.5,5.195,5.49,1911313,0
MPLN.US,D,20220608,000000,5.45,5.52,5.23,5.42,1467768,0
MPLN.US,D,20220609,000000,5.35,5.35,5.14,5.25,2479228,0
MPLN.US,D,20220610,000000,5.18,5.22,5.04,5.09,1014037,0
MPLN.US,D,20220613,000000,4.93,5.115,4.88,4.93,1774718,0
MPLN.US,D,20220614,000000,4.95,5.26,4.88,5.23,2568160,0
MPLN.US,D,20220615,000000,5.33,5.48,5.205,5.45,2463095,0
MPLN.US,D,20220616,000000,5.3,5.37,5.09,5.26,1985414,0
MPLN.US,D,20220617,000000,5.29,5.54,5.29,5.43,4295041,0
MPLN.US,D,20220621,000000,5.54,5.735,5.455,5.46,1859864,0
MPLN.US,D,20220622,000000,5.35,5.9,5.31,5.78,2423758,0
MPLN.US,D,20220623,000000,5.77,5.99,5.745,5.96,2154516,0
MPLN.US,D,20220624,000000,6,6.12,5.78,5.85,12130078,0
MPLN.US,D,20220627,000000,5.92,6.19,5.872,6.13,4224728,0
MPLN.US,D,20220628,000000,6.12,6.135,5.87,5.95,2734390,0
MPLN.US,D,20220629,000000,5.91,5.94,5.585,5.64,1886415,0
MPLN.US,D,20220630,000000,5.53,5.68,5.475,5.49,3681788,0
MPLN.US,D,20220701,000000,5.47,5.56,5.35,5.49,2263833,0
MPLN.US,D,20220705,000000,5.39,5.57,5.325,5.54,2565862,0
MPLN.US,D,20220706,000000,5.51,5.75,5.48,5.74,1787120,0
MPLN.US,D,20220707,000000,5.77,5.965,5.62,5.76,2889061,0
MPLN.US,D,20220708,000000,5.75,5.865,5.51,5.61,2586269,0
MPLN.US,D,20220711,000000,5.54,5.6,5.47,5.49,2643629,0
MPLN.US,D,20220712,000000,5.42,5.44,4.875,4.96,2856020,0
MPLN.US,D,20220713,000000,4.84,4.99,4.82,4.84,1361454,0
MPLN.US,D,20220714,000000,4.74,4.93,4.72,4.91,1414064,0
MPLN.US,D,20220715,000000,5.04,5.16,4.84,5.1,1531019,0
MPLN.US,D,20220718,000000,5.19,5.2381,5.06,5.08,1123295,0
MPLN.US,D,20220719,000000,5.14,5.265,5.1,5.25,989204,0
MPLN.US,D,20220720,000000,5.21,5.26,5.11,5.23,1095931,0
MPLN.US,D,20220721,000000,5.16,5.215,5.06,5.21,939801,0
MPLN.US,D,20220722,000000,5.24,5.28,5.01,5.06,841987,0
MPLN.US,D,20220725,000000,5.09,5.14,5.03,5.12,787460,0
MPLN.US,D,20220726,000000,5.09,5.27,5.06,5.15,849970,0
MPLN.US,D,20220727,000000,5.18,5.27,5.105,5.26,803496,0
MPLN.US,D,20220728,000000,5.35,5.4399,5.095,5.23,682985,0
MPLN.US,D,20220729,000000,5.2,5.225,4.96,5.06,1105549,0
MPLN.US,D,20220801,000000,5.01,5.09,4.96,5.02,1050643,0
MPLN.US,D,20220802,000000,5,5.23,5,5.2,1204604,0
MPLN.US,D,20220803,000000,5.22,5.3,5.01,5.01,1379990,0
MPLN.US,D,20220804,000000,5,5,4.46,4.47,3276269,0
MPLN.US,D,20220805,000000,4.44,4.6,4.32,4.39,2451607,0
MPLN.US,D,20220808,000000,4.35,4.465,4.27,4.3,3431507,0
MPLN.US,D,20220809,000000,4.3,4.49,4.25,4.34,2135270,0
MPLN.US,D,20220810,000000,4.4,4.435,4.19,4.42,2064370,0
MPLN.US,D,20220811,000000,4.49,4.56,4.345,4.36,2416317,0
MPLN.US,D,20220812,000000,4.39,4.39,4.21,4.24,1559440,0
MPLN.US,D,20220815,000000,4.21,4.24,4.03,4.05,4258758,0
MPLN.US,D,20220816,000000,4.04,4.13,3.95,4,2771885,0
MPLN.US,D,20220817,000000,3.97,3.9958,3.8,3.83,2432295,0
MPLN.US,D,20220818,000000,3.82,3.87,3.75,3.81,1964609,0
MPLN.US,D,20220819,000000,3.8,3.865,3.745,3.79,1309661,0
MPLN.US,D,20220822,000000,3.74,3.81,3.71,3.8,1498655,0
MPLN.US,D,20220823,000000,3.8,3.86,3.73,3.8,1848808,0
MPLN.US,D,20220824,000000,3.83,3.88,3.71,3.73,1138580,0
MPLN.US,D,20220825,000000,3.71,3.785,3.52,3.73,1802325,0
MPLN.US,D,20220826,000000,3.76,3.81,3.6,3.63,1353259,0
MPLN.US,D,20220829,000000,3.6,3.645,3.53,3.59,1304009,0
MPLN.US,D,20220830,000000,3.61,3.69,3.485,3.53,3669931,0
MPLN.US,D,20220831,000000,3.55,3.6,3.47,3.52,1850238,0
MPLN.US,D,20220901,000000,3.49,3.51,3.37,3.41,1526429,0
MPLN.US,D,20220902,000000,3.43,3.45,3.305,3.35,1528025,0
MPLN.US,D,20220906,000000,3.33,3.42,3.25,3.42,1909955,0
MPLN.US,D,20220907,000000,3.4,3.42,3.32,3.35,1226557,0
MPLN.US,D,20220908,000000,3.31,3.34,3.121,3.24,2259336,0
MPLN.US,D,20220909,000000,3.29,3.31,3.22,3.25,1177814,0
MPLN.US,D,20220912,000000,3.28,3.41,3.265,3.37,1375778,0
MPLN.US,D,20220913,000000,3.28,3.29,3.16,3.17,1447457,0
MPLN.US,D,20220914,000000,3.17,3.2,3.03,3.03,1642505,0
MPLN.US,D,20220915,000000,3.01,3.055,2.96,2.98,1501406,0
MPLN.US,D,20220916,000000,2.97,3.055,2.88,3,3324209,0
MPLN.US,D,20220919,000000,2.96,3.01,2.905,3,1578516,0
MPLN.US,D,20220920,000000,2.96,3.01,2.915,2.94,1588348,0
MPLN.US,D,20220921,000000,2.98,3.03,2.92,2.95,1416695,0
MPLN.US,D,20220922,000000,2.95,3.01,2.89,2.95,1285139,0
MPLN.US,D,20220923,000000,2.91,2.99,2.88,2.96,2246736,0
MPLN.US,D,20220926,000000,2.95,3.05,2.92,2.98,2440493,0
MPLN.US,D,20220927,000000,2.99,3.05,2.93,2.96,2396964,0
MPLN.US,D,20220928,000000,2.95,3.0654,2.92,3.01,1941185,0
MPLN.US,D,20220929,000000,2.99,3,2.83,2.85,1114498,0
MPLN.US,D,20220930,000000,2.84,2.98,2.84,2.86,3978673,0
MPLN.US,D,20221003,000000,2.92,2.96,2.84,2.91,1633567,0
MPLN.US,D,20221004,000000,2.94,3.01,2.91,2.99,1814008,0
MPLN.US,D,20221005,000000,2.97,2.995,2.86,2.96,1766964,0
MPLN.US,D,20221006,000000,2.96,2.96,2.85,2.87,1559759,0
MPLN.US,D,20221007,000000,2.83,2.85,2.62,2.63,2881306,0
MPLN.US,D,20221010,000000,2.64,2.76,2.63,2.72,3103619,0
MPLN.US,D,20221011,000000,2.67,2.75,2.65,2.72,2347711,0
MPLN.US,D,20221012,000000,2.73,2.76,2.65,2.71,1978039,0
MPLN.US,D,20221013,000000,2.66,2.89,2.625,2.84,3616855,0
MPLN.US,D,20221014,000000,2.85,2.865,2.63,2.64,2147289,0
MPLN.US,D,20221017,000000,2.7,2.755,2.62,2.65,4075911,0
MPLN.US,D,20221018,000000,2.71,2.76,2.61,2.63,2624123,0
MPLN.US,D,20221019,000000,2.61,2.65,2.5,2.55,2112322,0
MPLN.US,D,20221020,000000,2.54,2.585,2.41,2.44,2104882,0
MPLN.US,D,20221021,000000,2.46,2.57,2.355,2.44,10243930,0
MPLN.US,D,20221024,000000,2.44,2.56,2.43,2.48,2352913,0
MPLN.US,D,20221025,000000,2.495,2.6,2.47,2.57,3057621,0
MPLN.US,D,20221026,000000,2.59,2.62,2.54,2.57,2493773,0
MPLN.US,D,20221027,000000,2.59,2.66,2.575,2.6,1841906,0
MPLN.US,D,20221028,000000,2.6,2.66,2.545,2.66,1888525,0
MPLN.US,D,20221031,000000,2.65,2.89,2.61,2.87,5404481,0
MPLN.US,D,20221101,000000,2.82,2.9,2.65,2.67,2080488,0
MPLN.US,D,20221102,000000,2.62,2.68,2.5,2.51,1705534,0
MPLN.US,D,20221103,000000,2.45,2.47,2.33,2.36,1370995,0
MPLN.US,D,20221104,000000,2.36,2.405,2.27,2.39,2095973,0
MPLN.US,D,20221107,000000,2.34,2.465,2.335,2.41,2847495,0
MPLN.US,D,20221108,000000,1.99,2.4,1.93,2,8689547,0
MPLN.US,D,20221109,000000,2,2,1.73,1.74,4610728,0
MPLN.US,D,20221110,000000,1.83,1.92,1.74,1.8,4345236,0
MPLN.US,D,20221111,000000,1.8,2.03,1.75,1.97,2733834,0
MPLN.US,D,20221114,000000,1.92,1.955,1.8,1.84,2141739,0
MPLN.US,D,20221115,000000,1.88,1.9015,1.69,1.71,2432550,0
MPLN.US,D,20221116,000000,1.7,1.7,1.52,1.57,2715339,0
MPLN.US,D,20221117,000000,1.53,1.59,1.49,1.57,3233975,0
MPLN.US,D,20221118,000000,1.58,1.63,1.545,1.56,1865256,0
MPLN.US,D,20221121,000000,1.56,1.62,1.45,1.47,1511668,0
MPLN.US,D,20221122,000000,1.45,1.495,1.4125,1.46,1872250,0
MPLN.US,D,20221123,000000,1.51,1.685,1.475,1.65,1767082,0
MPLN.US,D,20221125,000000,1.65,1.65,1.545,1.55,1062587,0
MPLN.US,D,20221128,000000,1.54,1.58,1.45,1.48,1707864,0
MPLN.US,D,20221129,000000,1.47,1.51,1.46,1.49,2408423,0
MPLN.US,D,20221130,000000,1.47,1.52,1.4,1.49,1636301,0
MPLN.US,D,20221201,000000,1.48,1.605,1.48,1.56,3207594,0
MPLN.US,D,20221202,000000,1.53,1.59,1.51,1.57,1627364,0
MPLN.US,D,20221205,000000,1.58,1.65,1.55,1.56,1270141,0
MPLN.US,D,20221206,000000,1.55,1.59,1.475,1.55,1437215,0
MPLN.US,D,20221207,000000,1.56,1.68,1.54,1.64,1379860,0
MPLN.US,D,20221208,000000,1.64,1.7,1.585,1.66,1100105,0
MPLN.US,D,20221209,000000,1.65,1.71,1.58,1.58,894718,0
MPLN.US,D,20221212,000000,1.57,1.63,1.53,1.55,1572738,0
MPLN.US,D,20221213,000000,1.48,1.675,1.48,1.64,4075891,0
MPLN.US,D,20221214,000000,1.64,1.69,1.46,1.68,15492498,0
MPLN.US,D,20221215,000000,1.57,1.68,1.56,1.6,1838685,0
MPLN.US,D,20221216,000000,1.58,1.6,1.44,1.57,5825635,0
MPLN.US,D,20221219,000000,1.57,1.57,1.53,1.54,620536,0
MPLN.US,D,20221220,000000,1.5,1.53,1.38,1.41,1895826,0
MPLN.US,D,20221221,000000,1.4,1.46,1.4,1.46,716045,0
MPLN.US,D,20221222,000000,1.4,1.4,1.16,1.21,2237428,0
MPLN.US,D,20221223,000000,1.19,1.21,1.18,1.19,1103662,0
MPLN.US,D,20221227,000000,1.16,1.19,1.07,1.18,1232951,0
MPLN.US,D,20221228,000000,1.16,1.21,1.14,1.18,1316349,0
MPLN.US,D,20221229,000000,1.19,1.2,1.125,1.14,1833185,0
MPLN.US,D,20221230,000000,1.12,1.15,1.07,1.15,1362339,0
MPLN.US,D,20230103,000000,1.14,1.21,1.03,1.04,1422248,0
MPLN.US,D,20230104,000000,1.05,1.09,1.01,1.09,1520139,0
MPLN.US,D,20230105,000000,1.09,1.1,0.981,1.04,1718586,0
MPLN.US,D,20230106,000000,1.04,1.1599,1.03,1.15,2843890,0
MPLN.US,D,20230109,000000,1.17,1.18,1.11,1.16,1413381,0
MPLN.US,D,20230110,000000,1.15,1.18,1.15,1.16,967103,0
MPLN.US,D,20230111,000000,1.13,1.24,1.13,1.16,1567104,0
MPLN.US,D,20230112,000000,1.17,1.21,1.15,1.2,1357645,0
MPLN.US,D,20230113,000000,1.2,1.23,1.14,1.2,1218413,0
MPLN.US,D,20230117,000000,1.18,1.235,1.15,1.19,1909864,0
MPLN.US,D,20230118,000000,1.17,1.22,1.1,1.1,1503857,0
MPLN.US,D,20230119,000000,1.1,1.14,1.08,1.11,1465493,0
MPLN.US,D,20230120,000000,1.13,1.19,1.1,1.18,1569816,0
MPLN.US,D,20230123,000000,1.19,1.25,1.155,1.24,1388676,0
MPLN.US,D,20230124,000000,1.23,1.25,1.19,1.24,1016394,0
MPLN.US,D,20230125,000000,1.21,1.3,1.18,1.29,913875,0
MPLN.US,D,20230126,000000,1.43,1.45,1.26,1.3,1537699,0
MPLN.US,D,20230127,000000,1.3,1.3775,1.29,1.36,1101478,0
MPLN.US,D,20230130,000000,1.32,1.37,1.28,1.3,970241,0
MPLN.US,D,20230131,000000,1.29,1.36,1.285,1.32,1040280,0
MPLN.US,D,20230201,000000,1.32,1.39,1.265,1.37,1287491,0
MPLN.US,D,20230202,000000,1.37,1.5,1.355,1.45,1873061,0
MPLN.US,D,20230203,000000,1.44,1.48,1.36,1.37,1058640,0
MPLN.US,D,20230206,000000,1.38,1.38,1.21,1.22,1129251,0
MPLN.US,D,20230207,000000,1.22,1.24,1.14,1.22,1458432,0
MPLN.US,D,20230208,000000,1.19,1.23,1.145,1.19,831288,0
MPLN.US,D,20230209,000000,1.18,1.19,1.09,1.11,891638,0
MPLN.US,D,20230210,000000,1.11,1.14,1.07,1.11,749913,0
MPLN.US,D,20230213,000000,1.1,1.1399,1.09,1.13,790305,0
MPLN.US,D,20230214,000000,1.12,1.1485,1.09,1.11,661762,0
MPLN.US,D,20230215,000000,1.05,1.15,1.05,1.11,923387,0
MPLN.US,D,20230216,000000,1.1,1.12,1.09,1.1,931045,0
MPLN.US,D,20230217,000000,1.13,1.16,1.1,1.12,1109148,0
MPLN.US,D,20230221,000000,1.12,1.13,1.09,1.1,857663,0
MPLN.US,D,20230222,000000,1.13,1.145,1.04,1.05,1202299,0
MPLN.US,D,20230223,000000,1.05,1.08,0.8677,0.9024,5577791,0
MPLN.US,D,20230224,000000,0.9113,1.12,0.91,1.05,2478550,0
MPLN.US,D,20230227,000000,1.05,1.1,1,1,1717182,0
MPLN.US,D,20230228,000000,1.03,1.06,0.9006,1.01,3041212,0
MPLN.US,D,20230301,000000,1.04,1.055,0.8976,0.8977,3727874,0
MPLN.US,D,20230302,000000,0.89,1.06,0.89,1.02,2147357,0
MPLN.US,D,20230303,000000,1,1.13,0.9885,1.1,3900784,0
MPLN.US,D,20230306,000000,1.11,1.14,1.065,1.12,3805359,0
MPLN.US,D,20230307,000000,1.09,1.16,1.09,1.11,2858308,0
MPLN.US,D,20230308,000000,1.1,1.13,1.06,1.12,1826001,0
MPLN.US,D,20230309,000000,1.13,1.13,1.05,1.07,2069942,0
MPLN.US,D,20230310,000000,1.05,1.08,1,1.07,1883123,0
MPLN.US,D,20230313,000000,1.02,1.085,0.9525,1.07,2519095,0
MPLN.US,D,20230314,000000,1.11,1.12,1.07,1.1,2526556,0
MPLN.US,D,20230315,000000,1.07,1.11,1.035,1.09,2730346,0
MPLN.US,D,20230316,000000,1.08,1.145,1.01,1.02,2064064,0
MPLN.US,D,20230317,000000,1.02,1.13,1.01,1.1,6761823,0
MPLN.US,D,20230320,000000,1.1,1.12,1.03,1.05,2128773,0
MPLN.US,D,20230321,000000,1.08,1.11,1.05,1.09,1314000,0
MPLN.US,D,20230322,000000,1.06,1.0975,1.02,1.03,1511135,0
MPLN.US,D,20230323,000000,1.05,1.08,1.01,1.05,1529016,0
MPLN.US,D,20230324,000000,1.03,1.07,1,1.04,1001447,0
MPLN.US,D,20230327,000000,1.04,1.11,1.03,1.08,1277238,0
MPLN.US,D,20230328,000000,1.1,1.1,1.03,1.07,1099358,0
MPLN.US,D,20230329,000000,1.05,1.08,1.02,1.08,1250066,0
MPLN.US,D,20230330,000000,1.08,1.11,1.05,1.06,1010887,0
MPLN.US,D,20230331,000000,1.07,1.07,1.02,1.06,2224321,0
MPLN.US,D,20230403,000000,1.06,1.17,1.05,1.17,1959152,0
MPLN.US,D,20230404,000000,1.14,1.16,1.07,1.08,1017949,0
MPLN.US,D,20230405,000000,1.06,1.07,1.03,1.05,983552,0
MPLN.US,D,20230406,000000,1.06,1.115,1.04,1.1,908050,0
MPLN.US,D,20230410,000000,1.08,1.15,1.08,1.13,563756,0
MPLN.US,D,20230411,000000,1.11,1.17,1.11,1.15,1104768,0
MPLN.US,D,20230412,000000,1.14,1.16,1.1,1.12,837630,0
MPLN.US,D,20230413,000000,1.11,1.15,1.1,1.11,876040,0
MPLN.US,D,20230414,000000,1.09,1.13,1.07,1.1,976364,0
MPLN.US,D,20230417,000000,1.1,1.105,1.06,1.1,948351,0
MPLN.US,D,20230418,000000,1.1,1.1,1.03,1.04,1090418,0
MPLN.US,D,20230419,000000,1.02,1.06,1.01,1.04,1261578,0
MPLN.US,D,20230420,000000,1.04,1.07,1.01,1.02,923527,0
MPLN.US,D,20230421,000000,1.01,1.07,1.01,1.02,1139320,0
MPLN.US,D,20230424,000000,1.02,1.035,0.97,0.9745,1031229,0
MPLN.US,D,20230425,000000,0.9849,0.9947,0.922,0.9593,1432304,0
MPLN.US,D,20230426,000000,0.94,0.9739,0.93,0.9377,1163583,0
MPLN.US,D,20230427,000000,0.93,0.9464,0.8931,0.9083,1079521,0
MPLN.US,D,20230428,000000,0.9345,1.01,0.9134,0.9783,1010882,0
MPLN.US,D,20230501,000000,0.9796,0.992,0.9349,0.954,856223,0
MPLN.US,D,20230502,000000,0.9699,0.9699,0.85,0.8501,1476086,0
MPLN.US,D,20230503,000000,0.85,0.8876,0.829025,0.8348,1070110,0
MPLN.US,D,20230504,000000,0.8733,0.8733,0.6104,0.7227,4765921,0
MPLN.US,D,20230505,000000,0.7198,0.8411,0.7116,0.7899,1886063,0
MPLN.US,D,20230508,000000,0.77,0.8109,0.759,0.7825,2231082,0
MPLN.US,D,20230509,000000,0.7825,1.01,0.7691,1.01,2501589,0
MPLN.US,D,20230510,000000,1.01,1.02,0.995,1.01,1606076,0
MPLN.US,D,20230511,000000,0.9764,1.02,0.95675,1,2379634,0
MPLN.US,D,20230512,000000,1.01,1.04,0.976,1,2192198,0
MPLN.US,D,20230515,000000,1.01,1.12,0.98,1.1,2134271,0
MPLN.US,D,20230516,000000,1.09,1.1,1.02,1.07,2179454,0
MPLN.US,D,20230517,000000,1.08,1.14,1.02,1.13,2327666,0
MPLN.US,D,20230518,000000,1.13,1.14,1.07,1.09,1877220,0
MPLN.US,D,20230519,000000,1.12,1.12,1.01,1.01,2746513,0
MPLN.US,D,20230522,000000,1.09,1.37,1.065,1.35,3052793,0
MPLN.US,D,20230523,000000,1.33,1.4,1.255,1.29,2301917,0
MPLN.US,D,20230524,000000,1.29,1.31,1.25,1.28,1269663,0
MPLN.US,D,20230525,000000,1.27,1.32,1.22,1.31,915309,0
MPLN.US,D,20230526,000000,1.29,1.34,1.275,1.33,928223,0
MPLN.US,D,20230530,000000,1.34,1.38,1.315,1.34,890183,0
MPLN.US,D,20230531,000000,1.37,1.4,1.31,1.39,1801675,0
MPLN.US,D,20230601,000000,1.38,1.49,1.355,1.47,871495,0
MPLN.US,D,20230602,000000,1.5,1.67,1.47,1.65,1477253,0
MPLN.US,D,20230605,000000,1.67,1.8189,1.63,1.66,1523183,0
MPLN.US,D,20230606,000000,1.64,1.8,1.62,1.78,2198536,0
MPLN.US,D,20230607,000000,1.82,1.93,1.71,1.71,2070218,0
MPLN.US,D,20230608,000000,1.72,1.74,1.64,1.72,646582,0
MPLN.US,D,20230609,000000,1.73,1.74,1.59,1.59,619247,0
MPLN.US,D,20230612,000000,1.62,1.66,1.57,1.62,1236559,0
MPLN.US,D,20230613,000000,1.62,1.87,1.61,1.75,2917679,0
MPLN.US,D,20230614,000000,1.74,1.81,1.695,1.77,2276100,0
MPLN.US,D,20230615,000000,1.77,1.82,1.72,1.81,2817671,0
MPLN.US,D,20230616,000000,1.85,1.93,1.78,1.87,6082775,0
MPLN.US,D,20230620,000000,1.87,1.98,1.78,1.96,2657295,0
MPLN.US,D,20230621,000000,1.99,2,1.9,1.99,2465616,0
MPLN.US,D,20230622,000000,1.97,2.085,1.93,2.05,4987468,0
MPLN.US,D,20230623,000000,2.01,2.11,1.9821,2.06,4433936,0
MPLN.US,D,20230626,000000,2.07,2.11,2,2.05,1404724,0
MPLN.US,D,20230627,000000,2.06,2.255,2.01,2.24,2721156,0
MPLN.US,D,20230628,000000,2.24,2.29,2.18,2.25,2107470,0
MPLN.US,D,20230629,000000,2.26,2.27,2.01,2.05,1529224,0
MPLN.US,D,20230630,000000,2.09,2.13,2.0529,2.11,1329533,0
MPLN.US,D,20230703,000000,2.07,2.11,2.03,2.1,660465,0
MPLN.US,D,20230705,000000,2.06,2.11,2.03,2.05,1014499,0
MPLN.US,D,20230706,000000,2,2.025,1.92,1.99,1339433,0
MPLN.US,D,20230707,000000,1.97,2.025,1.95,1.96,1092265,0
MPLN.US,D,20230710,000000,1.95,2.03,1.94,2.03,915846,0
MPLN.US,D,20230711,000000,2.05,2.105,1.92,1.99,1529298,0
MPLN.US,D,20230712,000000,2.06,2.06,1.93,1.93,1244498,0
MPLN.US,D,20230713,000000,1.92,2.015,1.79,1.98,1151705,0
MPLN.US,D,20230714,000000,1.95,2.055,1.95,2.01,1124217,0
MPLN.US,D,20230717,000000,2.03,2.1,1.98,2.09,1201748,0
MPLN.US,D,20230718,000000,2.09,2.14,2.02,2.04,1157051,0
MPLN.US,D,20230719,000000,2.05,2.1,1.97,1.97,1818685,0
MPLN.US,D,20230720,000000,1.98,2,1.93,1.95,1456640,0
MPLN.US,D,20230721,000000,2,2.01,1.895,1.92,10347117,0
MPLN.US,D,20230724,000000,1.89,2.01,1.89,1.98,1546367,0
MPLN.US,D,20230725,000000,1.95,2.01,1.945,2,759685,0
MPLN.US,D,20230726,000000,1.99,2.05,1.985,2,1958776,0
MPLN.US,D,20230727,000000,2.02,2.085,1.98,2.01,1406099,0
MPLN.US,D,20230728,000000,2.04,2.05,2,2.02,1169286,0
MPLN.US,D,20230731,000000,2.05,2.15,2.035,2.15,1705210,0
MPLN.US,D,20230801,000000,2.12,2.16,2.1,2.14,1511681,0
MPLN.US,D,20230802,000000,2.02,2.105,1.87,1.95,1839459,0
MPLN.US,D,20230803,000000,1.91,1.9693,1.81,1.95,923309,0
MPLN.US,D,20230804,000000,1.92,1.96,1.77,1.79,1329532,0
MPLN.US,D,20230807,000000,1.78,1.85,1.77,1.84,671092,0
MPLN.US,D,20230808,000000,1.81,2.11,1.8,2.11,2885833,0
MPLN.US,D,20230809,000000,2.11,2.155,2.06,2.08,1231073,0
MPLN.US,D,20230810,000000,2.1,2.12,2.03,2.05,1231403,0
MPLN.US,D,20230811,000000,2.04,2.095,1.99,2.02,1117499,0
MPLN.US,D,20230814,000000,2.09,2.14,1.87,1.87,934023,0
MPLN.US,D,20230815,000000,1.81,1.86,1.76,1.77,3309744,0
MPLN.US,D,20230816,000000,1.78,1.87,1.735,1.76,774994,0
MPLN.US,D,20230817,000000,1.77,1.7785,1.62,1.62,1029645,0
MPLN.US,D,20230818,000000,1.6,1.65,1.52,1.59,941456,0
MPLN.US,D,20230821,000000,1.6,1.69,1.5791,1.63,703045,0
MPLN.US,D,20230822,000000,1.63,1.68,1.56,1.57,554909,0
MPLN.US,D,20230823,000000,1.58,1.61,1.54,1.59,691626,0
MPLN.US,D,20230824,000000,1.6,1.6,1.5,1.54,819831,0
MPLN.US,D,20230825,000000,1.51,1.57,1.5,1.56,822355,0
MPLN.US,D,20230828,000000,1.57,1.62,1.56,1.6,477252,0
MPLN.US,D,20230829,000000,1.6,1.665,1.57,1.66,373573,0
MPLN.US,D,20230830,000000,1.64,1.7,1.64,1.66,481524,0
MPLN.US,D,20230831,000000,1.65,1.72,1.65,1.71,1524859,0
MPLN.US,D,20230901,000000,1.74,1.77,1.71,1.76,705313,0
MPLN.US,D,20230905,000000,1.75,1.86,1.73,1.83,709316,0
MPLN.US,D,20230906,000000,1.8,1.97,1.8,1.96,577096,0
MPLN.US,D,20230907,000000,1.95,2,1.83,1.87,697147,0
MPLN.US,D,20230908,000000,1.86,1.92,1.83,1.86,946289,0
MPLN.US,D,20230911,000000,1.87,1.91,1.84,1.84,840283,0
MPLN.US,D,20230912,000000,1.85,1.91,1.815,1.85,603888,0
MPLN.US,D,20230913,000000,1.85,1.86,1.74,1.74,909511,0
MPLN.US,D,20230914,000000,1.74,1.8,1.58,1.59,1129082,0
MPLN.US,D,20230915,000000,1.58,1.715,1.5,1.7,7865612,0
MPLN.US,D,20230918,000000,1.7,1.81,1.64,1.66,1717986,0
MPLN.US,D,20230919,000000,1.66,1.72,1.63,1.7,736738,0
MPLN.US,D,20230920,000000,1.7,1.8,1.66,1.78,629284,0
MPLN.US,D,20230921,000000,1.76,1.805,1.73,1.79,732633,0
MPLN.US,D,20230922,000000,1.78,1.82,1.66,1.68,632232,0
MPLN.US,D,20230925,000000,1.68,1.82,1.65,1.76,793436,0
MPLN.US,D,20230926,000000,1.74,1.7489,1.68,1.72,650065,0
MPLN.US,D,20230927,000000,1.74,1.78,1.71,1.73,822060,0
MPLN.US,D,20230928,000000,1.72,1.72,1.63,1.63,549558,0
MPLN.US,D,20230929,000000,1.62,1.7,1.6,1.68,1954537,0
MPLN.US,D,20231002,000000,1.65,1.71,1.64,1.7,777682,0
MPLN.US,D,20231003,000000,1.66,1.71,1.64,1.69,925603,0
MPLN.US,D,20231004,000000,1.69,1.72,1.58,1.68,583810,0
MPLN.US,D,20231005,000000,1.69,1.71,1.66,1.7,2583995,0
MPLN.US,D,20231006,000000,1.69,1.72,1.61,1.69,624812,0
MPLN.US,D,20231009,000000,1.66,1.71,1.64,1.68,570744,0
MPLN.US,D,20231010,000000,1.69,1.72,1.68,1.68,829204,0
MPLN.US,D,20231011,000000,1.68,1.715,1.65,1.7,490398,0
MPLN.US,D,20231012,000000,1.7,1.7,1.64,1.68,756846,0
MPLN.US,D,20231013,000000,1.68,1.73,1.675,1.7,505582,0
MPLN.US,D,20231016,000000,1.71,1.73,1.68,1.7,2354564,0
MPLN.US,D,20231017,000000,1.69,1.74,1.68,1.7,999072,0
MPLN.US,D,20231018,000000,1.68,1.72,1.66,1.7,817346,0
MPLN.US,D,20231019,000000,1.68,1.705,1.62,1.63,885623,0
MPLN.US,D,20231020,000000,1.65,1.65,1.51,1.53,785419,0
MPLN.US,D,20231023,000000,1.53,1.7,1.53,1.66,932227,0
MPLN.US,D,20231024,000000,1.7,1.72,1.66,1.7,535021,0
MPLN.US,D,20231025,000000,1.69,1.71,1.67,1.7,376454,0
MPLN.US,D,20231026,000000,1.71,1.73,1.655,1.7,735205,0
MPLN.US,D,20231027,000000,1.69,1.72,1.62,1.65,859826,0
MPLN.US,D,20231030,000000,1.69,1.7,1.63,1.7,471889,0
MPLN.US,D,20231031,000000,1.7,1.71,1.68,1.69,607058,0
MPLN.US,D,20231101,000000,1.68,1.68,1.605,1.64,697314,0
MPLN.US,D,20231102,000000,1.64,1.71,1.6,1.65,1074690,0
MPLN.US,D,20231103,000000,1.7,1.71,1.65,1.65,1024711,0
MPLN.US,D,20231106,000000,1.65,1.655,1.51,1.54,535738,0
MPLN.US,D,20231107,000000,1.7,1.7,1.385,1.44,1097163,0
MPLN.US,D,20231108,000000,1.47,1.55,1.44,1.44,770399,0
MPLN.US,D,20231109,000000,1.5,1.51,1.39,1.4,651572,0
MPLN.US,D,20231110,000000,1.4,1.41,1.34,1.39,858128,0
MPLN.US,D,20231113,000000,1.37,1.37,1.28,1.28,862557,0
MPLN.US,D,20231114,000000,1.36,1.45,1.345,1.41,1968103,0
MPLN.US,D,20231115,000000,1.41,1.425,1.35,1.36,1000214,0
MPLN.US,D,20231116,000000,1.36,1.37,1.27,1.29,1119170,0
MPLN.US,D,20231117,000000,1.29,1.34,1.245,1.31,1822782,0
MPLN.US,D,20231120,000000,1.31,1.32,1.27,1.28,752965,0
MPLN.US,D,20231121,000000,1.27,1.27,1.21,1.25,637583,0
MPLN.US,D,20231122,000000,1.26,1.31,1.25,1.29,1396051,0
MPLN.US,D,20231124,000000,1.28,1.32,1.28,1.3,587800,0
MPLN.US,D,20231127,000000,1.31,1.36,1.28,1.32,1083310,0
MPLN.US,D,20231128,000000,1.33,1.33,1.25,1.25,1448744,0
MPLN.US,D,20231129,000000,1.28,1.305,1.27,1.29,889908,0
MPLN.US,D,20231130,000000,1.3,1.3,1.27,1.3,860944,0
MPLN.US,D,20231201,000000,1.3,1.35,1.25,1.33,1462031,0
MPLN.US,D,20231204,000000,1.36,1.4,1.33,1.35,573183,0
MPLN.US,D,20231205,000000,1.37,1.37,1.29,1.29,825809,0
MPLN.US,D,20231206,000000,1.29,1.345,1.255,1.29,1222259,0
MPLN.US,D,20231207,000000,1.31,1.33,1.285,1.32,718118,0
MPLN.US,D,20231208,000000,1.31,1.34,1.28,1.29,774942,0
MPLN.US,D,20231211,000000,1.31,1.325,1.25,1.27,1089296,0
MPLN.US,D,20231212,000000,1.27,1.31,1.24,1.31,723651,0
MPLN.US,D,20231213,000000,1.3,1.4,1.28,1.38,2065714,0
MPLN.US,D,20231214,000000,1.42,1.62,1.42,1.59,1622093,0
MPLN.US,D,20231215,000000,1.63,1.69,1.495,1.55,2924201,0
MPLN.US,D,20231218,000000,1.53,1.59,1.51,1.55,921795,0
MPLN.US,D,20231219,000000,1.56,1.6,1.55,1.58,1028029,0
MPLN.US,D,20231220,000000,1.6,1.705,1.55,1.61,1269278,0
MPLN.US,D,20231221,000000,1.64,1.715,1.62,1.7,1121711,0
MPLN.US,D,20231222,000000,1.71,1.71,1.65,1.7,822970,0
MPLN.US,D,20231226,000000,1.71,1.71,1.65,1.7,785047,0
MPLN.US,D,20231227,000000,1.7,1.71,1.65,1.7,831654,0
MPLN.US,D,20231228,000000,1.7,1.73,1.62,1.64,1346507,0
MPLN.US,D,20231229,000000,1.64,1.645,1.44,1.44,1597469,0
MPLN.US,D,20240102,000000,1.41,1.44,1.29,1.37,1571744,0
MPLN.US,D,20240103,000000,1.35,1.46,1.33,1.42,1225648,0
MPLN.US,D,20240104,000000,1.34,1.35,1.27,1.32,828302,0
MPLN.US,D,20240105,000000,1.33,1.33,1.28,1.28,516382,0
MPLN.US,D,20240108,000000,1.28,1.34,1.23,1.32,1397451,0
MPLN.US,D,20240109,000000,1.3,1.33,1.24,1.25,1008333,0
MPLN.US,D,20240110,000000,1.2,1.3,1.18,1.26,834972,0
MPLN.US,D,20240111,000000,1.27,1.29,1.22,1.26,700544,0
MPLN.US,D,20240112,000000,1.31,1.315,1.23,1.25,905604,0
MPLN.US,D,20240116,000000,1.22,1.235,1.17,1.19,693871,0
MPLN.US,D,20240117,000000,1.15,1.185,1.13,1.14,797551,0
MPLN.US,D,20240118,000000,1.12,1.135,1.08,1.09,973551,0
MPLN.US,D,20240119,000000,1.12,1.12,1.044,1.08,1383051,0
MPLN.US,D,20240122,000000,1.08,1.15,1.08,1.1,1001098,0
MPLN.US,D,20240123,000000,1.12,1.12,1.06,1.07,670932,0
MPLN.US,D,20240124,000000,1.1,1.115,1.01,1.02,780817,0
MPLN.US,D,20240125,000000,1.07,1.07,1,1.02,980731,0
MPLN.US,D,20240126,000000,1.08,1.08,1.03,1.04,654954,0
MPLN.US,D,20240129,000000,1.04,1.09,1.015,1.08,773251,0
MPLN.US,D,20240130,000000,1.05,1.08,1.02,1.03,588795,0
MPLN.US,D,20240131,000000,1.04,1.09,1.01,1.01,889711,0
MPLN.US,D,20240201,000000,1.01,1.09,1.01,1.05,1226804,0
MPLN.US,D,20240202,000000,1.04,1.07,1.02,1.03,923775,0
MPLN.US,D,20240205,000000,1.03,1.0404,1,1.02,885600,0
MPLN.US,D,20240206,000000,1,1.09,1,1.08,959356,0
MPLN.US,D,20240207,000000,1.08,1.095,1.04,1.05,785515,0
MPLN.US,D,20240208,000000,1.06,1.18,1.055,1.09,1267261,0
MPLN.US,D,20240209,000000,1.08,1.16,1.075,1.11,1203085,0
MPLN.US,D,20240212,000000,1.15,1.235,1.14,1.14,1627257,0
MPLN.US,D,20240213,000000,1.09,1.1169,1.06,1.09,2249053,0
MPLN.US,D,20240214,000000,1.1,1.225,1.1,1.18,2570083,0
MPLN.US,D,20240215,000000,1.2,1.33,1.195,1.33,1474556,0
MPLN.US,D,20240216,000000,1.34,1.34,1.22,1.23,1663191,0
MPLN.US,D,20240220,000000,1.22,1.25,1.16,1.17,2133564,0
MPLN.US,D,20240221,000000,1.16,1.16,1.09,1.11,945713,0
MPLN.US,D,20240222,000000,1.14,1.14,1.11,1.13,1100913,0
MPLN.US,D,20240223,000000,1.12,1.15,1.1,1.11,916051,0
MPLN.US,D,20240226,000000,1.11,1.19,1.11,1.17,670268,0
MPLN.US,D,20240227,000000,1.19,1.22,1.17,1.19,932474,0
MPLN.US,D,20240228,000000,1.14,1.18,1.07,1.12,1594943,0
MPLN.US,D,20240229,000000,1.11,1.14,1.1,1.12,995693,0
MPLN.US,D,20240301,000000,1.13,1.15,1.08,1.11,1215101,0
MPLN.US,D,20240304,000000,1.09,1.135,1.06,1.09,1121371,0
MPLN.US,D,20240305,000000,1.08,1.08,0.9702,0.9703,958755,0
MPLN.US,D,20240306,000000,0.9999,1.01,0.95,0.9597,3033903,0
MPLN.US,D,20240307,000000,0.9894,1.02,0.8906,0.9001,2313938,0
MPLN.US,D,20240308,000000,0.9199,0.9622,0.8932,0.9023,1135659,0
MPLN.US,D,20240311,000000,0.9199,0.93775,0.8108,0.8364,1455936,0
MPLN.US,D,20240312,000000,0.8434,0.869499,0.8,0.8178,3520131,0
MPLN.US,D,20240313,000000,0.8299,0.8676,0.8199,0.8201,1888985,0
MPLN.US,D,20240314,000000,0.84,0.849,0.7689,0.7783,1933150,0
MPLN.US,D,20240315,000000,0.7638,0.8,0.6964,0.7095,7667422,0
MPLN.US,D,20240318,000000,0.75,0.766,0.6614,0.6754,4721440,0
MPLN.US,D,20240319,000000,0.673,0.7523,0.67,0.7301,3020236,0
MPLN.US,D,20240320,000000,0.7264,0.812099,0.71655,0.8099,2660104,0
MPLN.US,D,20240321,000000,0.81,0.9062,0.8045,0.8612,2589391,0
MPLN.US,D,20240322,000000,0.8793,0.9402,0.8511,0.9055,1601489,0
MPLN.US,D,20240325,000000,0.92,0.9393,0.7969,0.8129,1543976,0
MPLN.US,D,20240326,000000,0.8101,0.8164,0.712,0.7562,2642667,0
MPLN.US,D,20240327,000000,0.7875,0.8493,0.7601,0.8438,1815591,0
MPLN.US,D,20240328,000000,0.8506,0.8797,0.7895,0.8112,1871931,0
MPLN.US,D,20240401,000000,0.775,0.8204,0.7444,0.8027,1535827,0
MPLN.US,D,20240402,000000,0.7631,0.8083,0.75,0.8063,1138390,0
MPLN.US,D,20240403,000000,0.8,0.8279,0.7866,0.8,1454970,0
MPLN.US,D,20240404,000000,0.8199,0.8902,0.7884,0.8257,1285432,0
MPLN.US,D,20240405,000000,0.801,0.8577,0.7863,0.839,1243646,0
MPLN.US,D,20240408,000000,0.8594,0.8989,0.8422,0.8497,1196021,0
MPLN.US,D,20240409,000000,0.8541,0.889,0.8042,0.8292,961124,0
MPLN.US,D,20240410,000000,0.7723,0.8094,0.7723,0.8015,1870187,0
MPLN.US,D,20240411,000000,0.8177,0.84,0.7886,0.8081,976322,0
MPLN.US,D,20240412,000000,0.7913,0.817,0.7574,0.7875,1048224,0
MPLN.US,D,20240415,000000,0.7759,0.801,0.7402,0.77,1986575,0
MPLN.US,D,20240416,000000,0.77,0.77,0.7011,0.7286,1465479,0
MPLN.US,D,20240417,000000,0.73,0.7514,0.7126,0.7253,1425520,0
MPLN.US,D,20240418,000000,0.7238,0.7718,0.7108,0.7367,1975853,0
MPLN.US,D,20240419,000000,0.7313,0.772,0.6427,0.6503,2175886,0
MPLN.US,D,20240422,000000,0.665,0.6828,0.55,0.5532,5535260,0
MPLN.US,D,20240423,000000,0.5627,0.63,0.55,0.5602,5322138,0
MPLN.US,D,20240424,000000,0.57,0.6029,0.54,0.5818,3399453,0
MPLN.US,D,20240425,000000,0.5644,0.5924,0.5411,0.5708,1995350,0
MPLN.US,D,20240426,000000,0.5478,0.588,0.53,0.5755,1977783,0
MPLN.US,D,20240429,000000,0.6116,0.6913,0.5902,0.6649,3546402,0
MPLN.US,D,20240430,000000,0.6635,0.679,0.6414,0.6498,1961801,0
MPLN.US,D,20240501,000000,0.6306,0.6877,0.6236,0.6418,1470072,0
MPLN.US,D,20240502,000000,0.6433,0.6788,0.64,0.6657,1203389,0
MPLN.US,D,20240503,000000,0.6685,0.7,0.6468,0.6543,713495,0
MPLN.US,D,20240506,000000,0.6543,0.6822,0.64,0.6665,1247013,0
MPLN.US,D,20240507,000000,0.6677,0.67,0.6401,0.6501,1365464,0
MPLN.US,D,20240508,000000,0.5629,0.6264,0.555,0.6072,3701954,0
MPLN.US,D,20240509,000000,0.6012,0.7752,0.6,0.721,7322190,0
MPLN.US,D,20240510,000000,0.6811,0.7374,0.6588,0.7062,6262268,0
MPLN.US,D,20240513,000000,0.7095,0.7654,0.6347,0.6396,1308613,0
MPLN.US,D,20240514,000000,0.6579,0.7072,0.55005,0.5642,3173755,0
MPLN.US,D,20240515,000000,0.63,0.6582,0.5919,0.6289,2522893,0
MPLN.US,D,20240516,000000,0.6177,0.63,0.56435,0.5974,2045915,0
MPLN.US,D,20240517,000000,0.6075,0.6075,0.5705,0.5893,1675838,0
MPLN.US,D,20240520,000000,0.59,0.5982,0.53245,0.5461,1882404,0
MPLN.US,D,20240521,000000,0.5599,0.5875,0.5102,0.5433,2654573,0
MPLN.US,D,20240522,000000,0.54,0.7,0.5371,0.6601,5470968,0
MPLN.US,D,20240523,000000,0.6601,0.67,0.5517,0.5616,2830414,0
MPLN.US,D,20240524,000000,0.58,0.6895,0.5749,0.6869,3243589,0
MPLN.US,D,20240528,000000,0.6651,0.7223,0.6,0.6018,3098492,0
MPLN.US,D,20240529,000000,0.5911,0.5968,0.55,0.5806,2326846,0
MPLN.US,D,20240530,000000,0.592,0.592,0.5336,0.5401,1615168,0
MPLN.US,D,20240531,000000,0.5467,0.5568,0.52,0.5369,2583340,0
MPLN.US,D,20240603,000000,0.5458,0.56,0.4923,0.5048,2396482,0
MPLN.US,D,20240604,000000,0.5023,0.5255,0.4656,0.4711,1910593,0
MPLN.US,D,20240605,000000,0.4798,0.4855,0.4232,0.4351,3185274,0
MPLN.US,D,20240606,000000,0.4347,0.4477,0.4093,0.4415,3549379,0
MPLN.US,D,20240607,000000,0.4318,0.4496,0.4057,0.4119,2080417,0
MPLN.US,D,20240610,000000,0.4079,0.4499,0.37,0.4486,3101455,0
MPLN.US,D,20240611,000000,0.4467,0.4778,0.4203,0.4621,2632316,0
MPLN.US,D,20240612,000000,0.4836,0.527,0.4471,0.4697,3248602,0
MPLN.US,D,20240613,000000,0.4601,0.4932,0.41915,0.4454,2279232,0
MPLN.US,D,20240614,000000,0.4277,0.4477,0.4185,0.4351,1357523,0
MPLN.US,D,20240617,000000,0.4201,0.4392,0.3806,0.3991,2498075,0
MPLN.US,D,20240618,000000,0.3997,0.4037,0.38,0.382,3607713,0
MPLN.US,D,20240620,000000,0.377,0.3959,0.3501,0.383,3874558,0
MPLN.US,D,20240621,000000,0.3867,0.41,0.36,0.3665,7684890,0
MPLN.US,D,20240624,000000,0.3511,0.3964,0.3511,0.3684,4520390,0
MPLN.US,D,20240625,000000,0.3581,0.3754,0.3283,0.3575,5395444,0
MPLN.US,D,20240626,000000,0.38,0.4627,0.376,0.4157,6141220,0
MPLN.US,D,20240627,000000,0.4023,0.4526,0.3769,0.4212,3982511,0
MPLN.US,D,20240628,000000,0.4101,0.422,0.38,0.3884,49092034,0
MPLN.US,D,20240701,000000,0.4121,0.43,0.315,0.315,5453706,0
MPLN.US,D,20240702,000000,0.32,0.332,0.2664,0.2807,8059888,0
MPLN.US,D,20240703,000000,0.2806,0.2911,0.263,0.2739,1343088,0
MPLN.US,D,20240705,000000,0.2772,0.2983,0.2712,0.2845,1509006,0
MPLN.US,D,20240708,000000,0.317,0.326,0.2767,0.2977,2689878,0
MPLN.US,D,20240709,000000,0.2976,0.3052,0.2819,0.2867,1028500,0
MPLN.US,D,20240710,000000,0.2829,0.3188,0.2828,0.3154,1277305,0
MPLN.US,D,20240711,000000,0.3105,0.369899,0.3105,0.3687,1616590,0
MPLN.US,D,20240712,000000,0.3621,0.3953,0.3567,0.3893,1574480,0
MPLN.US,D,20240715,000000,0.3978,0.43,0.369,0.395,1669141,0
MPLN.US,D,20240716,000000,0.4069,0.4479,0.395,0.4271,1464844,0
MPLN.US,D,20240717,000000,0.4109,0.469,0.4109,0.42,1879396,0
MPLN.US,D,20240718,000000,0.4033,0.431304,0.3785,0.399,2967213,0
MPLN.US,D,20240719,000000,0.4268,0.4268,0.3859,0.4,827565,0
MPLN.US,D,20240722,000000,0.328,0.4402,0.315,0.4357,955451,0
MPLN.US,D,20240723,000000,0.43,0.46,0.4199,0.4476,966254,0
MPLN.US,D,20240724,000000,0.4343,0.468,0.4343,0.4363,818695,0
MPLN.US,D,20240725,000000,0.4355,0.4868,0.4355,0.46,910721,0
MPLN.US,D,20240726,000000,0.4735,0.5108,0.4658,0.4801,694223,0
MPLN.US,D,20240729,000000,0.471,0.5088,0.471,0.485,811746,0
MPLN.US,D,20240730,000000,0.4828,0.5,0.4317,0.4502,1062252,0
MPLN.US,D,20240731,000000,0.4502,0.4673,0.4346,0.4501,577776,0
MPLN.US,D,20240801,000000,0.4,0.4233,0.345,0.36,1643598,0
MPLN.US,D,20240802,000000,0.36,0.367,0.3159,0.3425,952633,0
MPLN.US,D,20240805,000000,0.3106,0.319,0.27395,0.2801,1443575,0
MPLN.US,D,20240806,000000,0.3075,0.43,0.275,0.4037,3073466,0
MPLN.US,D,20240807,000000,0.4,0.4148,0.278,0.282,3060944,0
MPLN.US,D,20240808,000000,0.3427,0.3431,0.2739,0.2792,1846253,0
MPLN.US,D,20240809,000000,0.278,0.2828,0.255,0.255,2149264,0
MPLN.US,D,20240812,000000,0.2699,0.27,0.2368,0.24,2025660,0
MPLN.US,D,20240813,000000,0.242,0.2699,0.2329,0.2329,1434757,0
MPLN.US,D,20240814,000000,0.2354,0.241,0.2241,0.2348,2160192,0
MPLN.US,D,20240815,000000,0.24,0.2645,0.2357,0.236,2058012,0
MPLN.US,D,20240816,000000,0.2469,0.24709,0.2362,0.2382,1585858,0
MPLN.US,D,20240819,000000,0.24,0.2535,0.236,0.25,1178620,0
MPLN.US,D,20240820,000000,0.2331,0.2531,0.222,0.24,1749500,0
MPLN.US,D,20240821,000000,0.2495,0.2681,0.2233,0.2675,2126347,0
MPLN.US,D,20240822,000000,0.27,0.27,0.2453,0.25,790950,0
MPLN.US,D,20240823,000000,0.2676,0.275399,0.235,0.2548,1485200,0
MPLN.US,D,20240826,000000,0.3036,0.3499,0.25,0.2632,4002586,0
MPLN.US,D,20240827,000000,0.2564,0.275,0.249,0.2502,1766920,0
MPLN.US,D,20240828,000000,0.2505,0.25713,0.2241,0.2306,2047137,0
MPLN.US,D,20240829,000000,0.25,0.2597,0.2342,0.2503,1497017,0
MPLN.US,D,20240830,000000,0.2609,0.2673,0.228,0.235,5430756,0
MPLN.US,D,20240903,000000,0.242,0.2641,0.231,0.2359,1816647,0
MPLN.US,D,20240904,000000,0.2326,0.2543,0.2312,0.245,1244216,0
MPLN.US,D,20240905,000000,0.2417,0.2596,0.24,0.25,1039035,0
MPLN.US,D,20240906,000000,0.2354,0.257,0.225,0.244,1590000,0
MPLN.US,D,20240909,000000,0.2407,0.2548,0.24,0.2475,1082814,0
MPLN.US,D,20240910,000000,0.2401,0.2611,0.232,0.24,1793383,0
MPLN.US,D,20240911,000000,0.173,0.22,0.173,0.2176,4365397,0
MPLN.US,D,20240912,000000,0.2158,0.2267,0.211956,0.22,1380369,0
MPLN.US,D,20240913,000000,0.2193,0.235,0.2139,0.229,959553,0
MPLN.US,D,20240916,000000,0.2434,0.2495,0.2351,0.237,1150021,0
MPLN.US,D,20240917,000000,0.24,0.2628,0.226,0.26,1367150,0
MPLN.US,D,20240918,000000,0.2742,0.2742,0.2352,0.2353,3355686,0
MPLN.US,D,20240919,000000,0.24,0.2496,0.2101,0.2123,3205073,0
MPLN.US,D,20240920,000000,0.21,0.2178,0.18635,0.1881,9393146,0
MPLN.US,D,20240923,000000,6.36,9.35,6.36,8.95,337045,0
MPLN.US,D,20240924,000000,8.71,8.71,6.35,7.39,483742,0
MPLN.US,D,20240925,000000,7.15,7.7,7,7.22,163339,0
MPLN.US,D,20240926,000000,7.36,8,6.595,7.87,171069,0
MPLN.US,D,20240927,000000,7.88,8.21,6.91,7.32,180714,0
MPLN.US,D,20240930,000000,7.1,7.78,7.06,7.64,84316,0
MPLN.US,D,20241001,000000,7.64,8.49,7.18,8.11,112381,0
MPLN.US,D,20241002,000000,7.98,8.2855,7.66,7.79,71701,0
MPLN.US,D,20241003,000000,7.63,8.24,7.5,7.98,85568,0
MPLN.US,D,20241004,000000,8.11,9.26,7.91,9,73834,0
MPLN.US,D,20241007,000000,8.89,9.24,8.55,9.13,57533,0
MPLN.US,D,20241008,000000,9.27,10.755,9.13,10.71,73127,0
MPLN.US,D,20241009,000000,10.83,12.045,9.79,9.86,161683,0
MPLN.US,D,20241010,000000,9.65,10.41,9.4384,10.31,44254,0
MPLN.US,D,20241011,000000,10.3,10.96,10.04,10.57,23496,0
MPLN.US,D,20241014,000000,10.65,10.65,9.9,10.49,18742,0
MPLN.US,D,20241015,000000,10.43,10.43,10.05,10.3,19633,0
MPLN.US,D,20241016,000000,10.42,11.18,10.265,11.05,21835,0
MPLN.US,D,20241017,000000,11.2,12.4033,11,12.11,76194,0
MPLN.US,D,20241018,000000,11.9,12.14,11.335,11.68,20001,0
MPLN.US,D,20241021,000000,11.55,11.78,10.8197,11.02,26963,0
MPLN.US,D,20241022,000000,11.02,11.1,10.07,11.01,40738,0
MPLN.US,D,20241023,000000,10.98,11.07,10.02,10.03,25670,0
MPLN.US,D,20241024,000000,10.08,10.1,9.08,9.8,77815,0
MPLN.US,D,20241025,000000,9.88,9.9781,9.5,9.69,28380,0
MPLN.US,D,20241028,000000,9.7,10.5,9.53,10.21,67986,0
MPLN.US,D,20241029,000000,10.13,10.19,9.755,9.99,26767,0
MPLN.US,D,20241030,000000,9.78,10.32,9.06,9.2,53713,0
MPLN.US,D,20241031,000000,9.22,9.22,8.22,8.96,58326,0
MPLN.US,D,20241101,000000,8.93,9.27,8.84,9.16,16810,0
MPLN.US,D,20241104,000000,9.02,9.09,8.2688,8.8,44997,0
MPLN.US,D,20241105,000000,8.26,8.575,8.01,8.45,52774,0
MPLN.US,D,20241106,000000,9.17,9.17,7.61,8.23,118585,0
MPLN.US,D,20241107,000000,8.24,9.21,8.1085,8.82,78463,0
MPLN.US,D,20241108,000000,8.81,9.14,8.31,8.5,104819,0
MPLN.US,D,20241111,000000,8.38,8.78,8.38,8.5,59120,0
MPLN.US,D,20241112,000000,8.6791,9.15,8.26,8.72,175270,0
MPLN.US,D,20241113,000000,8.88,8.88,8.07,8.23,27645,0
MPLN.US,D,20241114,000000,8.199,8.27,7.04,7.07,86375,0
MPLN.US,D,20241115,000000,6.79,6.97,6,6.18,169266,0
MPLN.US,D,20241118,000000,6.31,6.4387,5.9,5.93,87467,0
MPLN.US,D,20241119,000000,5.95,5.96,4.8,5.21,195146,0
MPLN.US,D,20241120,000000,5.46,6.49,5.39,6.45,140419,0
MPLN.US,D,20241121,000000,6.5,7.05,6.12,7.02,83486,0
MPLN.US,D,20241122,000000,6.99,7.202,6.5673,6.94,53461,0
MPLN.US,D,20241125,000000,6.955,7.445,6.855172,7.3,62043,0
MPLN.US,D,20241126,000000,7.225,7.28,6.76,6.97,39607,0
MPLN.US,D,20241127,000000,7.0958,7.11,6.675,7.07,13197,0
MPLN.US,D,20241129,000000,7.21,8,7.1106,7.89,43141,0
MPLN.US,D,20241202,000000,7.89,7.98,7.14,7.97,66043,0
MPLN.US,D,20241203,000000,8.07,8.07,6.61,7.16,111535,0
MPLN.US,D,20241204,000000,7.16,7.26,6.72,7.01,66824,0
MPLN.US,D,20241205,000000,6.975,7.13,6.5201,6.81,59165,0
MPLN.US,D,20241206,000000,6.77,7.1,6.35,7.08,84556,0
MPLN.US,D,20241209,000000,7.18,7.35,6.87,6.96,44881,0
MPLN.US,D,20241210,000000,6.6602,7.28,6.64,7.25,49838,0
MPLN.US,D,20241211,000000,7.07,7.45,6.78,7.17,52963,0
MPLN.US,D,20241212,000000,6.94,7.89,6.94,7.65,74435,0
MPLN.US,D,20241213,000000,7.47,7.8296,6.95,7.21,53689,0
MPLN.US,D,20241216,000000,7.06,7.23,6.96,7.04,32336,0
MPLN.US,D,20241217,000000,6.83,7.09,6.8,7.07,63635,0
MPLN.US,D,20241218,000000,6.87,7.4,6.7,6.81,191861,0
MPLN.US,D,20241219,000000,6.84,7.03,6.624,6.67,68920,0
MPLN.US,D,20241220,000000,6.73,6.74,5.96,6.02,136825,0
MPLN.US,D,20241223,000000,6.03,6.53,5.61,6.28,65262,0
MPLN.US,D,20241224,000000,6.9,13.39,6.4,12.24,2112029,0
MPLN.US,D,20241226,000000,11.44,13.29,10.43,12.56,632749,0
MPLN.US,D,20241227,000000,12.5,18.98,12.25,17.52,702377,0
MPLN.US,D,20241230,000000,16.98,17.4745,13.81,15.46,259691,0
MPLN.US,D,20241231,000000,15.17,15.3929,13.15,14.78,255898,0
MPLN.US,D,20250102,000000,14.72,14.98,12.7,12.95,172263,0
MPLN.US,D,20250103,000000,12.78,14.37,12.29,14.21,120009,0
MPLN.US,D,20250106,000000,14.7,15.38,11.75,12.45,274252,0
MPLN.US,D,20250107,000000,12.642,13.7,11.76,12.1,224577,0
MPLN.US,D,20250108,000000,12.2259,12.8099,11.4308,12.37,135426,0
MPLN.US,D,20250110,000000,12.3,12.9,11.7,12.73,115555,0
