<TICKER>,<PER>,<DATE>,<TIME>,<OPEN>,<HIGH>,<LOW>,<CLOSE>,<VOL>,<OPENINT>
OUST-WS.US,D,20210315,000000,2.9,3,2.65,2.9739,109319,0
OUST-WS.US,D,20210316,000000,3,3,2.61,2.78,102922,0
OUST-WS.US,D,20210317,000000,2.54,2.81,2.45,2.6001,141042,0
OUST-WS.US,D,20210318,000000,2.9,2.9,2.45,2.64,56194,0
OUST-WS.US,D,20210319,000000,2.65,2.65,2.44,2.62,98623,0
OUST-WS.US,D,20210322,000000,2.79,2.845,2.65,2.7,56035,0
OUST-WS.US,D,20210323,000000,2.95,2.95,2.5,2.63,62572,0
OUST-WS.US,D,20210324,000000,2.73,2.73,2.2,2.35,194411,0
OUST-WS.US,D,20210325,000000,2.2,2.39,1.96,2.25,263265,0
OUST-WS.US,D,20210326,000000,2.55,2.55,2.01,2.17,65785,0
OUST-WS.US,D,20210329,000000,2.46,2.46,1.88,2.03,95227,0
OUST-WS.US,D,20210330,000000,1.85,2.2,1.67,2.1799,91680,0
OUST-WS.US,D,20210331,000000,2.2001,2.2001,1.89,2.1,72934,0
OUST-WS.US,D,20210401,000000,2.01,2.295,2,2.08,44752,0
OUST-WS.US,D,20210405,000000,2.04,2.26,1.69,1.7499,114769,0
OUST-WS.US,D,20210406,000000,1.97,2.2,1.8,1.98,49307,0
OUST-WS.US,D,20210407,000000,2.27,3.4,2.187,2.95,723956,0
OUST-WS.US,D,20210408,000000,3.1,3.1,2.63,2.9,83195,0
OUST-WS.US,D,20210409,000000,2.97,2.97,2.61,2.8,101124,0
OUST-WS.US,D,20210412,000000,2.75,2.75,2.3501,2.3797,59420,0
OUST-WS.US,D,20210413,000000,2.3,2.38,2.27,2.27,21278,0
OUST-WS.US,D,20210414,000000,2.5,2.5,2.2,2.2,17402,0
OUST-WS.US,D,20210415,000000,2.5,2.5,1.95,2.1,20768,0
OUST-WS.US,D,20210416,000000,2.23,2.4,2.07,2.1,104661,0
OUST-WS.US,D,20210419,000000,2.07,2.19,1.8706,1.88,252978,0
OUST-WS.US,D,20210420,000000,1.8,1.97,1.75,1.77,97292,0
OUST-WS.US,D,20210421,000000,1.75,2.35,1.73,2.35,94161,0
OUST-WS.US,D,20210422,000000,2.45,2.46,2.12,2.16,33118,0
OUST-WS.US,D,20210423,000000,2.17,2.6,2.17,2.6,43513,0
OUST-WS.US,D,20210426,000000,2.6,2.79,2.41,2.79,61905,0
OUST-WS.US,D,20210427,000000,2.8,3.05,2.7,3,96073,0
OUST-WS.US,D,20210428,000000,3,3.04,2.87,2.94,49286,0
OUST-WS.US,D,20210429,000000,2.87,3.06,2.71,2.85,26778,0
OUST-WS.US,D,20210430,000000,2.82,3,2.69,2.84,25851,0
OUST-WS.US,D,20210503,000000,2.77,2.77,2.51,2.6601,13408,0
OUST-WS.US,D,20210504,000000,2.6,2.74,2.18,2.7,38711,0
OUST-WS.US,D,20210505,000000,2.95,2.95,2.58,2.8,146618,0
OUST-WS.US,D,20210506,000000,2.8,2.84,2.3,2.8,64088,0
OUST-WS.US,D,20210507,000000,2.55,2.76,2.46,2.55,269889,0
OUST-WS.US,D,20210510,000000,2.45,2.47,2.22,2.3,50211,0
OUST-WS.US,D,20210511,000000,2.2,2.2707,1.9,2.25,137951,0
OUST-WS.US,D,20210512,000000,2.14,2.21,1.98,2.16,36417,0
OUST-WS.US,D,20210513,000000,2.16,2.42,1.8,1.88,53588,0
OUST-WS.US,D,20210514,000000,1.87,2.12,1.87,2.0501,15564,0
OUST-WS.US,D,20210517,000000,2,2.2,1.91,2.2,29281,0
OUST-WS.US,D,20210518,000000,2.12,2.31,2.03,2.16,14800,0
OUST-WS.US,D,20210519,000000,2.02,2.2,2.005,2.0852,5047,0
OUST-WS.US,D,20210520,000000,2.03,2.26,1.99,2.07,36797,0
OUST-WS.US,D,20210521,000000,2.03,2.4189,2.03,2.31,34287,0
OUST-WS.US,D,20210524,000000,2.25,2.41,2.13,2.41,26179,0
OUST-WS.US,D,20210525,000000,2.42,2.5885,2.22,2.38,33434,0
OUST-WS.US,D,20210526,000000,2.28,2.63,2.25,2.57,32105,0
OUST-WS.US,D,20210527,000000,2.57,2.87,2.47,2.82,55473,0
OUST-WS.US,D,20210528,000000,2.73,2.84,2.63,2.75,25382,0
OUST-WS.US,D,20210601,000000,2.68,2.9601,2.63,2.8974,41892,0
OUST-WS.US,D,20210602,000000,2.8,2.9,2.71,2.89,39554,0
OUST-WS.US,D,20210603,000000,2.89,3.15,2.8101,3.03,108108,0
OUST-WS.US,D,20210604,000000,3.1,3.5,3.1,3.21,103577,0
OUST-WS.US,D,20210607,000000,3.18,3.8,3.18,3.6015,192401,0
OUST-WS.US,D,20210608,000000,3.76,4.34,3.3,4,307551,0
OUST-WS.US,D,20210609,000000,3.92,4.3,3.33,3.5,174579,0
OUST-WS.US,D,20210610,000000,3.39,3.58,3.29,3.51,18282,0
OUST-WS.US,D,20210611,000000,3.5,3.5,3.18,3.35,60349,0
OUST-WS.US,D,20210614,000000,3.6,3.6,3.1289,3.1376,83892,0
OUST-WS.US,D,20210615,000000,3.04,3.19,2.99,3.03,37210,0
OUST-WS.US,D,20210616,000000,3.0301,3.05,2.93,3,129357,0
OUST-WS.US,D,20210617,000000,3.2,3.2099,2.8606,3.05,40136,0
OUST-WS.US,D,20210618,000000,3.055,3.41,3.055,3.4,49892,0
OUST-WS.US,D,20210621,000000,3.3,3.75,3.1,3.71,89271,0
OUST-WS.US,D,20210622,000000,3.44,3.7996,3.39,3.76,43540,0
OUST-WS.US,D,20210623,000000,3.76,3.85,3.48,3.8,64675,0
OUST-WS.US,D,20210624,000000,3.85,3.99,3.6906,3.7899,65698,0
OUST-WS.US,D,20210625,000000,3.83,3.89,3.57,3.57,27997,0
OUST-WS.US,D,20210628,000000,3.77,3.77,3.44,3.46,33233,0
OUST-WS.US,D,20210629,000000,3.52,3.85,3.475,3.6,28135,0
OUST-WS.US,D,20210630,000000,3.6,3.67,3.46,3.65,25552,0
OUST-WS.US,D,20210701,000000,3.57,3.62,3.45,3.61,16282,0
OUST-WS.US,D,20210702,000000,3.52,3.65,3.48,3.62,53586,0
OUST-WS.US,D,20210706,000000,3.48,3.548,3.47,3.47,42708,0
OUST-WS.US,D,20210707,000000,3.5,3.51,3.32,3.485,57277,0
OUST-WS.US,D,20210708,000000,3.48,3.605,3.43,3.56,14073,0
OUST-WS.US,D,20210709,000000,3.58,3.75,3.4512,3.68,26704,0
OUST-WS.US,D,20210712,000000,3.57,3.76,3.44,3.7,71804,0
OUST-WS.US,D,20210713,000000,3.57,3.6001,3.412,3.52,60614,0
OUST-WS.US,D,20210714,000000,3.5,3.5,3.01,3.15,125208,0
OUST-WS.US,D,20210715,000000,3.05,3.31,3.05,3.16,40848,0
OUST-WS.US,D,20210716,000000,3.365,3.365,3.05,3.08,34978,0
OUST-WS.US,D,20210719,000000,3.02,3.02,2.73,2.78,17710,0
OUST-WS.US,D,20210720,000000,2.74,2.96,2.5,2.78,71336,0
OUST-WS.US,D,20210721,000000,2.9299,3.0315,2.73,2.73,86386,0
OUST-WS.US,D,20210722,000000,2.63,2.65,2.49,2.51,67039,0
OUST-WS.US,D,20210723,000000,2.37,2.445,2.35,2.3501,18959,0
OUST-WS.US,D,20210726,000000,2.4,2.5,2.36,2.42,12565,0
OUST-WS.US,D,20210727,000000,2.28,2.31,2.17,2.27,41892,0
OUST-WS.US,D,20210728,000000,2.33,2.49,2.27,2.47,14353,0
OUST-WS.US,D,20210729,000000,2.46,2.46,2.28,2.38,25011,0
OUST-WS.US,D,20210730,000000,2.38,2.3801,2.18,2.23,20959,0
OUST-WS.US,D,20210802,000000,2.07,2.2499,2.07,2.2216,10140,0
OUST-WS.US,D,20210803,000000,2.1065,2.14,2.03,2.12,19971,0
OUST-WS.US,D,20210804,000000,2,2.29,2,2.2,64064,0
OUST-WS.US,D,20210805,000000,2.29,2.37,2.25,2.32,24456,0
OUST-WS.US,D,20210806,000000,2.43,2.43,2.38,2.3817,6594,0
OUST-WS.US,D,20210809,000000,2.38,2.43,2.2801,2.43,76503,0
OUST-WS.US,D,20210810,000000,2.67,2.76,2.34,2.44,19334,0
OUST-WS.US,D,20210811,000000,2.36,2.46,2.31,2.46,21776,0
OUST-WS.US,D,20210812,000000,2.64,2.74,2.43,2.74,40066,0
OUST-WS.US,D,20210813,000000,2.59,2.6,2.4,2.4299,16297,0
OUST-WS.US,D,20210816,000000,2.3,2.3,2.2,2.2,31510,0
OUST-WS.US,D,20210817,000000,2.11,2.115,1.95,2.05,69170,0
OUST-WS.US,D,20210818,000000,2,2.11,1.9501,2.0457,33057,0
OUST-WS.US,D,20210819,000000,1.99,2.02,1.8,1.945,17582,0
OUST-WS.US,D,20210820,000000,1.9401,2.095,1.88,2.095,31461,0
OUST-WS.US,D,20210823,000000,2.14,2.2101,1.96,2.19,22295,0
OUST-WS.US,D,20210824,000000,2.28,2.3,2.09,2.19,105282,0
OUST-WS.US,D,20210825,000000,2.19,2.19,1.97,2.13,97837,0
OUST-WS.US,D,20210826,000000,2.11,2.13,1.99,2.01,45646,0
OUST-WS.US,D,20210827,000000,2.05,2.12,1.98,2.06,43225,0
OUST-WS.US,D,20210830,000000,2.2,2.2,1.8497,1.87,24531,0
OUST-WS.US,D,20210831,000000,1.85,1.9101,1.8001,1.84,60816,0
OUST-WS.US,D,20210901,000000,1.85,1.9505,1.8,1.89,60566,0
OUST-WS.US,D,20210902,000000,1.9,1.97,1.79,1.8654,88677,0
OUST-WS.US,D,20210903,000000,1.78,1.93,1.78,1.89,52008,0
OUST-WS.US,D,20210907,000000,2.18,2.18,1.81,1.81,50410,0
OUST-WS.US,D,20210908,000000,1.8,2.02,1.7813,1.8401,24264,0
OUST-WS.US,D,20210909,000000,1.81,1.88,1.76,1.82,72476,0
OUST-WS.US,D,20210910,000000,1.97,2,1.7,1.765,46781,0
OUST-WS.US,D,20210913,000000,1.8,1.9,1.71,1.8467,9372,0
OUST-WS.US,D,20210914,000000,1.9,1.9,1.5801,1.62,62436,0
OUST-WS.US,D,20210915,000000,1.65,1.77,1.6,1.77,5086,0
OUST-WS.US,D,20210916,000000,1.64,1.65,1.55,1.59,111425,0
OUST-WS.US,D,20210917,000000,1.56,1.67,1.56,1.67,4881,0
OUST-WS.US,D,20210920,000000,1.79,1.79,1.4,1.5599,45515,0
OUST-WS.US,D,20210921,000000,1.6,1.6,1.48,1.5,58750,0
OUST-WS.US,D,20210922,000000,1.5,1.51,1.465,1.48,10955,0
OUST-WS.US,D,20210923,000000,1.72,1.72,1.45,1.46,161178,0
OUST-WS.US,D,20210924,000000,1.56,1.56,1.38,1.39,200425,0
OUST-WS.US,D,20210927,000000,1.55,1.6,1.44,1.57,81185,0
OUST-WS.US,D,20210928,000000,1.69,1.69,1.48,1.56,11994,0
OUST-WS.US,D,20210929,000000,1.68,1.68,1.49,1.55,22210,0
OUST-WS.US,D,20210930,000000,1.74,1.74,1.4,1.58,14226,0
OUST-WS.US,D,20211001,000000,1.66,1.66,1.46,1.47,5093,0
OUST-WS.US,D,20211004,000000,1.62,1.62,1.44,1.48,26495,0
OUST-WS.US,D,20211005,000000,1.66,1.66,1.58,1.6,21073,0
OUST-WS.US,D,20211006,000000,1.68,1.68,1.5501,1.64,55039,0
OUST-WS.US,D,20211007,000000,1.77,1.77,1.61,1.633,13075,0
OUST-WS.US,D,20211008,000000,1.7,1.7,1.53,1.57,32501,0
OUST-WS.US,D,20211011,000000,1.75,1.75,1.52,1.62,119610,0
OUST-WS.US,D,20211012,000000,1.78,1.78,1.56,1.69,5051,0
OUST-WS.US,D,20211013,000000,1.69,1.69,1.6,1.67,6368,0
OUST-WS.US,D,20211014,000000,1.72,1.72,1.56,1.58,9483,0
OUST-WS.US,D,20211015,000000,1.72,1.72,1.55,1.6149,3062,0
OUST-WS.US,D,20211018,000000,1.52,1.61,1.42,1.52,55731,0
OUST-WS.US,D,20211019,000000,1.5,1.6,1.44,1.56,76342,0
OUST-WS.US,D,20211020,000000,1.69,1.69,1.39,1.52,37031,0
OUST-WS.US,D,20211021,000000,1.46,1.54,1.46,1.48,34113,0
OUST-WS.US,D,20211022,000000,1.4,1.56,1.33,1.43,83500,0
OUST-WS.US,D,20211025,000000,1.55,1.56,1.49,1.5,28907,0
OUST-WS.US,D,20211026,000000,1.48,1.64,1.48,1.57,19985,0
OUST-WS.US,D,20211027,000000,1.5,1.69,1.4999,1.59,60577,0
OUST-WS.US,D,20211028,000000,1.59,1.7,1.485,1.6,53960,0
OUST-WS.US,D,20211029,000000,1.59,1.7,1.4781,1.7,26332,0
OUST-WS.US,D,20211101,000000,1.65,1.7,1.58,1.6222,34882,0
OUST-WS.US,D,20211102,000000,1.6,1.79,1.5496,1.62,39732,0
OUST-WS.US,D,20211103,000000,1.68,1.73,1.64,1.6401,12550,0
OUST-WS.US,D,20211104,000000,1.74,1.741,1.59,1.631,4800,0
OUST-WS.US,D,20211105,000000,1.73,1.73,1.515,1.6699,51170,0
OUST-WS.US,D,20211108,000000,1.68,1.77,1.67,1.7017,19557,0
OUST-WS.US,D,20211109,000000,1.79,1.89,1.67,1.77,57848,0
OUST-WS.US,D,20211110,000000,1.89,1.89,1.45,1.58,40561,0
OUST-WS.US,D,20211111,000000,1.65,1.65,1.55,1.59,7945,0
OUST-WS.US,D,20211112,000000,1.67,1.86,1.61,1.77,26415,0
OUST-WS.US,D,20211115,000000,1.77,1.77,1.68,1.7326,31511,0
OUST-WS.US,D,20211116,000000,1.75,1.83,1.61,1.69,15690,0
OUST-WS.US,D,20211117,000000,1.57,1.6815,1.54,1.5401,8001,0
OUST-WS.US,D,20211118,000000,1.55,1.55,1.43,1.4699,29614,0
OUST-WS.US,D,20211119,000000,1.62,1.7084,1.52,1.6,93568,0
OUST-WS.US,D,20211122,000000,1.7,1.7,1.41,1.46,33208,0
OUST-WS.US,D,20211123,000000,1.6,1.64,1.45,1.4917,68599,0
OUST-WS.US,D,20211124,000000,1.5,1.6,1.4753,1.54,22014,0
OUST-WS.US,D,20211126,000000,1.4601,1.63,1.46,1.49,31224,0
OUST-WS.US,D,20211129,000000,1.63,1.63,1.5,1.63,16837,0
OUST-WS.US,D,20211130,000000,1.51,1.69,1.51,1.6,7878,0
OUST-WS.US,D,20211201,000000,1.6701,1.68,1.55,1.61,57839,0
OUST-WS.US,D,20211202,000000,1.55,1.5999,1.41,1.59,85276,0
OUST-WS.US,D,20211203,000000,1.45,1.54,1.33,1.4557,143738,0
OUST-WS.US,D,20211206,000000,1.3608,1.51,1.35,1.42,46930,0
OUST-WS.US,D,20211207,000000,1.42,1.5,1.4,1.475,32300,0
OUST-WS.US,D,20211208,000000,1.435,1.52,1.4201,1.51,33258,0
OUST-WS.US,D,20211209,000000,1.45,1.45,1.395,1.4,27639,0
OUST-WS.US,D,20211210,000000,1.3901,1.4,1.335,1.335,51497,0
OUST-WS.US,D,20211213,000000,1.35,1.4002,1.2,1.35,53536,0
OUST-WS.US,D,20211214,000000,1.2999,1.41,1.26,1.27,7284,0
OUST-WS.US,D,20211215,000000,1.2401,1.385,1.2401,1.385,34594,0
OUST-WS.US,D,20211216,000000,1.38,1.45,1.28,1.28,43841,0
OUST-WS.US,D,20211217,000000,1.28,1.3,1.243,1.2498,17068,0
OUST-WS.US,D,20211220,000000,1.2301,1.3,1.11,1.11,26558,0
OUST-WS.US,D,20211221,000000,1.18,1.18,1.12,1.15,9025,0
OUST-WS.US,D,20211222,000000,1.06,1.15,1.06,1.12,29066,0
OUST-WS.US,D,20211223,000000,1.1099,1.14,1.1099,1.1301,26060,0
OUST-WS.US,D,20211227,000000,1.13,1.13,1.08,1.1201,49490,0
OUST-WS.US,D,20211228,000000,1.081,1.09,1.03,1.075,18382,0
OUST-WS.US,D,20211229,000000,1.02,1.04,1,1.025,54601,0
OUST-WS.US,D,20211230,000000,1.03,1.09,1.0268,1.07,15768,0
OUST-WS.US,D,20211231,000000,1.0201,1.06,0.99,1.06,37988,0
OUST-WS.US,D,20220103,000000,1.05,1.0974,1.0477,1.0974,3129,0
OUST-WS.US,D,20220104,000000,1.1,1.104,1.05,1.08,30389,0
OUST-WS.US,D,20220105,000000,1.09,1.1,0.95,0.97,43535,0
OUST-WS.US,D,20220106,000000,0.98,0.989799,0.900799,0.979699,24863,0
OUST-WS.US,D,20220107,000000,1,1,0.9101,0.92,28826,0
OUST-WS.US,D,20220110,000000,0.9,0.9,0.748516,0.7603,45708,0
OUST-WS.US,D,20220111,000000,0.7601,0.8595,0.7601,0.849799,6855,0
OUST-WS.US,D,20220112,000000,0.8599,0.86,0.76,0.7601,14500,0
OUST-WS.US,D,20220113,000000,0.8,0.8,0.695,0.729849,19181,0
OUST-WS.US,D,20220114,000000,0.8,0.8,0.636,0.6899,74538,0
OUST-WS.US,D,20220118,000000,0.71,0.71,0.61,0.62615,29165,0
OUST-WS.US,D,20220119,000000,0.634949,0.6399,0.56,0.600101,27799,0
OUST-WS.US,D,20220120,000000,0.6,0.6297,0.5159,0.5159,38930,0
OUST-WS.US,D,20220121,000000,0.56,0.5639,0.501,0.52,28927,0
OUST-WS.US,D,20220124,000000,0.5,0.5711,0.4,0.5703,102957,0
OUST-WS.US,D,20220125,000000,0.4801,0.57,0.469505,0.57,29222,0
OUST-WS.US,D,20220126,000000,0.6,0.6,0.529899,0.53,39297,0
OUST-WS.US,D,20220127,000000,0.470201,0.48,0.4151,0.478,139067,0
OUST-WS.US,D,20220128,000000,0.41,0.4956,0.4,0.47,44147,0
OUST-WS.US,D,20220131,000000,0.435049,0.56,0.435049,0.56,21921,0
OUST-WS.US,D,20220201,000000,0.54,0.635,0.520301,0.5702,38187,0
OUST-WS.US,D,20220202,000000,0.6,0.6,0.5403,0.5502,2513,0
OUST-WS.US,D,20220203,000000,0.52,0.56,0.52,0.52,14500,0
OUST-WS.US,D,20220204,000000,0.5101,0.71,0.51,0.61,20593,0
OUST-WS.US,D,20220207,000000,0.62,0.62,0.58495,0.59875,4914,0
OUST-WS.US,D,20220208,000000,0.6,0.61,0.56,0.6,18002,0
OUST-WS.US,D,20220209,000000,0.6,0.71,0.59,0.69,36772,0
OUST-WS.US,D,20220210,000000,0.65,0.68,0.5602,0.5901,70245,0
OUST-WS.US,D,20220211,000000,0.63,0.6565,0.5206,0.560201,36494,0
OUST-WS.US,D,20220214,000000,0.57,0.59,0.54,0.54,20983,0
OUST-WS.US,D,20220215,000000,0.56,0.63,0.5002,0.63,47570,0
OUST-WS.US,D,20220216,000000,0.63,0.8351,0.63,0.8351,65655,0
OUST-WS.US,D,20220217,000000,0.8899,0.9,0.7379,0.88,96296,0
OUST-WS.US,D,20220218,000000,0.9,0.9,0.7042,0.9,26417,0
OUST-WS.US,D,20220222,000000,0.9,0.9,0.7202,0.7202,39485,0
OUST-WS.US,D,20220223,000000,0.7001,0.750001,0.7,0.74,14647,0
OUST-WS.US,D,20220224,000000,0.63,0.75,0.6201,0.75,12251,0
OUST-WS.US,D,20220225,000000,0.75,0.8098,0.6602,0.8098,19677,0
OUST-WS.US,D,20220228,000000,0.701,0.7898,0.68,0.75,16002,0
OUST-WS.US,D,20220301,000000,0.69,0.7699,0.6621,0.7699,40079,0
OUST-WS.US,D,20220302,000000,0.6502,0.7398,0.6501,0.7297,12078,0
OUST-WS.US,D,20220303,000000,0.6201,0.669899,0.6201,0.6686,6200,0
OUST-WS.US,D,20220304,000000,0.66,0.66,0.595,0.595,13700,0
OUST-WS.US,D,20220307,000000,0.5555,0.66,0.55,0.6596,22986,0
OUST-WS.US,D,20220308,000000,0.61,0.6399,0.54,0.5963,11590,0
OUST-WS.US,D,20220309,000000,0.61,0.65,0.6099,0.65,15004,0
OUST-WS.US,D,20220310,000000,0.62,0.7296,0.6,0.7296,20203,0
OUST-WS.US,D,20220311,000000,0.669,0.691,0.611,0.691,12078,0
OUST-WS.US,D,20220314,000000,0.6386,0.6386,0.5501,0.580101,3992,0
OUST-WS.US,D,20220315,000000,0.56,0.6299,0.5501,0.62,7813,0
OUST-WS.US,D,20220316,000000,0.6001,0.67,0.6001,0.67,12877,0
OUST-WS.US,D,20220317,000000,0.69,0.69,0.6,0.6699,7295,0
OUST-WS.US,D,20220318,000000,0.63,0.7201,0.63,0.71,15733,0
OUST-WS.US,D,20220321,000000,0.799799,0.799799,0.71,0.71,4231,0
OUST-WS.US,D,20220322,000000,0.77,0.77,0.718399,0.7239,3083,0
OUST-WS.US,D,20220323,000000,0.739951,0.7697,0.7387,0.74,7680,0
OUST-WS.US,D,20220324,000000,0.7799,0.85,0.6901,0.759901,44267,0
OUST-WS.US,D,20220325,000000,0.78,0.8199,0.76,0.7999,11494,0
OUST-WS.US,D,20220328,000000,0.8101,0.8449,0.7501,0.82,51474,0
OUST-WS.US,D,20220329,000000,0.8199,0.8799,0.8098,0.8799,79595,0
OUST-WS.US,D,20220330,000000,0.87,0.9798,0.87,0.9002,38501,0
OUST-WS.US,D,20220331,000000,0.932229,0.936562,0.8,0.8501,26822,0
OUST-WS.US,D,20220401,000000,0.86,0.86,0.75,0.84,13333,0
OUST-WS.US,D,20220404,000000,0.8957,0.97,0.8956,0.9101,27527,0
OUST-WS.US,D,20220405,000000,0.96,1.0001,0.9,0.92,44803,0
OUST-WS.US,D,20220406,000000,0.91,0.9199,0.89,0.9198,16082,0
OUST-WS.US,D,20220407,000000,0.9001,0.900101,0.785,0.83,8599,0
OUST-WS.US,D,20220408,000000,0.83,0.84495,0.83,0.84495,1655,0
OUST-WS.US,D,20220411,000000,0.82,0.82,0.72,0.7501,4497,0
OUST-WS.US,D,20220412,000000,0.89,0.91,0.75,0.75,5500,0
OUST-WS.US,D,20220413,000000,0.81,0.81495,0.81,0.81495,747,0
OUST-WS.US,D,20220414,000000,0.859799,0.8599,0.75,0.7937,12205,0
OUST-WS.US,D,20220418,000000,0.850586,0.850586,0.75,0.75,26309,0
OUST-WS.US,D,20220419,000000,0.8001,0.8002,0.7,0.7796,14797,0
OUST-WS.US,D,20220420,000000,0.7899,0.7997,0.77,0.7997,1878,0
OUST-WS.US,D,20220421,000000,0.76,0.7699,0.7298,0.7611,25394,0
OUST-WS.US,D,20220422,000000,0.72,0.759799,0.700001,0.714901,8139,0
OUST-WS.US,D,20220425,000000,0.7,0.7299,0.7,0.7299,3601,0
OUST-WS.US,D,20220426,000000,0.7,0.7155,0.68,0.68,10420,0
OUST-WS.US,D,20220427,000000,0.68,0.6848,0.6602,0.6848,3425,0
OUST-WS.US,D,20220428,000000,0.66,0.7,0.66,0.7,6270,0
OUST-WS.US,D,20220429,000000,0.7482,0.75,0.69,0.6997,15034,0
OUST-WS.US,D,20220502,000000,0.7,0.7315,0.6692,0.71,7622,0
OUST-WS.US,D,20220503,000000,0.71,0.7101,0.6301,0.6901,43615,0
OUST-WS.US,D,20220504,000000,0.66,0.66,0.59,0.65,44527,0
OUST-WS.US,D,20220505,000000,0.6,0.6097,0.56,0.5849,62725,0
OUST-WS.US,D,20220506,000000,0.5499,0.6275,0.5499,0.6076,18312,0
OUST-WS.US,D,20220509,000000,0.5673,0.570101,0.5299,0.53,23327,0
OUST-WS.US,D,20220510,000000,0.54,0.54,0.4301,0.49,37861,0
OUST-WS.US,D,20220511,000000,0.4165,0.4501,0.39,0.39,15235,0
OUST-WS.US,D,20220512,000000,0.38,0.4303,0.36,0.43,69552,0
OUST-WS.US,D,20220513,000000,0.39,0.5,0.38,0.4999,55943,0
OUST-WS.US,D,20220516,000000,0.4,0.47,0.3999,0.47,5536,0
OUST-WS.US,D,20220517,000000,0.46,0.5218,0.46,0.51485,43201,0
OUST-WS.US,D,20220518,000000,0.4,0.5198,0.4,0.5099,12044,0
OUST-WS.US,D,20220519,000000,0.4742,0.5459,0.4298,0.53,10325,0
OUST-WS.US,D,20220520,000000,0.4001,0.4596,0.37,0.43,338672,0
OUST-WS.US,D,20220523,000000,0.3655,0.4018,0.36,0.385,101814,0
OUST-WS.US,D,20220524,000000,0.3627,0.38,0.32,0.33,97187,0
OUST-WS.US,D,20220525,000000,0.33,0.4,0.33,0.37,12434,0
OUST-WS.US,D,20220526,000000,0.36,0.42,0.36,0.415,18975,0
OUST-WS.US,D,20220527,000000,0.39,0.42,0.36,0.42,31133,0
OUST-WS.US,D,20220531,000000,0.37,0.42,0.3401,0.42,42287,0
OUST-WS.US,D,20220601,000000,0.4199,0.4199,0.32,0.3768,17551,0
OUST-WS.US,D,20220602,000000,0.34,0.4,0.34,0.4,21132,0
OUST-WS.US,D,20220603,000000,0.39,0.39,0.3481,0.38,5590,0
OUST-WS.US,D,20220606,000000,0.35,0.38,0.331,0.3378,15666,0
OUST-WS.US,D,20220607,000000,0.331,0.3343,0.2901,0.3343,35208,0
OUST-WS.US,D,20220608,000000,0.384951,0.4,0.27,0.3487,45230,0
OUST-WS.US,D,20220609,000000,0.320101,0.35,0.3,0.35,5656,0
OUST-WS.US,D,20220610,000000,0.3,0.3245,0.282,0.2822,22569,0
OUST-WS.US,D,20220613,000000,0.330001,0.3404,0.2321,0.257,70730,0
OUST-WS.US,D,20220614,000000,0.32,0.32,0.232,0.3,41754,0
OUST-WS.US,D,20220615,000000,0.37,0.38,0.2412,0.28,186699,0
OUST-WS.US,D,20220616,000000,0.2501,0.29995,0.2402,0.25,59338,0
OUST-WS.US,D,20220617,000000,0.245,0.29,0.245,0.29,34573,0
OUST-WS.US,D,20220621,000000,0.31,0.31,0.31,0.31,1097,0
OUST-WS.US,D,20220622,000000,0.28,0.4034,0.28,0.3806,14597,0
OUST-WS.US,D,20220623,000000,0.3101,0.3659,0.31,0.3659,12918,0
OUST-WS.US,D,20220624,000000,0.37,0.37,0.3101,0.3599,4170,0
OUST-WS.US,D,20220627,000000,0.39,0.39,0.2701,0.3,28164,0
OUST-WS.US,D,20220628,000000,0.28,0.31,0.22,0.31,27254,0
OUST-WS.US,D,20220629,000000,0.355,0.355,0.2799,0.3,40264,0
OUST-WS.US,D,20220630,000000,0.3,0.3496,0.3,0.3496,2847,0
OUST-WS.US,D,20220701,000000,0.3,0.3286,0.2737,0.31,4050,0
OUST-WS.US,D,20220705,000000,0.3299,0.3299,0.2624,0.285,11775,0
OUST-WS.US,D,20220707,000000,0.27,0.3276,0.27,0.327499,12866,0
OUST-WS.US,D,20220708,000000,0.3075,0.33,0.3075,0.33,15600,0
OUST-WS.US,D,20220711,000000,0.27,0.2805,0.27,0.2805,1389,0
OUST-WS.US,D,20220712,000000,0.2601,0.297,0.2601,0.2856,3882,0
OUST-WS.US,D,20220713,000000,0.26,0.29,0.26,0.29,837,0
OUST-WS.US,D,20220714,000000,0.3298,0.3299,0.2848,0.31,1144,0
OUST-WS.US,D,20220715,000000,0.33,0.33,0.2899,0.329699,6022,0
OUST-WS.US,D,20220718,000000,0.33,0.33,0.29975,0.3,64222,0
OUST-WS.US,D,20220719,000000,0.2901,0.36,0.29,0.3,14719,0
OUST-WS.US,D,20220720,000000,0.35,0.3501,0.29,0.301,68921,0
OUST-WS.US,D,20220721,000000,0.29,0.32,0.2602,0.291,54091,0
OUST-WS.US,D,20220722,000000,0.265,0.3125,0.265,0.3125,9075,0
OUST-WS.US,D,20220725,000000,0.28,0.3379,0.23,0.3,87243,0
OUST-WS.US,D,20220726,000000,0.26,0.29,0.215,0.29,16325,0
OUST-WS.US,D,20220727,000000,0.29,0.29,0.29,0.29,225,0
OUST-WS.US,D,20220728,000000,0.2401,0.2968,0.2401,0.281,4378,0
OUST-WS.US,D,20220729,000000,0.2998,0.32,0.281,0.32,25649,0
OUST-WS.US,D,20220801,000000,0.2979,0.3001,0.28,0.28,6094,0
OUST-WS.US,D,20220802,000000,0.28,0.315549,0.28,0.3,875,0
OUST-WS.US,D,20220803,000000,0.29,0.325,0.29,0.31,9779,0
OUST-WS.US,D,20220804,000000,0.3225,0.3498,0.2911,0.3001,29396,0
OUST-WS.US,D,20220805,000000,0.3001,0.3002,0.2413,0.27,61602,0
OUST-WS.US,D,20220808,000000,0.2701,0.28,0.2499,0.26,41783,0
OUST-WS.US,D,20220809,000000,0.3,0.3,0.3,0.3,1000,0
OUST-WS.US,D,20220810,000000,0.31,0.31,0.28,0.31,35184,0
OUST-WS.US,D,20220811,000000,0.305,0.305,0.24,0.2966,86338,0
OUST-WS.US,D,20220812,000000,0.2841,0.3,0.2521,0.2521,18047,0
OUST-WS.US,D,20220815,000000,0.2525,0.339,0.2525,0.2999,51239,0
OUST-WS.US,D,20220816,000000,0.26,0.33,0.25,0.33,37192,0
OUST-WS.US,D,20220817,000000,0.253401,0.2766,0.2352,0.265,23250,0
OUST-WS.US,D,20220818,000000,0.2724,0.2948,0.25,0.2837,7900,0
OUST-WS.US,D,20220819,000000,0.2699,0.2946,0.2399,0.2899,8994,0
OUST-WS.US,D,20220822,000000,0.235301,0.2879,0.235301,0.2421,1658,0
OUST-WS.US,D,20220823,000000,0.2352,0.252601,0.23,0.23,4203,0
OUST-WS.US,D,20220824,000000,0.26,0.264,0.25,0.25,1020,0
OUST-WS.US,D,20220825,000000,0.27,0.2715,0.216,0.26,61168,0
OUST-WS.US,D,20220826,000000,0.24,0.2499,0.24,0.2498,2900,0
OUST-WS.US,D,20220829,000000,0.2499,0.2671,0.24,0.24,26871,0
OUST-WS.US,D,20220830,000000,0.27,0.27,0.27,0.27,1000,0
OUST-WS.US,D,20220831,000000,0.2585,0.29,0.23,0.2889,14678,0
OUST-WS.US,D,20220901,000000,0.282,0.282,0.23,0.28,7750,0
OUST-WS.US,D,20220906,000000,0.2846,0.2846,0.25,0.2692,13000,0
OUST-WS.US,D,20220907,000000,0.284699,0.2848,0.25,0.2501,6059,0
OUST-WS.US,D,20220908,000000,0.282401,0.283396,0.24,0.24,50230,0
OUST-WS.US,D,20220909,000000,0.284699,0.2848,0.25,0.25,3833,0
OUST-WS.US,D,20220912,000000,0.26,0.26,0.24,0.24,29766,0
OUST-WS.US,D,20220913,000000,0.2679,0.2679,0.23,0.23,23178,0
OUST-WS.US,D,20220914,000000,0.25,0.25,0.2206,0.2206,4224,0
OUST-WS.US,D,20220915,000000,0.25,0.2679,0.25,0.2679,1457,0
OUST-WS.US,D,20220916,000000,0.243299,0.2665,0.212,0.2394,73847,0
OUST-WS.US,D,20220919,000000,0.216,0.2579,0.216,0.228,2781,0
OUST-WS.US,D,20220920,000000,0.2155,0.235,0.2,0.235,11622,0
OUST-WS.US,D,20220921,000000,0.225,0.225,0.17,0.17,101444,0
OUST-WS.US,D,20220922,000000,0.1601,0.19,0.151,0.19,20550,0
OUST-WS.US,D,20220923,000000,0.178,0.19,0.152,0.19,4322,0
OUST-WS.US,D,20220926,000000,0.22,0.22,0.1813,0.19,14263,0
OUST-WS.US,D,20220927,000000,0.215,0.215,0.171,0.199,6823,0
OUST-WS.US,D,20220928,000000,0.175101,0.175101,0.175101,0.175101,1076,0
OUST-WS.US,D,20220929,000000,0.171,0.189,0.171,0.189,1359,0
OUST-WS.US,D,20220930,000000,0.19,0.19375,0.17105,0.1711,134253,0
OUST-WS.US,D,20221003,000000,0.16,0.1793,0.16,0.172,4950,0
OUST-WS.US,D,20221004,000000,0.195449,0.2199,0.1716,0.2,3656,0
OUST-WS.US,D,20221005,000000,0.179,0.179,0.179,0.179,1195,0
OUST-WS.US,D,20221006,000000,0.18,0.2394,0.18,0.1801,29800,0
OUST-WS.US,D,20221007,000000,0.171,0.2,0.1551,0.19,75469,0
OUST-WS.US,D,20221010,000000,0.171,0.2012,0.1417,0.18,43090,0
OUST-WS.US,D,20221011,000000,0.155,0.155,0.1519,0.1519,15367,0
OUST-WS.US,D,20221012,000000,0.154899,0.16,0.1425,0.16,9612,0
OUST-WS.US,D,20221013,000000,0.169999,0.17,0.169999,0.17,3500,0
OUST-WS.US,D,20221014,000000,0.18,0.18,0.11,0.12,299496,0
OUST-WS.US,D,20221017,000000,0.18,0.18,0.1519,0.1528,8766,0
OUST-WS.US,D,20221018,000000,0.155,0.2099,0.145,0.19,80206,0
OUST-WS.US,D,20221019,000000,0.1955,0.1999,0.1663,0.1663,11557,0
OUST-WS.US,D,20221020,000000,0.1553,0.19,0.1553,0.1701,5315,0
OUST-WS.US,D,20221021,000000,0.1899,0.1999,0.15,0.1808,5978,0
OUST-WS.US,D,20221024,000000,0.181,0.1999,0.135,0.1909,14518,0
OUST-WS.US,D,20221025,000000,0.1991,0.2167,0.1681,0.19,75875,0
OUST-WS.US,D,20221026,000000,0.19,0.24,0.1735,0.1736,23657,0
OUST-WS.US,D,20221027,000000,0.192749,0.2073,0.1867,0.201351,5173,0
OUST-WS.US,D,20221028,000000,0.2399,0.2399,0.1694,0.19,28121,0
OUST-WS.US,D,20221031,000000,0.1602,0.2,0.1463,0.155,41954,0
OUST-WS.US,D,20221101,000000,0.1939,0.2178,0.1579,0.199,39438,0
OUST-WS.US,D,20221102,000000,0.175,0.2309,0.175,0.2008,1353,0
OUST-WS.US,D,20221103,000000,0.175,0.205,0.1532,0.17,7256,0
OUST-WS.US,D,20221104,000000,0.16,0.1999,0.16,0.1997,24783,0
OUST-WS.US,D,20221107,000000,0.21,0.21,0.16,0.1781,59395,0
OUST-WS.US,D,20221108,000000,0.2,0.2003,0.1293,0.1414,74387,0
OUST-WS.US,D,20221109,000000,0.145,0.1594,0.14,0.141101,22926,0
OUST-WS.US,D,20221110,000000,0.1711,0.1711,0.1401,0.1699,3504,0
OUST-WS.US,D,20221111,000000,0.167799,0.167799,0.13,0.1475,38296,0
OUST-WS.US,D,20221114,000000,0.15,0.15,0.13,0.15,38494,0
OUST-WS.US,D,20221115,000000,0.18,0.18,0.1422,0.1451,64225,0
OUST-WS.US,D,20221116,000000,0.145,0.145,0.145,0.145,627,0
OUST-WS.US,D,20221117,000000,0.1567,0.159,0.1567,0.159,228,0
OUST-WS.US,D,20221118,000000,0.145101,0.145101,0.12,0.12,8260,0
OUST-WS.US,D,20221121,000000,0.1699,0.1699,0.1,0.13,45387,0
OUST-WS.US,D,20221122,000000,0.116249,0.13,0.0941,0.102,25788,0
OUST-WS.US,D,20221123,000000,0.1001,0.1275,0.1001,0.117251,15786,0
OUST-WS.US,D,20221125,000000,0.13,0.13,0.13,0.13,863,0
OUST-WS.US,D,20221128,000000,0.1497,0.1497,0.0895,0.1199,44710,0
OUST-WS.US,D,20221129,000000,0.09,0.12,0.09,0.1088,11902,0
OUST-WS.US,D,20221130,000000,0.1,0.14,0.1,0.129851,25636,0
OUST-WS.US,D,20221201,000000,0.115557,0.1408,0.1075,0.1299,31604,0
OUST-WS.US,D,20221202,000000,0.12,0.13,0.12,0.12,4040,0
OUST-WS.US,D,20221205,000000,0.113958,0.14,0.11,0.1398,50226,0
OUST-WS.US,D,20221206,000000,0.12,0.1499,0.11,0.1199,28150,0
OUST-WS.US,D,20221207,000000,0.107601,0.130799,0.1075,0.130799,11275,0
OUST-WS.US,D,20221208,000000,0.1076,0.1396,0.1076,0.13,8350,0
OUST-WS.US,D,20221209,000000,0.129951,0.1499,0.129951,0.1499,1200,0
OUST-WS.US,D,20221213,000000,0.1262,0.1399,0.125001,0.125001,2100,0
OUST-WS.US,D,20221214,000000,0.1125,0.14,0.112,0.14,7587,0
OUST-WS.US,D,20221216,000000,0.14,0.14,0.09,0.1201,28079,0
OUST-WS.US,D,20221219,000000,0.09,0.1206,0.09,0.1206,16550,0
OUST-WS.US,D,20221220,000000,0.090101,0.12,0.090101,0.1183,5900,0
OUST-WS.US,D,20221221,000000,0.0975,0.141,0.0962,0.0962,20980,0
OUST-WS.US,D,20221222,000000,0.118,0.118,0.1,0.102551,4484,0
OUST-WS.US,D,20221223,000000,0.100101,0.105,0.1,0.105,1555,0
OUST-WS.US,D,20221227,000000,0.0981,0.105,0.088101,0.088101,11804,0
OUST-WS.US,D,20221228,000000,0.0881,0.1,0.0881,0.0901,500,0
OUST-WS.US,D,20221229,000000,0.09001,0.09001,0.0699,0.0785,35521,0
OUST-WS.US,D,20221230,000000,0.0845,0.102,0.0845,0.095,129022,0
OUST-WS.US,D,20230103,000000,0.1494,0.1494,0.1095,0.1201,2420,0
OUST-WS.US,D,20230104,000000,0.149299,0.149299,0.149299,0.149299,1057,0
OUST-WS.US,D,20230106,000000,0.1494,0.15,0.1358,0.15,30342,0
OUST-WS.US,D,20230109,000000,0.17,0.2,0.15,0.2,19088,0
OUST-WS.US,D,20230110,000000,0.165,0.195,0.165,0.180163,14500,0
OUST-WS.US,D,20230111,000000,0.2,0.2,0.1977,0.1977,1275,0
OUST-WS.US,D,20230112,000000,0.1825,0.225,0.1825,0.224964,6800,0
OUST-WS.US,D,20230113,000000,0.1475,0.235,0.1375,0.235,1500,0
OUST-WS.US,D,20230118,000000,0.18,0.23,0.18,0.23,1900,0
OUST-WS.US,D,20230119,000000,0.18,0.2096,0.18,0.2095,8200,0
OUST-WS.US,D,20230120,000000,0.1888,0.22,0.1888,0.2195,4150,0
OUST-WS.US,D,20230123,000000,0.2098,0.23,0.2098,0.21,15800,0
OUST-WS.US,D,20230124,000000,0.162,0.2375,0.162,0.2375,1225,0
OUST-WS.US,D,20230125,000000,0.214,0.2395,0.214,0.2349,7454,0
OUST-WS.US,D,20230126,000000,0.2246,0.23,0.1601,0.185,44041,0
OUST-WS.US,D,20230127,000000,0.1625,0.2,0.16,0.19,40760,0
OUST-WS.US,D,20230130,000000,0.145,0.2065,0.145,0.2065,8103,0
OUST-WS.US,D,20230210,000000,0.15,0.165,0.15,0.165,600,0
OUST-WS.US,D,20230213,000000,0.1699,0.184699,0.1649,0.184699,30200,0
OUST-WS.US,D,20230214,000000,0.1999,0.2195,0.18,0.2195,27055,0
OUST-WS.US,D,20230215,000000,0.22,0.22,0.189767,0.209,5602,0
OUST-WS.US,D,20230216,000000,0.209899,0.21,0.186,0.19,21780,0
OUST-WS.US,D,20230217,000000,0.1976,0.1976,0.19,0.19,4352,0
OUST-WS.US,D,20230221,000000,0.1965,0.1965,0.158,0.158,17993,0
OUST-WS.US,D,20230222,000000,0.158,0.158,0.1402,0.1402,12208,0
OUST-WS.US,D,20230223,000000,0.148,0.158,0.148,0.148,7345,0
OUST-WS.US,D,20230224,000000,0.149,0.158,0.14,0.158,26767,0
OUST-WS.US,D,20230227,000000,0.1875,0.1875,0.136,0.14,7385,0
OUST-WS.US,D,20230228,000000,0.136,0.1655,0.136,0.15,1400,0
OUST-WS.US,D,20230301,000000,0.11,0.1498,0.0971,0.1498,27236,0
OUST-WS.US,D,20230302,000000,0.14,0.1498,0.1151,0.1195,3900,0
OUST-WS.US,D,20230303,000000,0.11,0.1374,0.11,0.1298,19041,0
OUST-WS.US,D,20230306,000000,0.148,0.15,0.1479,0.15,4602,0
OUST-WS.US,D,20230307,000000,0.13,0.13,0.13,0.13,8900,0
OUST-WS.US,D,20230308,000000,0.14,0.1725,0.132664,0.1725,7015,0
OUST-WS.US,D,20230309,000000,0.15,0.1735,0.15,0.1735,450,0
OUST-WS.US,D,20230310,000000,0.17,0.17,0.16,0.16,3600,0
OUST-WS.US,D,20230313,000000,0.126201,0.1649,0.126201,0.1647,3205,0
OUST-WS.US,D,20230314,000000,0.12,0.1307,0.12,0.13,23500,0
OUST-WS.US,D,20230315,000000,0.13,0.13,0.12,0.12,5796,0
OUST-WS.US,D,20230316,000000,0.14,0.14,0.13,0.13,6060,0
OUST-WS.US,D,20230317,000000,0.13,0.1341,0.12,0.13,50200,0
OUST-WS.US,D,20230320,000000,0.138,0.138,0.13,0.13,2205,0
OUST-WS.US,D,20230321,000000,0.13,0.13,0.12,0.12,12119,0
OUST-WS.US,D,20230322,000000,0.13,0.13325,0.12,0.12,41658,0
OUST-WS.US,D,20230323,000000,0.12,0.12,0.11,0.11,30400,0
OUST-WS.US,D,20230324,000000,0.108,0.12,0.0651,0.0709,43162,0
OUST-WS.US,D,20230327,000000,0.0944,0.11,0.0944,0.1024,35632,0
OUST-WS.US,D,20230328,000000,0.095001,0.1087,0.0799,0.1,39846,0
OUST-WS.US,D,20230329,000000,0.1,0.1179,0.08,0.1179,2110,0
OUST-WS.US,D,20230330,000000,0.1168,0.1179,0.105601,0.1097,17250,0
OUST-WS.US,D,20230331,000000,0.1089,0.1178,0.1001,0.1167,18712,0
OUST-WS.US,D,20230403,000000,0.1178,0.1183,0.067,0.1,167010,0
OUST-WS.US,D,20230404,000000,0.101,0.101,0.0675,0.095,66602,0
OUST-WS.US,D,20230405,000000,0.1013,0.102,0.09,0.101993,312616,0
OUST-WS.US,D,20230406,000000,0.08,0.1,0.079336,0.099,14016,0
OUST-WS.US,D,20230410,000000,0.061,0.0902,0.059977,0.0799,132265,0
OUST-WS.US,D,20230411,000000,0.064,0.083,0.0375,0.06,51860,0
OUST-WS.US,D,20230412,000000,0.0578,0.0848,0.0551,0.070999,49582,0
OUST-WS.US,D,20230413,000000,0.07,0.115,0.0622,0.1,77886,0
OUST-WS.US,D,20230414,000000,0.0713,0.1,0.065,0.07,74063,0
OUST-WS.US,D,20230417,000000,0.0311,0.0799,0.0287,0.06,26517,0
OUST-WS.US,D,20230418,000000,0.052,0.0606,0.052,0.06,13350,0
OUST-WS.US,D,20230419,000000,0.0513,0.07,0.0438,0.06,41417,0
OUST-WS.US,D,20230420,000000,0.0518,0.0808,0.0518,0.07,39224,0
OUST-WS.US,D,20230421,000000,0.0716,0.0809,0.066,0.0716,25978,0
OUST-WS.US,D,20230424,000000,0.07,0.071,0.054,0.0633,10629,0
OUST-WS.US,D,20230425,000000,0.061701,0.07,0.0391,0.067,46158,0
OUST-WS.US,D,20230426,000000,0.0495,0.07,0.0495,0.07,119201,0
OUST-WS.US,D,20230427,000000,0.051,0.0702,0.0424,0.07,27851,0
OUST-WS.US,D,20230428,000000,0.068,0.068,0.051,0.0675,13321,0
OUST-WS.US,D,20230501,000000,0.058001,0.08,0.048,0.08,15255,0
OUST-WS.US,D,20230502,000000,0.05,0.075,0.045,0.0585,95329,0
OUST-WS.US,D,20230503,000000,0.057,0.0652,0.0511,0.057,33090,0
OUST-WS.US,D,20230504,000000,0.0525,0.060001,0.0525,0.0525,800,0
OUST-WS.US,D,20230505,000000,0.0593,0.0676,0.052,0.0676,19690,0
OUST-WS.US,D,20230508,000000,0.06,0.067699,0.06,0.0672,12100,0
OUST-WS.US,D,20230509,000000,0.0526,0.0651,0.0485,0.062,13022,0
OUST-WS.US,D,20230510,000000,0.0615,0.068,0.06,0.06,13300,0
OUST-WS.US,D,20230511,000000,0.0501,0.065,0.0485,0.065,23994,0
OUST-WS.US,D,20230512,000000,0.064,0.0799,0.062594,0.07,36595,0
OUST-WS.US,D,20230515,000000,0.07,0.08,0.0499,0.07,155755,0
OUST-WS.US,D,20230516,000000,0.07,0.075,0.065,0.07,25816,0
OUST-WS.US,D,20230517,000000,0.0593,0.07,0.0593,0.07,4783,0
OUST-WS.US,D,20230518,000000,0.0643,0.07,0.0641,0.0697,13390,0
OUST-WS.US,D,20230519,000000,0.0643,0.069119,0.0615,0.068,18595,0
OUST-WS.US,D,20230522,000000,0.07,0.1,0.0632,0.1,19719,0
OUST-WS.US,D,20230523,000000,0.09,0.1119,0.08,0.08,13726,0
OUST-WS.US,D,20230524,000000,0.11,0.11,0.099,0.1,20702,0
OUST-WS.US,D,20230525,000000,0.098,0.098,0.098,0.098,5401,0
OUST-WS.US,D,20230526,000000,0.115,0.115,0.0596,0.091,31601,0
OUST-WS.US,D,20230530,000000,0.09,0.1108,0.075,0.09,21856,0
OUST-WS.US,D,20230531,000000,0.09,0.109899,0.057,0.085,21054,0
OUST-WS.US,D,20230601,000000,0.09,0.09,0.085,0.085,32654,0
OUST-WS.US,D,20230602,000000,0.1089,0.1118,0.0959,0.096,19258,0
OUST-WS.US,D,20230605,000000,0.089,0.1066,0.07,0.089,23250,0
OUST-WS.US,D,20230606,000000,0.09,0.09,0.082,0.082,41978,0
OUST-WS.US,D,20230607,000000,0.053,0.115,0.0526,0.11,13901,0
OUST-WS.US,D,20230608,000000,0.08,0.08,0.0551,0.08,11350,0
OUST-WS.US,D,20230609,000000,0.0707,0.0707,0.07,0.07,800,0
OUST-WS.US,D,20230612,000000,0.09,0.09,0.082,0.086,5100,0
OUST-WS.US,D,20230613,000000,0.08,0.09,0.0558,0.08,80600,0
OUST-WS.US,D,20230614,000000,0.07,0.0848,0.07,0.08,11476,0
OUST-WS.US,D,20230615,000000,0.07,0.07,0.07,0.07,12324,0
OUST-WS.US,D,20230620,000000,0.0722,0.0722,0.0722,0.0722,2000,0
OUST-WS.US,D,20230622,000000,0.078,0.12,0.0604,0.07099,16600,0
OUST-WS.US,D,20230623,000000,0.071,0.0717,0.07,0.071,23430,0
OUST-WS.US,D,20230626,000000,0.08,0.08,0.0673,0.0673,5200,0
OUST-WS.US,D,20230627,000000,0.098,0.107,0.066,0.0669,13100,0
OUST-WS.US,D,20230628,000000,0.075101,0.075101,0.075,0.075,17780,0
OUST-WS.US,D,20230629,000000,0.07,0.0995,0.07,0.07,27139,0
OUST-WS.US,D,20230630,000000,0.07,0.095,0.06,0.06,28144,0
OUST-WS.US,D,20230703,000000,0.06,0.072051,0.055,0.072049,77666,0
OUST-WS.US,D,20230705,000000,0.07,0.0775,0.0606,0.0687,13173,0
OUST-WS.US,D,20230706,000000,0.069,0.0739,0.06,0.065,202127,0
OUST-WS.US,D,20230707,000000,0.065,0.077599,0.06,0.06,135240,0
OUST-WS.US,D,20230710,000000,0.06,0.07,0.0594,0.06,321616,0
OUST-WS.US,D,20230711,000000,0.065,0.065,0.04,0.06,187983,0
OUST-WS.US,D,20230712,000000,0.0523,0.063,0.0523,0.0628,5500,0
OUST-WS.US,D,20230713,000000,0.0774,0.1077,0.0774,0.0776,16339,0
OUST-WS.US,D,20230714,000000,0.0626,0.0626,0.062,0.062,4200,0
OUST-WS.US,D,20230717,000000,0.07,0.07,0.063,0.063,7163,0
OUST-WS.US,D,20230719,000000,0.099,0.12,0.07,0.099,30218,0
OUST-WS.US,D,20230720,000000,0.101,0.11,0.0709,0.1,3761,0
OUST-WS.US,D,20230724,000000,0.0707,0.1001,0.07,0.1,3524,0
OUST-WS.US,D,20230725,000000,0.090001,0.1,0.07,0.0998,9845,0
OUST-WS.US,D,20230727,000000,0.09,0.0998,0.09,0.0995,1454,0
OUST-WS.US,D,20230728,000000,0.0985,0.0995,0.08,0.08,9161,0
OUST-WS.US,D,20230731,000000,0.0708,0.08,0.065,0.08,24546,0
OUST-WS.US,D,20230801,000000,0.09,0.1225,0.09,0.12,41041,0
OUST-WS.US,D,20230802,000000,0.11,0.12,0.100101,0.12,12055,0
OUST-WS.US,D,20230803,000000,0.1,0.11,0.1,0.1,18401,0
OUST-WS.US,D,20230804,000000,0.1,0.105,0.1,0.1,76388,0
OUST-WS.US,D,20230807,000000,0.073,0.073,0.063,0.0724,17173,0
OUST-WS.US,D,20230808,000000,0.0984,0.1,0.0899,0.0899,3111,0
OUST-WS.US,D,20230809,000000,0.079651,0.1,0.0611,0.1,13856,0
OUST-WS.US,D,20230810,000000,0.088599,0.095,0.088599,0.095,2416,0
OUST-WS.US,D,20230811,000000,0.07,0.12,0.07,0.12,25841,0
OUST-WS.US,D,20230814,000000,0.1188,0.12,0.1,0.12,3765,0
OUST-WS.US,D,20230815,000000,0.12,0.12,0.105,0.11,10477,0
OUST-WS.US,D,20230816,000000,0.121251,0.121251,0.105101,0.105101,1500,0
OUST-WS.US,D,20230817,000000,0.11,0.11,0.11,0.11,20261,0
OUST-WS.US,D,20230818,000000,0.0901,0.14,0.0901,0.14,7250,0
OUST-WS.US,D,20230821,000000,0.1337,0.1475,0.1337,0.1475,700,0
OUST-WS.US,D,20230822,000000,0.12,0.12,0.1,0.1,18300,0
OUST-WS.US,D,20230823,000000,0.1,0.11,0.1,0.109899,6321,0
OUST-WS.US,D,20230825,000000,0.092,0.092,0.092,0.092,2100,0
OUST-WS.US,D,20230828,000000,0.0909,0.125,0.09,0.0987,29760,0
OUST-WS.US,D,20230829,000000,0.0901,0.125,0.07,0.12,7850,0
OUST-WS.US,D,20230830,000000,0.0741,0.15,0.07,0.15,20200,0
OUST-WS.US,D,20230901,000000,0.14,0.14,0.1362,0.137063,4550,0
OUST-WS.US,D,20230905,000000,0.1101,0.1397,0.092,0.1397,7750,0
OUST-WS.US,D,20230907,000000,0.095101,0.1397,0.095101,0.1328,9627,0
OUST-WS.US,D,20230911,000000,0.103,0.1375,0.09,0.1374,7131,0
OUST-WS.US,D,20230912,000000,0.091,0.12,0.091,0.12,2199,0
OUST-WS.US,D,20230914,000000,0.0959,0.1093,0.0912,0.1093,6600,0
OUST-WS.US,D,20230915,000000,0.12,0.129,0.092101,0.1199,22800,0
OUST-WS.US,D,20230918,000000,0.1011,0.1011,0.1011,0.1011,200,0
OUST-WS.US,D,20230919,000000,0.0969,0.118,0.096,0.1179,20000,0
OUST-WS.US,D,20230921,000000,0.0999,0.108,0.099,0.108,3750,0
OUST-WS.US,D,20230922,000000,0.0999,0.14,0.099,0.14,1665,0
OUST-WS.US,D,20230925,000000,0.1271,0.1271,0.12,0.12,5290,0
OUST-WS.US,D,20230926,000000,0.1002,0.1207,0.1002,0.1207,1558,0
OUST-WS.US,D,20230928,000000,0.115,0.12,0.115,0.12,1475,0
OUST-WS.US,D,20230929,000000,0.115,0.12,0.115,0.12,1560,0
OUST-WS.US,D,20231003,000000,0.1076,0.12,0.0944,0.12,5066,0
OUST-WS.US,D,20231005,000000,0.12,0.12,0.12,0.12,100,0
OUST-WS.US,D,20231009,000000,0.119899,0.12,0.0899,0.12,41050,0
OUST-WS.US,D,20231011,000000,0.125,0.125,0.125,0.125,1001,0
OUST-WS.US,D,20231012,000000,0.1001,0.125,0.0801,0.12,3180,0
OUST-WS.US,D,20231016,000000,0.125,0.1334,0.118301,0.1334,21434,0
OUST-WS.US,D,20231017,000000,0.1374,0.1374,0.1362,0.1374,500,0
OUST-WS.US,D,20231019,000000,0.13,0.13,0.08,0.1091,10702,0
OUST-WS.US,D,20231020,000000,0.0801,0.1101,0.0801,0.1101,5100,0
OUST-WS.US,D,20231023,000000,0.091987,0.12,0.091987,0.1179,8861,0
OUST-WS.US,D,20231024,000000,0.0959,0.1285,0.089899,0.12,8733,0
OUST-WS.US,D,20231026,000000,0.118,0.118,0.118,0.118,1101,0
OUST-WS.US,D,20231027,000000,0.08,0.12,0.08,0.1129,28277,0
OUST-WS.US,D,20231030,000000,0.0929,0.12,0.075,0.12,9289,0
OUST-WS.US,D,20231031,000000,0.10049,0.12,0.10049,0.114661,9000,0
OUST-WS.US,D,20231101,000000,0.095,0.095,0.0725,0.0725,35118,0
OUST-WS.US,D,20231102,000000,0.0919,0.101,0.0774,0.082,24212,0
OUST-WS.US,D,20231103,000000,0.084,0.098,0.061,0.0799,46797,0
OUST-WS.US,D,20231106,000000,0.09,0.0901,0.08,0.08,8081,0
OUST-WS.US,D,20231107,000000,0.070591,0.0924,0.070591,0.072,30417,0
OUST-WS.US,D,20231108,000000,0.088,0.1175,0.0756,0.0756,33739,0
OUST-WS.US,D,20231109,000000,0.0808,0.0986,0.08,0.08,19280,0
OUST-WS.US,D,20231110,000000,0.1089,0.1175,0.08,0.1,37228,0
OUST-WS.US,D,20231113,000000,0.1175,0.1175,0.08,0.08,13185,0
OUST-WS.US,D,20231114,000000,0.0818,0.115,0.081,0.09,20652,0
OUST-WS.US,D,20231115,000000,0.09,0.105,0.0856,0.1,12652,0
OUST-WS.US,D,20231116,000000,0.081,0.09,0.075,0.08,20576,0
OUST-WS.US,D,20231117,000000,0.0832,0.087,0.0832,0.084001,11270,0
OUST-WS.US,D,20231120,000000,0.087,0.088,0.08,0.08,2662,0
OUST-WS.US,D,20231121,000000,0.08,0.08,0.08,0.08,400,0
OUST-WS.US,D,20231122,000000,0.08,0.08,0.0799,0.08,2338,0
OUST-WS.US,D,20231124,000000,0.085,0.089,0.0849,0.089,3650,0
OUST-WS.US,D,20231127,000000,0.09,0.1,0.0891,0.099899,30601,0
OUST-WS.US,D,20231128,000000,0.0891,0.1,0.075,0.0894,27209,0
OUST-WS.US,D,20231129,000000,0.0758,0.09,0.075,0.09,5000,0
OUST-WS.US,D,20231130,000000,0.0889,0.1,0.083,0.0999,16414,0
OUST-WS.US,D,20231201,000000,0.104,0.11,0.0899,0.1,52107,0
OUST-WS.US,D,20231204,000000,0.1,0.11,0.1,0.1,23422,0
OUST-WS.US,D,20231205,000000,0.1,0.1,0.095,0.1,14811,0
OUST-WS.US,D,20231206,000000,0.1,0.1,0.1,0.1,250,0
OUST-WS.US,D,20231207,000000,0.1,0.1,0.095,0.095,19400,0
OUST-WS.US,D,20231208,000000,0.095,0.1,0.0915,0.0999,1861,0
OUST-WS.US,D,20231211,000000,0.0934,0.0934,0.0922,0.0922,8909,0
OUST-WS.US,D,20231212,000000,0.095,0.11,0.095,0.100001,3217,0
OUST-WS.US,D,20231213,000000,0.09,0.09,0.087,0.09,27590,0
OUST-WS.US,D,20231214,000000,0.09,0.09,0.0875,0.0881,4723,0
OUST-WS.US,D,20231215,000000,0.088,0.0883,0.082,0.082,40201,0
OUST-WS.US,D,20231218,000000,0.082,0.082,0.0651,0.0651,31515,0
OUST-WS.US,D,20231219,000000,0.0715,0.085,0.0715,0.0735,17325,0
OUST-WS.US,D,20231220,000000,0.0735,0.085,0.0701,0.085,21405,0
OUST-WS.US,D,20231222,000000,0.0825,0.085,0.08,0.08,2719,0
OUST-WS.US,D,20231226,000000,0.08,0.09,0.08,0.0899,19050,0
OUST-WS.US,D,20231227,000000,0.0914,0.0914,0.087,0.0914,5507,0
OUST-WS.US,D,20231228,000000,0.087,0.0882,0.0825,0.0825,7375,0
OUST-WS.US,D,20231229,000000,0.0825,0.11,0.066,0.072,45079,0
OUST-WS.US,D,20240102,000000,0.09,0.09,0.0751,0.087499,3900,0
OUST-WS.US,D,20240103,000000,0.1,0.1,0.0771,0.0771,892,0
OUST-WS.US,D,20240104,000000,0.0853,0.0853,0.0853,0.0853,1000,0
OUST-WS.US,D,20240105,000000,0.085,0.085,0.085,0.085,6073,0
OUST-WS.US,D,20240108,000000,0.089899,0.089899,0.0832,0.08509,8872,0
OUST-WS.US,D,20240109,000000,0.0891,0.1,0.0891,0.1,23478,0
OUST-WS.US,D,20240110,000000,0.1,0.1,0.08,0.1,314219,0
OUST-WS.US,D,20240111,000000,0.1,0.1098,0.0832,0.1,41284,0
OUST-WS.US,D,20240117,000000,0.083,0.091501,0.083,0.091501,6891,0
OUST-WS.US,D,20240118,000000,0.0839,0.0839,0.0839,0.0839,237,0
OUST-WS.US,D,20240119,000000,0.083,0.091501,0.083,0.091501,3320,0
OUST-WS.US,D,20240122,000000,0.083,0.0901,0.083,0.0901,3723,0
OUST-WS.US,D,20240124,000000,0.0891,0.09,0.0891,0.09,1000,0
OUST-WS.US,D,20240125,000000,0.1,0.1,0.083,0.088696,2000,0
OUST-WS.US,D,20240126,000000,0.0831,0.0866,0.0831,0.0866,2476,0
OUST-WS.US,D,20240129,000000,0.077,0.0898,0.0661,0.0855,70714,0
OUST-WS.US,D,20240130,000000,0.071,0.095,0.071,0.0823,4800,0
OUST-WS.US,D,20240131,000000,0.09,0.09,0.09,0.09,1000,0
OUST-WS.US,D,20240201,000000,0.0728,0.08,0.071,0.08,2020,0
OUST-WS.US,D,20240202,000000,0.0798,0.09,0.0798,0.09,6745,0
OUST-WS.US,D,20240205,000000,0.0718,0.09,0.071,0.09,3955,0
OUST-WS.US,D,20240207,000000,0.087,0.087,0.0711,0.0731,15053,0
OUST-WS.US,D,20240208,000000,0.075,0.0775,0.0733,0.0751,27610,0
OUST-WS.US,D,20240209,000000,0.0745,0.0775,0.074067,0.0775,9766,0
OUST-WS.US,D,20240212,000000,0.0792,0.081,0.071,0.071,15175,0
OUST-WS.US,D,20240213,000000,0.073,0.08,0.072,0.08,19079,0
OUST-WS.US,D,20240214,000000,0.0793,0.081,0.0751,0.0785,9666,0
OUST-WS.US,D,20240215,000000,0.0803,0.081,0.078,0.078,1659,0
OUST-WS.US,D,20240216,000000,0.081,0.082,0.0788,0.0788,26956,0
OUST-WS.US,D,20240220,000000,0.067,0.085,0.067,0.0799,43710,0
OUST-WS.US,D,20240221,000000,0.0799,0.0799,0.067,0.0686,2758,0
OUST-WS.US,D,20240222,000000,0.0842,0.085,0.061,0.0802,6648,0
OUST-WS.US,D,20240223,000000,0.0792,0.08,0.068,0.0686,17626,0
OUST-WS.US,D,20240226,000000,0.068,0.0686,0.0611,0.0611,12749,0
OUST-WS.US,D,20240227,000000,0.061,0.09,0.061,0.0612,21081,0
OUST-WS.US,D,20240228,000000,0.09,0.095,0.09,0.095,15677,0
OUST-WS.US,D,20240229,000000,0.0921,0.093,0.0775,0.09,12676,0
OUST-WS.US,D,20240301,000000,0.0775,0.09,0.0775,0.09,61065,0
OUST-WS.US,D,20240305,000000,0.09,0.09,0.065,0.09,7185,0
OUST-WS.US,D,20240306,000000,0.089899,0.09,0.08,0.08999,5400,0
OUST-WS.US,D,20240307,000000,0.08005,0.089,0.0711,0.089,17731,0
OUST-WS.US,D,20240308,000000,0.08055,0.089,0.08055,0.089,5100,0
OUST-WS.US,D,20240311,000000,0.0722,0.089,0.0722,0.089,23454,0
OUST-WS.US,D,20240312,000000,0.0888,0.0888,0.04,0.07,80558,0
OUST-WS.US,D,20240313,000000,0.067499,0.085,0.067499,0.0849,2900,0
OUST-WS.US,D,20240314,000000,0.071,0.08,0.071,0.08,2880,0
OUST-WS.US,D,20240315,000000,0.07969,0.0797,0.0789,0.0796,2250,0
OUST-WS.US,D,20240318,000000,0.0789,0.0797,0.062,0.075718,8600,0
OUST-WS.US,D,20240319,000000,0.0768,0.0836,0.0605,0.08,25471,0
OUST-WS.US,D,20240320,000000,0.07325,0.07892,0.07325,0.07892,5002,0
OUST-WS.US,D,20240321,000000,0.066601,0.09,0.066601,0.072,29731,0
OUST-WS.US,D,20240322,000000,0.0837,0.0845,0.0701,0.0825,12400,0
OUST-WS.US,D,20240325,000000,0.072,0.0825,0.0702,0.08,23717,0
OUST-WS.US,D,20240326,000000,0.08,0.08,0.0501,0.08,24977,0
OUST-WS.US,D,20240327,000000,0.094,0.094,0.0732,0.08,46471,0
OUST-WS.US,D,20240328,000000,0.0635,0.0825,0.0635,0.0825,125196,0
OUST-WS.US,D,20240401,000000,0.0825,0.2,0.0795,0.1432,866509,0
OUST-WS.US,D,20240402,000000,0.121,0.121,0.06,0.08,582132,0
OUST-WS.US,D,20240403,000000,0.0803,0.081,0.075,0.0751,44228,0
OUST-WS.US,D,20240404,000000,0.08,0.0898,0.057,0.0702,196718,0
OUST-WS.US,D,20240405,000000,0.0729,0.089899,0.0722,0.0751,27426,0
OUST-WS.US,D,20240408,000000,0.0815,0.085,0.0815,0.085,10336,0
OUST-WS.US,D,20240409,000000,0.0701,0.0701,0.0611,0.062549,19826,0
OUST-WS.US,D,20240410,000000,0.0743,0.075,0.0743,0.0749,2137,0
OUST-WS.US,D,20240411,000000,0.0712,0.072,0.05895,0.06,76038,0
OUST-WS.US,D,20240412,000000,0.0549,0.0591,0.054,0.059,16436,0
OUST-WS.US,D,20240415,000000,0.0589,0.08,0.0589,0.08,76227,0
OUST-WS.US,D,20240416,000000,0.0655,0.0661,0.0602,0.0602,50920,0
OUST-WS.US,D,20240417,000000,0.0743,0.075,0.0699,0.0699,5300,0
OUST-WS.US,D,20240418,000000,0.0616,0.07,0.061,0.069899,17728,0
OUST-WS.US,D,20240419,000000,0.0615,0.074,0.0615,0.0675,4848,0
OUST-WS.US,D,20240422,000000,0.067901,0.067901,0.054899,0.055,16563,0
OUST-WS.US,D,20240423,000000,0.054,0.0643,0.054,0.0643,13761,0
OUST-WS.US,D,20240424,000000,0.06,0.067,0.054,0.0669,111468,0
OUST-WS.US,D,20240425,000000,0.0551,0.077,0.0545,0.0626,58656,0
OUST-WS.US,D,20240426,000000,0.065,0.0862,0.064,0.081,52109,0
OUST-WS.US,D,20240429,000000,0.084,0.089,0.0612,0.0774,117708,0
OUST-WS.US,D,20240430,000000,0.085,0.09,0.0612,0.0655,57878,0
OUST-WS.US,D,20240501,000000,0.0808,0.09,0.0713,0.0713,42585,0
OUST-WS.US,D,20240502,000000,0.0891,0.09,0.071,0.0725,5600,0
OUST-WS.US,D,20240503,000000,0.085,0.095,0.0623,0.0623,22356,0
OUST-WS.US,D,20240506,000000,0.0832,0.09,0.0715,0.073,15466,0
OUST-WS.US,D,20240507,000000,0.0947,0.0947,0.0731,0.0898,31901,0
OUST-WS.US,D,20240508,000000,0.081,0.09,0.075,0.075,35100,0
OUST-WS.US,D,20240509,000000,0.0792,0.082,0.052,0.065,67921,0
OUST-WS.US,D,20240510,000000,0.0771,0.087,0.0733,0.07331,55563,0
OUST-WS.US,D,20240513,000000,0.0784,0.08,0.07,0.08,16100,0
OUST-WS.US,D,20240514,000000,0.08,0.08,0.07253,0.08,6000,0
OUST-WS.US,D,20240515,000000,0.08,0.08,0.053,0.0799,97200,0
OUST-WS.US,D,20240516,000000,0.0764,0.0869,0.0746,0.082899,62617,0
OUST-WS.US,D,20240517,000000,0.0568,0.0727,0.0568,0.0727,1502,0
OUST-WS.US,D,20240520,000000,0.0799,0.08,0.07,0.0767,20960,0
OUST-WS.US,D,20240521,000000,0.078,0.08,0.0687,0.0687,27110,0
OUST-WS.US,D,20240522,000000,0.0707,0.0707,0.053,0.07,13944,0
OUST-WS.US,D,20240523,000000,0.0707,0.075,0.0585,0.065,12442,0
OUST-WS.US,D,20240524,000000,0.0646,0.068051,0.0593,0.065,7730,0
OUST-WS.US,D,20240528,000000,0.06,0.07386,0.0561,0.0561,47670,0
OUST-WS.US,D,20240529,000000,0.0575,0.0575,0.05,0.0534,23200,0
OUST-WS.US,D,20240530,000000,0.06,0.062,0.0546,0.06,35033,0
OUST-WS.US,D,20240531,000000,0.056,0.061499,0.0546,0.061499,6570,0
OUST-WS.US,D,20240603,000000,0.06,0.06,0.0561,0.06,550,0
OUST-WS.US,D,20240604,000000,0.058,0.0677,0.058,0.06,29736,0
OUST-WS.US,D,20240605,000000,0.0553,0.055301,0.0548,0.055301,38078,0
OUST-WS.US,D,20240606,000000,0.055,0.064,0.055,0.064,4825,0
OUST-WS.US,D,20240611,000000,0.05885,0.05885,0.05885,0.05885,2500,0
OUST-WS.US,D,20240613,000000,0.05745,0.0589,0.056,0.056,1100,0
OUST-WS.US,D,20240614,000000,0.056,0.056,0.056,0.056,510,0
OUST-WS.US,D,20240617,000000,0.0577,0.0577,0.057,0.0577,4872,0
OUST-WS.US,D,20240618,000000,0.06,0.065,0.056,0.065,92127,0
OUST-WS.US,D,20240620,000000,0.056,0.06,0.05,0.06,30550,0
OUST-WS.US,D,20240621,000000,0.062,0.062,0.058,0.058,12200,0
OUST-WS.US,D,20240625,000000,0.06,0.065,0.0581,0.0581,50100,0
OUST-WS.US,D,20240626,000000,0.065,0.08,0.0582,0.074,24598,0
OUST-WS.US,D,20240628,000000,0.074,0.0769,0.0635,0.0719,12947,0
OUST-WS.US,D,20240701,000000,0.0599,0.0602,0.0543,0.0543,2306,0
OUST-WS.US,D,20240702,000000,0.0589,0.0589,0.0536,0.0556,34873,0
OUST-WS.US,D,20240705,000000,0.057,0.0574,0.05225,0.05225,10754,0
OUST-WS.US,D,20240708,000000,0.054,0.08,0.054,0.0799,6720,0
OUST-WS.US,D,20240709,000000,0.0644,0.068,0.0644,0.068,2443,0
OUST-WS.US,D,20240710,000000,0.0792,0.08,0.0583,0.0583,2300,0
OUST-WS.US,D,20240711,000000,0.0556,0.075,0.0551,0.07,11256,0
OUST-WS.US,D,20240712,000000,0.06,0.07,0.059899,0.0697,33707,0
OUST-WS.US,D,20240715,000000,0.07,0.075,0.06,0.06,176508,0
OUST-WS.US,D,20240716,000000,0.07,0.07,0.06,0.0624,135053,0
OUST-WS.US,D,20240717,000000,0.0691,0.07,0.0575,0.064949,81559,0
OUST-WS.US,D,20240718,000000,0.0612,0.0612,0.06,0.06,4720,0
OUST-WS.US,D,20240719,000000,0.06,0.06,0.055,0.0562,2246,0
OUST-WS.US,D,20240722,000000,0.057099,0.0592,0.057099,0.0592,1933,0
OUST-WS.US,D,20240723,000000,0.0561,0.060101,0.0561,0.06,7325,0
OUST-WS.US,D,20240724,000000,0.06,0.06,0.0553,0.0557,3769,0
OUST-WS.US,D,20240725,000000,0.058,0.0604,0.056,0.059,21897,0
OUST-WS.US,D,20240726,000000,0.056,0.07,0.053999,0.055,15256,0
OUST-WS.US,D,20240730,000000,0.0604,0.065,0.0471,0.049271,23946,0
OUST-WS.US,D,20240731,000000,0.0602,0.065,0.06,0.0648,7249,0
OUST-WS.US,D,20240801,000000,0.060001,0.06405,0.0581,0.06405,13481,0
OUST-WS.US,D,20240805,000000,0.063,0.065,0.063,0.065,6500,0
OUST-WS.US,D,20240806,000000,0.0583,0.064844,0.0578,0.06,27496,0
OUST-WS.US,D,20240809,000000,0.0644,0.065,0.0644,0.065,5024,0
OUST-WS.US,D,20240812,000000,0.0606,0.065,0.047,0.047,16708,0
OUST-WS.US,D,20240813,000000,0.047,0.065,0.047,0.0633,5200,0
OUST-WS.US,D,20240814,000000,0.07,0.07,0.0585,0.0585,5101,0
OUST-WS.US,D,20240815,000000,0.0596,0.0682,0.0525,0.06,12300,0
OUST-WS.US,D,20240816,000000,0.0625,0.062601,0.0625,0.062601,800,0
OUST-WS.US,D,20240819,000000,0.0625,0.0674,0.0624,0.0674,18446,0
OUST-WS.US,D,20240820,000000,0.0591,0.0625,0.0525,0.0625,10856,0
OUST-WS.US,D,20240821,000000,0.06,0.06,0.0533,0.0533,55524,0
OUST-WS.US,D,20240822,000000,0.06,0.06,0.0592,0.06,3200,0
OUST-WS.US,D,20240823,000000,0.06,0.06,0.06,0.06,200,0
OUST-WS.US,D,20240827,000000,0.0538,0.06,0.0538,0.06,10128,0
OUST-WS.US,D,20240830,000000,0.053401,0.0555,0.053401,0.0554,61413,0
OUST-WS.US,D,20240904,000000,0.055,0.06,0.055,0.06,4206,0
OUST-WS.US,D,20240905,000000,0.05505,0.06,0.05505,0.06,6600,0
OUST-WS.US,D,20240910,000000,0.0594,0.06,0.0594,0.06,16000,0
OUST-WS.US,D,20240911,000000,0.0505,0.06,0.05,0.05755,8628,0
OUST-WS.US,D,20240912,000000,0.0594,0.06,0.0575,0.06,2600,0
OUST-WS.US,D,20240913,000000,0.050101,0.06,0.05,0.0587,51697,0
OUST-WS.US,D,20240916,000000,0.0585,0.0675,0.0551,0.0551,19220,0
OUST-WS.US,D,20240917,000000,0.0594,0.06,0.055,0.06,10778,0
OUST-WS.US,D,20240919,000000,0.0596,0.0596,0.0596,0.0596,202,0
OUST-WS.US,D,20240920,000000,0.059,0.0591,0.059,0.0591,320,0
OUST-WS.US,D,20240923,000000,0.0435,0.06,0.0435,0.0599,20951,0
OUST-WS.US,D,20240925,000000,0.06,0.07,0.056,0.056,87356,0
OUST-WS.US,D,20240927,000000,0.0591,0.06,0.059,0.06,2556,0
OUST-WS.US,D,20240930,000000,0.06,0.06,0.055,0.06,7940,0
OUST-WS.US,D,20241001,000000,0.0555,0.06,0.0549,0.06,21826,0
OUST-WS.US,D,20241002,000000,0.0595,0.06,0.0595,0.0599,1397,0
OUST-WS.US,D,20241003,000000,0.06,0.06,0.0595,0.0596,34657,0
OUST-WS.US,D,20241004,000000,0.0496,0.06,0.0496,0.0594,19300,0
OUST-WS.US,D,20241007,000000,0.06,0.06,0.0596,0.0596,10998,0
OUST-WS.US,D,20241008,000000,0.064899,0.065,0.0644,0.065,22400,0
OUST-WS.US,D,20241009,000000,0.0586,0.0586,0.0489,0.055,53853,0
OUST-WS.US,D,20241011,000000,0.059,0.069,0.059,0.0635,15862,0
OUST-WS.US,D,20241014,000000,0.0689,0.0689,0.055,0.0571,17294,0
OUST-WS.US,D,20241016,000000,0.0629,0.0689,0.057,0.0596,53002,0
OUST-WS.US,D,20241017,000000,0.06,0.069999,0.0576,0.065,88930,0
OUST-WS.US,D,20241018,000000,0.0656,0.0656,0.0581,0.063576,32569,0
OUST-WS.US,D,20241021,000000,0.068799,0.07,0.06,0.06,46410,0
OUST-WS.US,D,20241022,000000,0.065,0.067,0.051,0.059,50340,0
OUST-WS.US,D,20241023,000000,0.06,0.07,0.06,0.06,15063,0
OUST-WS.US,D,20241024,000000,0.064901,0.064901,0.06,0.062794,1200,0
OUST-WS.US,D,20241025,000000,0.0698,0.0698,0.0698,0.0698,235,0
OUST-WS.US,D,20241028,000000,0.0515,0.0698,0.0501,0.065,28553,0
OUST-WS.US,D,20241029,000000,0.064899,0.064899,0.048249,0.0595,31702,0
OUST-WS.US,D,20241030,000000,0.055,0.055,0.049499,0.05,18080,0
OUST-WS.US,D,20241031,000000,0.0535,0.055,0.0491,0.05,33677,0
OUST-WS.US,D,20241101,000000,0.054,0.0623,0.054,0.0601,58688,0
OUST-WS.US,D,20241104,000000,0.057299,0.065,0.0503,0.065,43971,0
OUST-WS.US,D,20241105,000000,0.0644,0.065,0.0547,0.06,37646,0
OUST-WS.US,D,20241106,000000,0.0505,0.060001,0.041,0.06,88050,0
OUST-WS.US,D,20241107,000000,0.0644,0.0925,0.0451,0.0604,248145,0
OUST-WS.US,D,20241108,000000,0.0606,0.0651,0.0553,0.0553,23510,0
OUST-WS.US,D,20241111,000000,0.07875,0.07875,0.0553,0.0555,180447,0
OUST-WS.US,D,20241112,000000,0.065,0.065,0.05,0.05,67473,0
OUST-WS.US,D,20241113,000000,0.0598,0.0623,0.0498,0.0585,114133,0
OUST-WS.US,D,20241114,000000,0.0598,0.0598,0.0545,0.055,172675,0
OUST-WS.US,D,20241115,000000,0.055,0.0588,0.0512,0.0588,192464,0
OUST-WS.US,D,20241118,000000,0.0555,0.06,0.055,0.0598,23317,0
OUST-WS.US,D,20241119,000000,0.0598,0.073,0.053,0.053,76235,0
OUST-WS.US,D,20241120,000000,0.072,0.072,0.0583,0.0635,2300,0
OUST-WS.US,D,20241121,000000,0.0589,0.0599,0.05,0.0588,58632,0
OUST-WS.US,D,20241122,000000,0.0645,0.0645,0.0498,0.055,145630,0
OUST-WS.US,D,20241125,000000,0.0635,0.065,0.0603,0.0624,32000,0
OUST-WS.US,D,20241126,000000,0.0682,0.072,0.065,0.0699,202224,0
OUST-WS.US,D,20241127,000000,0.066,0.0719,0.066,0.071,31075,0
OUST-WS.US,D,20241129,000000,0.072,0.075,0.068,0.0749,9344,0
OUST-WS.US,D,20241202,000000,0.075,0.08,0.0566,0.068,264671,0
OUST-WS.US,D,20241203,000000,0.0695,0.07,0.069409,0.07,26766,0
OUST-WS.US,D,20241204,000000,0.0606,0.07,0.06,0.065499,6300,0
OUST-WS.US,D,20241205,000000,0.0645,0.069,0.0645,0.069,6857,0
OUST-WS.US,D,20241206,000000,0.069,0.0723,0.06,0.0723,79526,0
OUST-WS.US,D,20241209,000000,0.0607,0.0755,0.0601,0.07,26209,0
OUST-WS.US,D,20241210,000000,0.0684,0.069,0.0556,0.06,310348,0
OUST-WS.US,D,20241211,000000,0.064251,0.0685,0.0587,0.0587,29350,0
OUST-WS.US,D,20241212,000000,0.0555,0.065,0.055,0.062151,51528,0
OUST-WS.US,D,20241213,000000,0.065,0.065,0.059,0.06,40172,0
OUST-WS.US,D,20241216,000000,0.0648,0.0759,0.062,0.063,46518,0
OUST-WS.US,D,20241217,000000,0.065,0.09,0.055,0.0875,193279,0
OUST-WS.US,D,20241218,000000,0.08,0.08,0.07,0.0753,51093,0
OUST-WS.US,D,20241219,000000,0.0842,0.09,0.07,0.0899,42674,0
OUST-WS.US,D,20241220,000000,0.08,0.09,0.0687,0.09,42525,0
