<TICKER>,<PER>,<DATE>,<TIME>,<OPEN>,<HIGH>,<LOW>,<CLOSE>,<VOL>,<OPENINT>
AEVA-WS.US,D,20210316,000000,5.41,5.8,4.67,5.03,202469,0
AEVA-WS.US,D,20210317,000000,4.66,5.2,4.4101,4.78,232896,0
AEVA-WS.US,D,20210318,000000,5.01,5.04,4.5,4.67,195545,0
AEVA-WS.US,D,20210319,000000,4.95,5.1,4.52,5.05,74569,0
AEVA-WS.US,D,20210322,000000,5.11,5.355,4.87,4.87,50693,0
AEVA-WS.US,D,20210323,000000,4.41,4.84,4.26,4.46,115169,0
AEVA-WS.US,D,20210324,000000,4.78,4.78,3.33,3.64,237213,0
AEVA-WS.US,D,20210325,000000,3.34,3.55,3.2,3.49,120243,0
AEVA-WS.US,D,20210326,000000,3.67,3.87,3.41,3.63,42858,0
AEVA-WS.US,D,20210329,000000,3.66,3.66,3.462,3.462,47459,0
AEVA-WS.US,D,20210330,000000,3.2,3.29,2.91,3.21,87619,0
AEVA-WS.US,D,20210331,000000,3.28,3.33,2.66,3.32,64867,0
AEVA-WS.US,D,20210401,000000,3.54,3.77,3.39,3.77,43965,0
AEVA-WS.US,D,20210405,000000,3.85,3.95,3.62,3.8,44035,0
AEVA-WS.US,D,20210406,000000,3.99,4.09,3.57,3.91,22366,0
AEVA-WS.US,D,20210407,000000,4,4.19,3.61,3.75,12089,0
AEVA-WS.US,D,20210408,000000,3.98,3.98,3.31,3.9,26832,0
AEVA-WS.US,D,20210409,000000,4.04,4.27,3.66,3.76,29309,0
AEVA-WS.US,D,20210412,000000,3.85,3.85,3.26,3.46,23065,0
AEVA-WS.US,D,20210413,000000,3.7,3.7,3.05,3.3,64431,0
AEVA-WS.US,D,20210414,000000,3.48,3.48,2.86,3,59632,0
AEVA-WS.US,D,20210415,000000,3.29,3.29,2.55,2.66,71686,0
AEVA-WS.US,D,20210416,000000,2.88,2.88,2.5,2.85,51407,0
AEVA-WS.US,D,20210419,000000,2.58,3.04,2.24,2.56,111182,0
AEVA-WS.US,D,20210420,000000,2.85,2.85,2.17,2.25,56673,0
AEVA-WS.US,D,20210421,000000,2.15,2.4383,1.91,2.42,247282,0
AEVA-WS.US,D,20210422,000000,2.4,2.6799,2.3114,2.4,41492,0
AEVA-WS.US,D,20210423,000000,2.32,2.725,2.32,2.47,18868,0
AEVA-WS.US,D,20210426,000000,2.73,2.99,2.62,2.8044,40673,0
AEVA-WS.US,D,20210427,000000,2.99,2.99,2.8,2.83,20283,0
AEVA-WS.US,D,20210428,000000,2.61,2.91,2.6,2.77,55453,0
AEVA-WS.US,D,20210429,000000,2.9,2.9,2.6,2.66,31488,0
AEVA-WS.US,D,20210430,000000,2.44,2.71,2.42,2.52,11721,0
AEVA-WS.US,D,20210503,000000,2.65,2.65,2.36,2.65,28355,0
AEVA-WS.US,D,20210504,000000,2.55,2.65,2.2,2.595,36612,0
AEVA-WS.US,D,20210505,000000,2.44,2.7999,2.44,2.65,13094,0
AEVA-WS.US,D,20210506,000000,2.61,2.74,2.35,2.5,81166,0
AEVA-WS.US,D,20210507,000000,2.42,2.79,2.32,2.34,11096,0
AEVA-WS.US,D,20210510,000000,2.33,2.35,2,2.13,24367,0
AEVA-WS.US,D,20210511,000000,1.9,2.25,1.89,2.21,180488,0
AEVA-WS.US,D,20210512,000000,1.9201,2.1,1.8847,1.96,14132,0
AEVA-WS.US,D,20210513,000000,1.95,1.95,1.68,1.76,18546,0
AEVA-WS.US,D,20210514,000000,1.83,2.3,1.83,2.04,82970,0
AEVA-WS.US,D,20210517,000000,2.06,2.06,1.82,1.99,53001,0
AEVA-WS.US,D,20210518,000000,1.925,2.3,1.925,2.11,25826,0
AEVA-WS.US,D,20210519,000000,2.11,2.2,2,2.0781,7121,0
AEVA-WS.US,D,20210520,000000,2.07,2.24,2.07,2.18,11055,0
AEVA-WS.US,D,20210521,000000,2.49,2.49,2.1494,2.3,33439,0
AEVA-WS.US,D,20210524,000000,2.35,2.5,2.21,2.25,16150,0
AEVA-WS.US,D,20210525,000000,2.45,2.45,2.26,2.32,14353,0
AEVA-WS.US,D,20210526,000000,2.4629,2.71,2.42,2.5,21035,0
AEVA-WS.US,D,20210527,000000,2.79,2.96,2.35,2.64,41148,0
AEVA-WS.US,D,20210528,000000,2.71,2.8,2.66,2.7,14226,0
AEVA-WS.US,D,20210601,000000,2.7,2.99,2.7,2.99,46539,0
AEVA-WS.US,D,20210602,000000,2.75,2.9715,2.72,2.79,39725,0
AEVA-WS.US,D,20210603,000000,2.9,3.29,2.8,2.92,66763,0
AEVA-WS.US,D,20210604,000000,3.005,3.15,2.93,3.05,90866,0
AEVA-WS.US,D,20210607,000000,2.94,3.65,2.94,3.3,58767,0
AEVA-WS.US,D,20210608,000000,3.545,4.25,3.33,4.04,213789,0
AEVA-WS.US,D,20210609,000000,4.2,4.2,3.36,3.53,47267,0
AEVA-WS.US,D,20210610,000000,3.7,3.9,3.46,3.81,24107,0
AEVA-WS.US,D,20210611,000000,3.81,3.81,3.53,3.53,7678,0
AEVA-WS.US,D,20210614,000000,3.53,3.53,3.25,3.25,13737,0
AEVA-WS.US,D,20210615,000000,3.13,3.33,2.94,3.02,24505,0
AEVA-WS.US,D,20210616,000000,3.33,3.38,3.03,3.37,14122,0
AEVA-WS.US,D,20210617,000000,3.47,3.68,3.12,3.38,48547,0
AEVA-WS.US,D,20210618,000000,3.445,3.92,3.445,3.76,20849,0
AEVA-WS.US,D,20210621,000000,3.68,3.92,3.5,3.5,68107,0
AEVA-WS.US,D,20210622,000000,3.5,3.75,3.2,3.25,55736,0
AEVA-WS.US,D,20210623,000000,3.74,3.74,3.15,3.35,24921,0
AEVA-WS.US,D,20210624,000000,3.5,3.74,3.313,3.6,71393,0
AEVA-WS.US,D,20210625,000000,3.6499,3.65,3.375,3.4,11227,0
AEVA-WS.US,D,20210628,000000,3.44,3.51,3.3,3.35,59205,0
AEVA-WS.US,D,20210629,000000,3.21,3.337,3.12,3.1835,119556,0
AEVA-WS.US,D,20210630,000000,3.18,3.1806,2.97,3.05,30035,0
AEVA-WS.US,D,20210701,000000,3.025,3.15,2.9901,3.15,26564,0
AEVA-WS.US,D,20210702,000000,3.13,3.15,2.9527,3.02,9005,0
AEVA-WS.US,D,20210706,000000,2.95,3,2.82,2.91,17266,0
AEVA-WS.US,D,20210707,000000,2.92,3.07,2.81,3.07,31961,0
AEVA-WS.US,D,20210708,000000,3.01,3.25,2.84,3.25,86774,0
AEVA-WS.US,D,20210709,000000,3.23,3.3,3.23,3.276,7579,0
AEVA-WS.US,D,20210712,000000,3.73,3.96,3.4,3.48,62314,0
AEVA-WS.US,D,20210713,000000,3.37,3.37,3.3,3.3,1003,0
AEVA-WS.US,D,20210714,000000,3.2,3.22,2.89,2.99,11270,0
AEVA-WS.US,D,20210715,000000,2.87,3.03,2.6,2.75,20313,0
AEVA-WS.US,D,20210716,000000,2.75,2.78,2.64,2.68,22969,0
AEVA-WS.US,D,20210719,000000,2.56,2.56,2.1071,2.31,83630,0
AEVA-WS.US,D,20210720,000000,2.34,2.66,2.21,2.54,37270,0
AEVA-WS.US,D,20210721,000000,2.59,2.71,2.5,2.66,34847,0
AEVA-WS.US,D,20210722,000000,2.56,2.56,2.31,2.35,10035,0
AEVA-WS.US,D,20210723,000000,2.25,2.3099,2.21,2.275,6633,0
AEVA-WS.US,D,20210726,000000,2.32,2.4,2.21,2.3,32103,0
AEVA-WS.US,D,20210727,000000,2.17,2.44,2.12,2.37,44349,0
AEVA-WS.US,D,20210728,000000,2.43,2.46,2.31,2.44,31400,0
AEVA-WS.US,D,20210729,000000,2.32,2.44,2.3,2.39,8126,0
AEVA-WS.US,D,20210730,000000,2.3,2.375,2.13,2.3301,43014,0
AEVA-WS.US,D,20210802,000000,2.23,2.4,2.23,2.275,24741,0
AEVA-WS.US,D,20210803,000000,2.24,2.26,2.065,2.19,46841,0
AEVA-WS.US,D,20210804,000000,2.04,2.27,2.02,2.27,30637,0
AEVA-WS.US,D,20210805,000000,2.28,2.4567,2.175,2.42,51826,0
AEVA-WS.US,D,20210806,000000,2.4901,2.5696,2.42,2.5696,12265,0
AEVA-WS.US,D,20210809,000000,2.56,2.63,2.47,2.6101,38400,0
AEVA-WS.US,D,20210810,000000,2.61,2.8898,2.6,2.8898,18935,0
AEVA-WS.US,D,20210811,000000,3,3,2.52,2.53,10447,0
AEVA-WS.US,D,20210812,000000,2.55,2.61,2.41,2.6,9948,0
AEVA-WS.US,D,20210813,000000,2.45,2.45,2.07,2.14,62477,0
AEVA-WS.US,D,20210816,000000,2.14,2.23,1.98,2.039,48343,0
AEVA-WS.US,D,20210817,000000,1.89,2.03,1.88,1.92,34235,0
AEVA-WS.US,D,20210818,000000,2.04,2.05,1.92,1.96,27592,0
AEVA-WS.US,D,20210819,000000,1.88,1.88,1.76,1.805,9510,0
AEVA-WS.US,D,20210820,000000,1.87,1.88,1.75,1.75,15049,0
AEVA-WS.US,D,20210823,000000,1.84,2.19,1.84,2.18,48052,0
AEVA-WS.US,D,20210824,000000,2.15,2.558,2.09,2.4301,41357,0
AEVA-WS.US,D,20210825,000000,2.66,2.7999,2.57,2.74,56705,0
AEVA-WS.US,D,20210826,000000,2.7,2.92,2.5,2.92,33999,0
AEVA-WS.US,D,20210827,000000,3.19,3.2,2.88,3.07,40663,0
AEVA-WS.US,D,20210830,000000,3.25,3.25,2.78,2.8,11334,0
AEVA-WS.US,D,20210831,000000,2.8,2.8435,2.755,2.79,2581,0
AEVA-WS.US,D,20210901,000000,2.62,2.9,2.62,2.86,9270,0
AEVA-WS.US,D,20210902,000000,2.99,3.1941,2.86,3.1503,61429,0
AEVA-WS.US,D,20210903,000000,2.99,3.23,2.99,3.0702,27310,0
AEVA-WS.US,D,20210907,000000,3.36,3.36,3.09,3.09,49095,0
AEVA-WS.US,D,20210908,000000,3,3.0122,2.63,2.82,11611,0
AEVA-WS.US,D,20210909,000000,2.7,2.88,2.7,2.735,7176,0
AEVA-WS.US,D,20210910,000000,2.51,2.84,2.51,2.71,34367,0
AEVA-WS.US,D,20210913,000000,2.51,2.63,2.49,2.58,50424,0
AEVA-WS.US,D,20210914,000000,2.47,2.72,2.45,2.45,28997,0
AEVA-WS.US,D,20210915,000000,2.31,2.6,2.31,2.53,30665,0
AEVA-WS.US,D,20210916,000000,2.39,2.69,2.39,2.65,20668,0
AEVA-WS.US,D,20210917,000000,2.45,2.69,2.45,2.69,15379,0
AEVA-WS.US,D,20210920,000000,2.69,2.69,2.19,2.4,51398,0
AEVA-WS.US,D,20210921,000000,2.31,2.34,2.24,2.24,14675,0
AEVA-WS.US,D,20210922,000000,2.36,2.4099,2.2,2.29,17700,0
AEVA-WS.US,D,20210923,000000,2.21,2.21,2.13,2.1901,13741,0
AEVA-WS.US,D,20210924,000000,2.18,2.25,2.09,2.15,34300,0
AEVA-WS.US,D,20210927,000000,2.05,2.27,2.04,2.27,103022,0
AEVA-WS.US,D,20210928,000000,2.17,2.17,2.03,2.072,19380,0
AEVA-WS.US,D,20210929,000000,2.4355,2.4355,1.9501,2.02,20534,0
AEVA-WS.US,D,20210930,000000,1.92,2.04,1.92,2,13435,0
AEVA-WS.US,D,20211001,000000,2,2,1.9009,1.97,15547,0
AEVA-WS.US,D,20211004,000000,1.9,1.94,1.82,1.86,16263,0
AEVA-WS.US,D,20211005,000000,1.93,1.98,1.79,1.92,13477,0
AEVA-WS.US,D,20211006,000000,1.8,1.95,1.77,1.93,31979,0
AEVA-WS.US,D,20211007,000000,1.93,2.04,1.82,2.03,66444,0
AEVA-WS.US,D,20211008,000000,1.79,1.82,1.77,1.8,9030,0
AEVA-WS.US,D,20211011,000000,1.785,1.79,1.75,1.79,12299,0
AEVA-WS.US,D,20211012,000000,1.8204,1.88,1.8,1.88,10775,0
AEVA-WS.US,D,20211013,000000,1.79,1.99,1.79,1.99,3284,0
AEVA-WS.US,D,20211014,000000,2,2,1.86,1.86,16255,0
AEVA-WS.US,D,20211015,000000,1.96,1.99,1.8,1.8275,23573,0
AEVA-WS.US,D,20211018,000000,1.87,1.97,1.81,1.9353,7956,0
AEVA-WS.US,D,20211019,000000,1.91,2.04,1.9059,2,7424,0
AEVA-WS.US,D,20211020,000000,2.02,2.035,2.02,2.035,1076,0
AEVA-WS.US,D,20211021,000000,1.93,2.09,1.93,2.04,5008,0
AEVA-WS.US,D,20211022,000000,2.02,2.02,1.9,1.9,2391,0
AEVA-WS.US,D,20211025,000000,1.99,2.05,1.95,2.04,5230,0
AEVA-WS.US,D,20211026,000000,2.0599,2.18,1.98,1.98,7313,0
AEVA-WS.US,D,20211027,000000,2,2.16,2,2.01,3333,0
AEVA-WS.US,D,20211028,000000,2.01,2.15,1.98,2.15,47039,0
AEVA-WS.US,D,20211029,000000,2.11,2.16,2.0901,2.16,27723,0
AEVA-WS.US,D,20211101,000000,2.1,2.41,2.04,2.2,65921,0
AEVA-WS.US,D,20211102,000000,2.25,2.2697,2.08,2.18,7271,0
AEVA-WS.US,D,20211103,000000,2.19,2.37,2.16,2.1804,5900,0
AEVA-WS.US,D,20211104,000000,2.31,2.31,2.14,2.2002,9505,0
AEVA-WS.US,D,20211105,000000,2.295,2.34,2.13,2.13,15452,0
AEVA-WS.US,D,20211108,000000,2.17,2.31,1.79,2.24,199493,0
AEVA-WS.US,D,20211109,000000,2.33,2.56,2.04,2.13,40836,0
AEVA-WS.US,D,20211110,000000,2.23,2.23,2.035,2.05,17424,0
AEVA-WS.US,D,20211111,000000,2.1,2.2,2.05,2.095,11971,0
AEVA-WS.US,D,20211112,000000,2.21,2.33,2.11,2.17,16109,0
AEVA-WS.US,D,20211115,000000,2.12,2.37,2.12,2.37,10677,0
AEVA-WS.US,D,20211116,000000,2.46,2.48,2.2706,2.31,5581,0
AEVA-WS.US,D,20211117,000000,2.19,2.4,2.19,2.29,9759,0
AEVA-WS.US,D,20211118,000000,2.38,2.38,2.02,2.0501,9873,0
AEVA-WS.US,D,20211119,000000,1.95,2.5,1.95,2.4301,67826,0
AEVA-WS.US,D,20211122,000000,2.47,3.06,2.47,2.9,170622,0
AEVA-WS.US,D,20211123,000000,2.82,3.09,2.52,2.659,21389,0
AEVA-WS.US,D,20211124,000000,2.52,2.75,2.44,2.75,12812,0
AEVA-WS.US,D,20211126,000000,2.73,2.76,2.61,2.75,28546,0
AEVA-WS.US,D,20211129,000000,2.87,3.07,2.8,2.94,18987,0
AEVA-WS.US,D,20211130,000000,2.9,2.98,2.61,2.89,21052,0
AEVA-WS.US,D,20211201,000000,3.05,3.21,2.785,2.8499,36176,0
AEVA-WS.US,D,20211202,000000,2.86,2.91,2.4,2.4894,28703,0
AEVA-WS.US,D,20211203,000000,2.4901,2.4901,2.37,2.37,18017,0
AEVA-WS.US,D,20211206,000000,2.37,2.37,1.95,2.06,53354,0
AEVA-WS.US,D,20211207,000000,2.21,2.675,2.21,2.67,40633,0
AEVA-WS.US,D,20211208,000000,2.54,2.95,2.54,2.875,19421,0
AEVA-WS.US,D,20211209,000000,3,3,2.58,2.5801,11403,0
AEVA-WS.US,D,20211210,000000,2.5,2.5,2.5,2.5,1049,0
AEVA-WS.US,D,20211213,000000,2.532,2.532,2.32,2.48,12206,0
AEVA-WS.US,D,20211214,000000,2.23,2.34,2.2,2.33,9459,0
AEVA-WS.US,D,20211215,000000,2.27,2.48,2.14,2.44,12691,0
AEVA-WS.US,D,20211216,000000,2.31,2.44,2.16,2.258,20456,0
AEVA-WS.US,D,20211217,000000,2.14,2.33,2.1,2.23,7233,0
AEVA-WS.US,D,20211220,000000,2.11,2.15,1.91,2.15,76432,0
AEVA-WS.US,D,20211221,000000,2.3,2.3,2.13,2.18,19843,0
AEVA-WS.US,D,20211222,000000,2.2,2.39,2.1,2.12,46304,0
AEVA-WS.US,D,20211223,000000,2.07,2.19,2.07,2.17,11200,0
AEVA-WS.US,D,20211227,000000,2.0999,2.26,2.07,2.2,17243,0
AEVA-WS.US,D,20211228,000000,2.1,2.2,1.9,2.18,115512,0
AEVA-WS.US,D,20211229,000000,2.01,2.1,1.95,1.96,102913,0
AEVA-WS.US,D,20211230,000000,1.91,2.02,1.9,1.9,8102,0
AEVA-WS.US,D,20211231,000000,1.84,1.96,1.81,1.88,34613,0
AEVA-WS.US,D,20220103,000000,1.81,2,1.81,2,37949,0
AEVA-WS.US,D,20220104,000000,1.9298,1.955,1.86,1.86,3286,0
AEVA-WS.US,D,20220105,000000,1.81,1.91,1.68,1.73,83814,0
AEVA-WS.US,D,20220106,000000,1.7,1.7,1.41,1.6,162562,0
AEVA-WS.US,D,20220107,000000,1.5,1.73,1.4,1.59,178055,0
AEVA-WS.US,D,20220110,000000,1.4599,1.49,1.39,1.49,65953,0
AEVA-WS.US,D,20220111,000000,1.48,1.5,1.37,1.41,75885,0
AEVA-WS.US,D,20220112,000000,1.55,1.55,1.3,1.33,27421,0
AEVA-WS.US,D,20220113,000000,1.35,1.37,1.18,1.27,174353,0
AEVA-WS.US,D,20220114,000000,1.15,1.195,1.13,1.17,10779,0
AEVA-WS.US,D,20220118,000000,1.15,1.15,1.05,1.05,17278,0
AEVA-WS.US,D,20220119,000000,1.06,1.0622,0.96,0.96,35837,0
AEVA-WS.US,D,20220120,000000,1,1.02505,0.895,0.9,1637576,0
AEVA-WS.US,D,20220121,000000,0.880101,0.89495,0.83505,0.83505,26964,0
AEVA-WS.US,D,20220124,000000,0.7999,0.83,0.6815,0.83,218312,0
AEVA-WS.US,D,20220125,000000,0.83655,0.83655,0.8,0.8,4261,0
AEVA-WS.US,D,20220126,000000,0.856,1.02,0.856,0.9,16700,0
AEVA-WS.US,D,20220127,000000,0.8632,0.876999,0.8,0.825,4194,0
AEVA-WS.US,D,20220128,000000,0.7999,0.83,0.7999,0.83,6434,0
AEVA-WS.US,D,20220131,000000,0.9519,1.145,0.93765,1.11,37253,0
AEVA-WS.US,D,20220201,000000,0.9701,1.13,0.9701,1.13,5330,0
AEVA-WS.US,D,20220202,000000,1.18,1.18,0.93,1.15,30123,0
AEVA-WS.US,D,20220203,000000,0.91,1.09,0.9,1.04,48670,0
AEVA-WS.US,D,20220204,000000,1,1.04,1,1.04,2250,0
AEVA-WS.US,D,20220207,000000,1.2,1.2,0.9803,1.05,62455,0
AEVA-WS.US,D,20220208,000000,1.0499,1.0899,1,1.049,15700,0
AEVA-WS.US,D,20220209,000000,1.08,1.08,1.0395,1.07,3107,0
AEVA-WS.US,D,20220210,000000,1.13,1.13,1.0301,1.05,2790,0
AEVA-WS.US,D,20220211,000000,1,1.06,0.9025,0.95,123394,0
AEVA-WS.US,D,20220214,000000,0.92,1.03,0.9001,0.9001,38009,0
AEVA-WS.US,D,20220215,000000,0.9505,1.02,0.9505,1,35572,0
AEVA-WS.US,D,20220216,000000,0.9101,0.9944,0.89,0.9001,51133,0
AEVA-WS.US,D,20220217,000000,0.87,0.92,0.83,0.89,62638,0
AEVA-WS.US,D,20220218,000000,0.8201,0.86,0.79,0.8499,116028,0
AEVA-WS.US,D,20220222,000000,0.75,0.81,0.7201,0.745,124561,0
AEVA-WS.US,D,20220223,000000,0.745,0.7575,0.685,0.685,57487,0
AEVA-WS.US,D,20220224,000000,0.685,0.7223,0.55,0.7223,11335,0
AEVA-WS.US,D,20220225,000000,0.8047,0.8047,0.6401,0.7,17244,0
AEVA-WS.US,D,20220228,000000,0.7,0.8,0.67,0.7121,29396,0
AEVA-WS.US,D,20220301,000000,0.6952,0.8,0.695101,0.7356,6727,0
AEVA-WS.US,D,20220302,000000,0.77,0.77,0.68495,0.7047,6516,0
AEVA-WS.US,D,20220303,000000,0.68,0.68,0.63,0.6399,27005,0
AEVA-WS.US,D,20220304,000000,0.605,0.605,0.5019,0.5019,12929,0
AEVA-WS.US,D,20220307,000000,0.501,0.5658,0.5,0.5658,22342,0
AEVA-WS.US,D,20220308,000000,0.53,0.6324,0.500101,0.6199,21593,0
AEVA-WS.US,D,20220309,000000,0.65,0.7401,0.65,0.7401,26922,0
AEVA-WS.US,D,20220310,000000,0.76,0.77,0.6703,0.75,51006,0
AEVA-WS.US,D,20220311,000000,0.67,0.7199,0.669753,0.68,6579,0
AEVA-WS.US,D,20220314,000000,0.6101,0.6399,0.59,0.6001,13003,0
AEVA-WS.US,D,20220315,000000,0.6,0.61,0.58005,0.6035,12176,0
AEVA-WS.US,D,20220316,000000,0.6053,0.7383,0.6053,0.6794,15549,0
AEVA-WS.US,D,20220317,000000,0.7,0.84,0.7,0.786,11623,0
AEVA-WS.US,D,20220318,000000,0.8,0.8378,0.798,0.83,1357,0
AEVA-WS.US,D,20220321,000000,0.8798,0.8798,0.782,0.8,6310,0
AEVA-WS.US,D,20220322,000000,0.7605,0.8499,0.7605,0.8499,3198,0
AEVA-WS.US,D,20220323,000000,0.805,0.809899,0.77,0.77,2673,0
AEVA-WS.US,D,20220324,000000,0.78,0.8099,0.77,0.78,5415,0
AEVA-WS.US,D,20220325,000000,0.7601,0.7601,0.75,0.76,1620,0
AEVA-WS.US,D,20220328,000000,0.74,0.7627,0.7,0.71,4117,0
AEVA-WS.US,D,20220329,000000,0.8499,0.8599,0.7499,0.7499,9703,0
AEVA-WS.US,D,20220330,000000,0.97,0.97,0.7628,0.77,11476,0
AEVA-WS.US,D,20220401,000000,0.759799,0.759799,0.66,0.66,13924,0
AEVA-WS.US,D,20220404,000000,0.7495,0.75,0.7,0.75,5951,0
AEVA-WS.US,D,20220405,000000,0.760249,0.760249,0.691178,0.7,11429,0
AEVA-WS.US,D,20220406,000000,0.699799,0.713,0.67986,0.713,6437,0
AEVA-WS.US,D,20220407,000000,0.660201,0.68,0.64,0.6725,14140,0
AEVA-WS.US,D,20220408,000000,0.6,0.65,0.58,0.6199,69215,0
AEVA-WS.US,D,20220411,000000,0.554,0.590599,0.53,0.581351,10137,0
AEVA-WS.US,D,20220412,000000,0.5901,0.599799,0.55,0.599799,9632,0
AEVA-WS.US,D,20220413,000000,0.57,0.6382,0.56,0.6013,8312,0
AEVA-WS.US,D,20220414,000000,0.6015,0.613951,0.592,0.61,9590,0
AEVA-WS.US,D,20220418,000000,0.5601,0.5749,0.52,0.54,139405,0
AEVA-WS.US,D,20220419,000000,0.51,0.5627,0.503,0.5327,37130,0
AEVA-WS.US,D,20220420,000000,0.5212,0.5212,0.474,0.5101,83291,0
AEVA-WS.US,D,20220421,000000,0.5181,0.5598,0.5181,0.5598,7598,0
AEVA-WS.US,D,20220422,000000,0.525,0.5498,0.519751,0.5498,3550,0
AEVA-WS.US,D,20220425,000000,0.55,0.72,0.5,0.7099,78513,0
AEVA-WS.US,D,20220426,000000,0.53,0.7,0.53,0.7,8176,0
AEVA-WS.US,D,20220427,000000,0.53,0.6699,0.529766,0.56,24651,0
AEVA-WS.US,D,20220428,000000,0.56,0.5998,0.49,0.5998,68328,0
AEVA-WS.US,D,20220429,000000,0.51,0.6,0.51,0.6,15519,0
AEVA-WS.US,D,20220502,000000,0.5501,0.6577,0.4851,0.6577,17890,0
AEVA-WS.US,D,20220503,000000,0.5099,0.58,0.5001,0.551,14997,0
AEVA-WS.US,D,20220504,000000,0.5124,0.7013,0.51,0.63,15156,0
AEVA-WS.US,D,20220505,000000,0.6,0.64,0.6,0.6,2202,0
AEVA-WS.US,D,20220506,000000,0.54,0.54,0.5001,0.510101,6525,0
AEVA-WS.US,D,20220509,000000,0.481,0.5099,0.4693,0.48999,33840,0
AEVA-WS.US,D,20220510,000000,0.4415,0.51,0.4181,0.5011,18444,0
AEVA-WS.US,D,20220511,000000,0.4659,0.4659,0.349503,0.38,16825,0
AEVA-WS.US,D,20220512,000000,0.33,0.4099,0.2701,0.4099,21653,0
AEVA-WS.US,D,20220513,000000,0.4099,0.55,0.3799,0.55,13696,0
AEVA-WS.US,D,20220516,000000,0.4801,0.5199,0.47,0.5,8231,0
AEVA-WS.US,D,20220517,000000,0.489,0.5537,0.465,0.5537,10058,0
AEVA-WS.US,D,20220518,000000,0.5102,0.5499,0.4901,0.5499,3420,0
AEVA-WS.US,D,20220519,000000,0.5,0.5399,0.4415,0.52,10591,0
AEVA-WS.US,D,20220520,000000,0.46505,0.48,0.45,0.479999,16579,0
AEVA-WS.US,D,20220523,000000,0.46,0.49,0.37,0.42,58892,0
AEVA-WS.US,D,20220524,000000,0.411,0.411,0.35,0.35,15919,0
AEVA-WS.US,D,20220525,000000,0.333,0.4,0.333,0.389999,14909,0
AEVA-WS.US,D,20220526,000000,0.41995,0.426263,0.41995,0.420001,4801,0
AEVA-WS.US,D,20220527,000000,0.4399,0.49,0.43,0.43,7682,0
AEVA-WS.US,D,20220531,000000,0.45,0.45,0.444,0.45,8756,0
AEVA-WS.US,D,20220601,000000,0.4498,0.4499,0.38,0.390141,15250,0
AEVA-WS.US,D,20220602,000000,0.4,0.4101,0.37,0.3961,7148,0
AEVA-WS.US,D,20220603,000000,0.3961,0.4599,0.3882,0.4599,5999,0
AEVA-WS.US,D,20220606,000000,0.42,0.42,0.42,0.42,1060,0
AEVA-WS.US,D,20220607,000000,0.40505,0.46,0.38,0.46,6383,0
AEVA-WS.US,D,20220608,000000,0.4599,0.4599,0.3503,0.43,33911,0
AEVA-WS.US,D,20220609,000000,0.37,0.3997,0.37,0.3898,5250,0
AEVA-WS.US,D,20220610,000000,0.405,0.53,0.345,0.4099,25597,0
AEVA-WS.US,D,20220613,000000,0.372499,0.38,0.34,0.34,22416,0
AEVA-WS.US,D,20220614,000000,0.34,0.3899,0.33932,0.35,13770,0
AEVA-WS.US,D,20220615,000000,0.336,0.42,0.336,0.42,7797,0
AEVA-WS.US,D,20220616,000000,0.33,0.345,0.321098,0.34,11846,0
AEVA-WS.US,D,20220617,000000,0.35,0.415,0.35,0.4,26104,0
AEVA-WS.US,D,20220621,000000,0.5899,0.5899,0.43,0.5,10976,0
AEVA-WS.US,D,20220622,000000,0.7899,0.7899,0.4984,0.58,21384,0
AEVA-WS.US,D,20220623,000000,0.61,0.6854,0.5599,0.575,3933,0
AEVA-WS.US,D,20220624,000000,0.61,0.64,0.5301,0.64,18876,0
AEVA-WS.US,D,20220627,000000,0.65,0.65,0.52,0.56,7232,0
AEVA-WS.US,D,20220628,000000,0.47,0.52,0.45,0.47,17315,0
AEVA-WS.US,D,20220629,000000,0.45,0.4698,0.42,0.46,9055,0
AEVA-WS.US,D,20220630,000000,0.46,0.49,0.4,0.49,14947,0
AEVA-WS.US,D,20220701,000000,0.449899,0.48,0.42,0.48,9802,0
AEVA-WS.US,D,20220705,000000,0.48,0.48,0.42,0.46,15223,0
AEVA-WS.US,D,20220706,000000,0.6481,0.6481,0.51,0.51,5156,0
AEVA-WS.US,D,20220707,000000,0.4705,0.62,0.4705,0.62,8280,0
AEVA-WS.US,D,20220708,000000,0.5811,0.62,0.58,0.62,3143,0
AEVA-WS.US,D,20220711,000000,0.62,0.62,0.53,0.53,4209,0
AEVA-WS.US,D,20220712,000000,0.5055,0.56,0.5055,0.56,1900,0
AEVA-WS.US,D,20220713,000000,0.51,0.5408,0.4501,0.53,22416,0
AEVA-WS.US,D,20220714,000000,0.63,0.63,0.4799,0.5099,13475,0
AEVA-WS.US,D,20220715,000000,0.48,0.54,0.4799,0.54,8279,0
AEVA-WS.US,D,20220718,000000,0.5,0.5,0.405,0.44,58371,0
AEVA-WS.US,D,20220719,000000,0.48,0.59,0.48,0.59,24788,0
AEVA-WS.US,D,20220720,000000,0.5969,0.62,0.59,0.62,10424,0
AEVA-WS.US,D,20220721,000000,0.6361,0.64,0.63,0.64,1471,0
AEVA-WS.US,D,20220722,000000,0.59,0.61,0.546301,0.61,6501,0
AEVA-WS.US,D,20220725,000000,0.569899,0.569899,0.49505,0.55,5834,0
AEVA-WS.US,D,20220726,000000,0.55,0.55,0.4114,0.469899,23287,0
AEVA-WS.US,D,20220727,000000,0.4567,0.5135,0.4468,0.5121,6327,0
AEVA-WS.US,D,20220728,000000,0.52,0.55,0.52,0.54,4609,0
AEVA-WS.US,D,20220729,000000,0.5402,0.59,0.5402,0.59,20968,0
AEVA-WS.US,D,20220801,000000,0.65,0.65,0.6198,0.65,17191,0
AEVA-WS.US,D,20220802,000000,0.65,0.700251,0.64,0.68,69866,0
AEVA-WS.US,D,20220803,000000,0.7,0.7001,0.7,0.7001,1000,0
AEVA-WS.US,D,20220804,000000,0.76,0.7726,0.6101,0.62,40867,0
AEVA-WS.US,D,20220805,000000,0.630101,0.74,0.630101,0.74,14633,0
AEVA-WS.US,D,20220808,000000,0.7,0.74,0.7,0.74,13084,0
AEVA-WS.US,D,20220809,000000,0.74,0.74,0.6998,0.6998,9301,0
AEVA-WS.US,D,20220810,000000,0.69,0.7,0.682,0.7,11827,0
AEVA-WS.US,D,20220811,000000,0.704,0.7041,0.625,0.64,4918,0
AEVA-WS.US,D,20220812,000000,0.6412,0.665768,0.62,0.65,4674,0
AEVA-WS.US,D,20220815,000000,0.72,0.739,0.65,0.699,10318,0
AEVA-WS.US,D,20220816,000000,0.6823,0.710142,0.61,0.6899,6865,0
AEVA-WS.US,D,20220817,000000,0.66,0.66,0.538,0.5699,11110,0
AEVA-WS.US,D,20220818,000000,0.7499,0.7598,0.5742,0.63,17160,0
AEVA-WS.US,D,20220819,000000,0.5741,0.67,0.525346,0.67,14939,0
AEVA-WS.US,D,20220822,000000,0.545,0.545,0.4401,0.53,26274,0
AEVA-WS.US,D,20220823,000000,0.4661,0.55,0.45,0.52,58932,0
AEVA-WS.US,D,20220824,000000,0.5,0.5299,0.48725,0.497,12994,0
AEVA-WS.US,D,20220825,000000,0.55,0.55,0.46,0.46,16391,0
AEVA-WS.US,D,20220826,000000,0.4601,0.4601,0.4051,0.44,58375,0
AEVA-WS.US,D,20220829,000000,0.45,0.49,0.4101,0.4248,16615,0
AEVA-WS.US,D,20220830,000000,0.44,0.49,0.44,0.49,5945,0
AEVA-WS.US,D,20220831,000000,0.47,0.5,0.420001,0.5,9201,0
AEVA-WS.US,D,20220901,000000,0.46,0.49,0.42,0.49,13486,0
AEVA-WS.US,D,20220902,000000,0.41,0.449799,0.405,0.447,17002,0
AEVA-WS.US,D,20220906,000000,0.46,0.46,0.41,0.41,2794,0
AEVA-WS.US,D,20220907,000000,0.45,0.45,0.401101,0.4479,4518,0
AEVA-WS.US,D,20220908,000000,0.45,0.4699,0.45,0.4699,2694,0
AEVA-WS.US,D,20220909,000000,0.54,0.54,0.420101,0.48,8630,0
AEVA-WS.US,D,20220912,000000,0.4999,0.4999,0.4215,0.4697,15220,0
AEVA-WS.US,D,20220913,000000,0.52,0.52,0.4184,0.42,43945,0
AEVA-WS.US,D,20220914,000000,0.401,0.42,0.384,0.42,27967,0
AEVA-WS.US,D,20220915,000000,0.4299,0.4299,0.3866,0.4279,11733,0
AEVA-WS.US,D,20220916,000000,0.39,0.4199,0.39,0.4199,1961,0
AEVA-WS.US,D,20220919,000000,0.34,0.384,0.34,0.35,29728,0
AEVA-WS.US,D,20220920,000000,0.343,0.3699,0.315,0.32,19956,0
AEVA-WS.US,D,20220921,000000,0.32,0.38,0.3101,0.3263,51381,0
AEVA-WS.US,D,20220922,000000,0.33,0.33,0.2666,0.3124,138858,0
AEVA-WS.US,D,20220923,000000,0.3,0.3,0.26,0.29,41313,0
AEVA-WS.US,D,20220926,000000,0.28,0.32,0.264999,0.32,14427,0
AEVA-WS.US,D,20220927,000000,0.280001,0.3,0.2625,0.3,15495,0
AEVA-WS.US,D,20220928,000000,0.3,0.32,0.25,0.31,18432,0
AEVA-WS.US,D,20220929,000000,0.27,0.29,0.2501,0.29,122513,0
AEVA-WS.US,D,20220930,000000,0.279999,0.29,0.255,0.29,20555,0
AEVA-WS.US,D,20221003,000000,0.25,0.3,0.2,0.3,24033,0
AEVA-WS.US,D,20221004,000000,0.32,0.3399,0.29,0.3298,8620,0
AEVA-WS.US,D,20221005,000000,0.3499,0.3499,0.3007,0.33,14834,0
AEVA-WS.US,D,20221006,000000,0.3,0.3287,0.290301,0.3,8623,0
AEVA-WS.US,D,20221007,000000,0.33,0.33,0.280101,0.3,14835,0
AEVA-WS.US,D,20221010,000000,0.27,0.3,0.252101,0.3,28934,0
AEVA-WS.US,D,20221011,000000,0.25,0.26,0.2245,0.26,45259,0
AEVA-WS.US,D,20221012,000000,0.29,0.29,0.24,0.28,10924,0
AEVA-WS.US,D,20221013,000000,0.29,0.29,0.25,0.28,7814,0
AEVA-WS.US,D,20221014,000000,0.29,0.29,0.25,0.27,12102,0
AEVA-WS.US,D,20221017,000000,0.29,0.29,0.24,0.2735,20038,0
AEVA-WS.US,D,20221018,000000,0.29,0.2903,0.25,0.2733,32971,0
AEVA-WS.US,D,20221019,000000,0.2905,0.2905,0.25,0.25,9400,0
AEVA-WS.US,D,20221020,000000,0.25,0.27,0.23,0.27,37451,0
AEVA-WS.US,D,20221021,000000,0.278,0.2905,0.24,0.26,48116,0
AEVA-WS.US,D,20221024,000000,0.3,0.3,0.25,0.25,10522,0
AEVA-WS.US,D,20221025,000000,0.25,0.27,0.25,0.259899,34084,0
AEVA-WS.US,D,20221026,000000,0.25,0.2501,0.2228,0.24,37864,0
AEVA-WS.US,D,20221027,000000,0.24,0.255,0.2391,0.25,8606,0
AEVA-WS.US,D,20221028,000000,0.235,0.267,0.235,0.26,12582,0
AEVA-WS.US,D,20221031,000000,0.25,0.3099,0.25,0.25,31782,0
AEVA-WS.US,D,20221101,000000,0.25,0.2799,0.2351,0.2799,4377,0
AEVA-WS.US,D,20221102,000000,0.3099,0.3099,0.22,0.2246,36315,0
AEVA-WS.US,D,20221103,000000,0.2,0.2599,0.2,0.236,24052,0
AEVA-WS.US,D,20221104,000000,0.24,0.25,0.2201,0.2356,2058,0
AEVA-WS.US,D,20221107,000000,0.26,0.26,0.2101,0.2103,12957,0
AEVA-WS.US,D,20221108,000000,0.23,0.259799,0.2104,0.22,16411,0
AEVA-WS.US,D,20221109,000000,0.22,0.227148,0.17,0.1719,42460,0
AEVA-WS.US,D,20221110,000000,0.18,0.2379,0.18,0.195,17773,0
AEVA-WS.US,D,20221111,000000,0.238,0.247,0.2001,0.2011,6818,0
AEVA-WS.US,D,20221114,000000,0.2511,0.3,0.24,0.25,46007,0
AEVA-WS.US,D,20221115,000000,0.27,0.29,0.27,0.27,38947,0
AEVA-WS.US,D,20221116,000000,0.25,0.26495,0.2016,0.22,5520,0
AEVA-WS.US,D,20221117,000000,0.2499,0.2599,0.22,0.22,7331,0
AEVA-WS.US,D,20221118,000000,0.29,0.31,0.23,0.2612,23847,0
AEVA-WS.US,D,20221121,000000,0.25,0.25,0.18,0.2027,25238,0
AEVA-WS.US,D,20221122,000000,0.204,0.21,0.18,0.2,35116,0
AEVA-WS.US,D,20221123,000000,0.245,0.245101,0.215,0.215,1737,0
AEVA-WS.US,D,20221125,000000,0.245,0.245,0.21,0.21,16420,0
AEVA-WS.US,D,20221128,000000,0.22,0.22,0.1953,0.2,11962,0
AEVA-WS.US,D,20221129,000000,0.22,0.24,0.205401,0.2279,54907,0
AEVA-WS.US,D,20221130,000000,0.23,0.23,0.214,0.23,1884,0
AEVA-WS.US,D,20221201,000000,0.23,0.23,0.2032,0.23,2258,0
AEVA-WS.US,D,20221202,000000,0.24,0.24,0.22,0.22,12549,0
AEVA-WS.US,D,20221205,000000,0.24,0.24,0.205,0.2197,28083,0
AEVA-WS.US,D,20221206,000000,0.22,0.24,0.21,0.210101,13974,0
AEVA-WS.US,D,20221207,000000,0.24,0.24,0.21,0.22,11737,0
AEVA-WS.US,D,20221208,000000,0.2101,0.2247,0.21,0.22,11506,0
AEVA-WS.US,D,20221209,000000,0.24,0.24,0.18,0.1801,8706,0
AEVA-WS.US,D,20221212,000000,0.2008,0.21,0.17215,0.21,26045,0
AEVA-WS.US,D,20221213,000000,0.2088,0.2088,0.1711,0.1711,13467,0
AEVA-WS.US,D,20221214,000000,0.2,0.2725,0.182,0.2725,17544,0
AEVA-WS.US,D,20221215,000000,0.249899,0.249899,0.2,0.24,7482,0
AEVA-WS.US,D,20221216,000000,0.2399,0.24,0.22,0.23,1416,0
AEVA-WS.US,D,20221219,000000,0.24,0.24,0.202,0.202,502793,0
AEVA-WS.US,D,20221220,000000,0.235,0.239899,0.2054,0.2054,908,0
AEVA-WS.US,D,20221221,000000,0.2322,0.232201,0.19,0.21,2732,0
AEVA-WS.US,D,20221222,000000,0.2211,0.2211,0.1588,0.194,9838,0
AEVA-WS.US,D,20221223,000000,0.16,0.2075,0.1438,0.1777,24488,0
AEVA-WS.US,D,20221227,000000,0.155,0.1872,0.155,0.163101,5736,0
AEVA-WS.US,D,20221228,000000,0.17,0.1985,0.163,0.186,14475,0
AEVA-WS.US,D,20221229,000000,0.17,0.186,0.162,0.162,20903,0
AEVA-WS.US,D,20221230,000000,0.34,0.34,0.1499,0.1735,22349,0
AEVA-WS.US,D,20230103,000000,0.17,0.17,0.1449,0.147801,13905,0
AEVA-WS.US,D,20230104,000000,0.150801,0.1614,0.1507,0.1614,1317,0
AEVA-WS.US,D,20230105,000000,0.16,0.162228,0.1508,0.16,3309,0
AEVA-WS.US,D,20230106,000000,0.1624,0.17,0.155101,0.169899,15004,0
AEVA-WS.US,D,20230109,000000,0.17,0.18,0.1515,0.18,3888,0
AEVA-WS.US,D,20230110,000000,0.18,0.1999,0.179,0.189899,10540,0
AEVA-WS.US,D,20230111,000000,0.189899,0.24,0.189899,0.2132,46815,0
AEVA-WS.US,D,20230112,000000,0.21,0.23,0.21,0.22,2986,0
AEVA-WS.US,D,20230113,000000,0.235,0.2399,0.235,0.2399,250,0
AEVA-WS.US,D,20230117,000000,0.29,0.29,0.24,0.24,19178,0
AEVA-WS.US,D,20230118,000000,0.2173,0.3,0.2124,0.2975,17749,0
AEVA-WS.US,D,20230119,000000,0.277,0.295,0.277,0.2775,1310,0
AEVA-WS.US,D,20230120,000000,0.2775,0.2775,0.1839,0.2053,21004,0
AEVA-WS.US,D,20230123,000000,0.229449,0.2399,0.1976,0.2,23402,0
AEVA-WS.US,D,20230124,000000,0.2357,0.2399,0.1801,0.214,8632,0
AEVA-WS.US,D,20230125,000000,0.2399,0.2399,0.2194,0.2194,213,0
AEVA-WS.US,D,20230126,000000,0.1775,0.2399,0.1775,0.186813,3518,0
AEVA-WS.US,D,20230127,000000,0.192,0.192,0.1642,0.1749,85001,0
AEVA-WS.US,D,20230130,000000,0.207,0.207,0.18,0.182,8514,0
AEVA-WS.US,D,20230210,000000,0.19,0.1993,0.18,0.198,10108,0
AEVA-WS.US,D,20230213,000000,0.2,0.2,0.2,0.2,110,0
AEVA-WS.US,D,20230214,000000,0.1998,0.1998,0.1998,0.1998,575,0
AEVA-WS.US,D,20230215,000000,0.203901,0.203901,0.18,0.19,5152,0
AEVA-WS.US,D,20230216,000000,0.205,0.205,0.190101,0.2045,3432,0
AEVA-WS.US,D,20230217,000000,0.1901,0.194199,0.19,0.194199,1800,0
AEVA-WS.US,D,20230221,000000,0.2,0.205,0.165,0.19,18588,0
AEVA-WS.US,D,20230222,000000,0.185,0.1985,0.165,0.18,19495,0
AEVA-WS.US,D,20230223,000000,0.1783,0.18,0.1614,0.1728,5817,0
AEVA-WS.US,D,20230224,000000,0.1863,0.1863,0.16,0.1775,2406,0
AEVA-WS.US,D,20230227,000000,0.161,0.189021,0.161,0.1795,4800,0
AEVA-WS.US,D,20230228,000000,0.169899,0.18,0.1646,0.1738,6100,0
AEVA-WS.US,D,20230301,000000,0.1699,0.21,0.1699,0.18,4168,0
AEVA-WS.US,D,20230302,000000,0.17,0.176,0.17,0.176,1978,0
AEVA-WS.US,D,20230303,000000,0.180101,0.2,0.16,0.2,24005,0
AEVA-WS.US,D,20230306,000000,0.24,0.24,0.177,0.177,1301,0
AEVA-WS.US,D,20230307,000000,0.1699,0.1945,0.1699,0.1945,200,0
AEVA-WS.US,D,20230309,000000,0.160101,0.1834,0.16,0.1834,5350,0
AEVA-WS.US,D,20230310,000000,0.1924,0.1924,0.1924,0.1924,100,0
AEVA-WS.US,D,20230313,000000,0.1945,0.194504,0.1723,0.179899,605,0
AEVA-WS.US,D,20230314,000000,0.1698,0.1895,0.154,0.17,17478,0
AEVA-WS.US,D,20230315,000000,0.195,0.195,0.16,0.195,562,0
AEVA-WS.US,D,20230321,000000,0.1685,0.1698,0.1685,0.1698,589,0
AEVA-WS.US,D,20230322,000000,0.1598,0.1699,0.155,0.155,14641,0
AEVA-WS.US,D,20230323,000000,0.15,0.152,0.1,0.117,175549,0
AEVA-WS.US,D,20230324,000000,0.12,0.12,0.080886,0.1099,2388435,0
AEVA-WS.US,D,20230327,000000,0.0804,0.109,0.0804,0.0936,11866,0
AEVA-WS.US,D,20230328,000000,0.0811,0.1027,0.0808,0.1027,32009,0
AEVA-WS.US,D,20230329,000000,0.1025,0.103,0.0968,0.103,23105,0
AEVA-WS.US,D,20230330,000000,0.1195,0.12,0.109575,0.109575,11829,0
AEVA-WS.US,D,20230331,000000,0.100101,0.1206,0.1001,0.1189,36755,0
AEVA-WS.US,D,20230403,000000,0.113,0.12,0.105,0.11,14565,0
AEVA-WS.US,D,20230404,000000,0.133,0.133,0.1247,0.1247,507,0
AEVA-WS.US,D,20230405,000000,0.105,0.107,0.09,0.103,36033,0
AEVA-WS.US,D,20230406,000000,0.0909,0.11,0.0899,0.104,32584,0
AEVA-WS.US,D,20230410,000000,0.105,0.1094,0.0973,0.102,27483,0
AEVA-WS.US,D,20230411,000000,0.0841,0.1123,0.0841,0.0851,21220,0
AEVA-WS.US,D,20230412,000000,0.106249,0.2508,0.0933,0.106,37471,0
AEVA-WS.US,D,20230413,000000,0.105,0.12,0.1049,0.11,46339,0
AEVA-WS.US,D,20230414,000000,0.11,0.11,0.0935,0.1099,15650,0
AEVA-WS.US,D,20230417,000000,0.0862,0.12,0.0858,0.1199,44362,0
AEVA-WS.US,D,20230418,000000,0.12,0.12,0.1,0.1099,4568,0
AEVA-WS.US,D,20230419,000000,0.1167,0.1167,0.1,0.1061,4428,0
AEVA-WS.US,D,20230420,000000,0.1098,0.1098,0.095,0.1072,17029,0
AEVA-WS.US,D,20230421,000000,0.1,0.11,0.1,0.104416,19340,0
AEVA-WS.US,D,20230424,000000,0.0909,0.1,0.0851,0.099049,12952,0
AEVA-WS.US,D,20230425,000000,0.0858,0.0957,0.08,0.0957,24040,0
AEVA-WS.US,D,20230426,000000,0.096399,0.099999,0.0891,0.099999,6150,0
AEVA-WS.US,D,20230427,000000,0.09,0.09805,0.09,0.09805,1950,0
AEVA-WS.US,D,20230428,000000,0.08,0.0913,0.08,0.0911,14137,0
AEVA-WS.US,D,20230501,000000,0.0818,0.091,0.0802,0.0802,23137,0
AEVA-WS.US,D,20230502,000000,0.0802,0.095,0.0802,0.0949,4901,0
AEVA-WS.US,D,20230503,000000,0.0801,0.094,0.08,0.093751,30048,0
AEVA-WS.US,D,20230504,000000,0.1,0.12,0.0801,0.1066,16954,0
AEVA-WS.US,D,20230505,000000,0.1089,0.12,0.099999,0.12,4806,0
AEVA-WS.US,D,20230508,000000,0.1386,0.14,0.113,0.1241,30766,0
AEVA-WS.US,D,20230509,000000,0.12,0.12,0.12,0.12,244,0
AEVA-WS.US,D,20230510,000000,0.13,0.13,0.109899,0.11,1797,0
AEVA-WS.US,D,20230511,000000,0.12,0.12,0.11245,0.11245,4909,0
AEVA-WS.US,D,20230512,000000,0.101,0.1784,0.1,0.165495,58997,0
AEVA-WS.US,D,20230515,000000,0.1254,0.156,0.12,0.1526,9245,0
AEVA-WS.US,D,20230516,000000,0.12,0.15,0.12,0.15,1600,0
AEVA-WS.US,D,20230517,000000,0.1201,0.1496,0.1,0.1372,43621,0
AEVA-WS.US,D,20230518,000000,0.135,0.1372,0.12,0.1372,2774,0
AEVA-WS.US,D,20230519,000000,0.12,0.1342,0.11,0.13,17214,0
AEVA-WS.US,D,20230522,000000,0.12,0.14999,0.11,0.1125,17498,0
AEVA-WS.US,D,20230523,000000,0.1111,0.144099,0.11,0.1225,10868,0
AEVA-WS.US,D,20230524,000000,0.1125,0.122699,0.11,0.11,10715,0
AEVA-WS.US,D,20230525,000000,0.1121,0.12,0.1121,0.12,5033,0
AEVA-WS.US,D,20230526,000000,0.1125,0.1275,0.1125,0.122,13373,0
AEVA-WS.US,D,20230530,000000,0.1125,0.131799,0.1125,0.115,11574,0
AEVA-WS.US,D,20230531,000000,0.12,0.1345,0.12,0.12,9958,0
AEVA-WS.US,D,20230601,000000,0.1111,0.14,0.1111,0.136,8889,0
AEVA-WS.US,D,20230602,000000,0.136,0.14375,0.1251,0.13,16886,0
AEVA-WS.US,D,20230605,000000,0.1251,0.1485,0.1226,0.1226,6183,0
AEVA-WS.US,D,20230606,000000,0.1499,0.149999,0.1388,0.14,49854,0
AEVA-WS.US,D,20230607,000000,0.14,0.149899,0.1251,0.142,26850,0
AEVA-WS.US,D,20230608,000000,0.1226,0.148,0.1226,0.1334,34061,0
AEVA-WS.US,D,20230609,000000,0.137,0.137,0.12,0.12,22014,0
AEVA-WS.US,D,20230612,000000,0.15,0.15,0.12,0.13,10511,0
AEVA-WS.US,D,20230613,000000,0.1485,0.1499,0.1325,0.1499,2093,0
AEVA-WS.US,D,20230614,000000,0.15,0.15,0.13,0.13,9241,0
AEVA-WS.US,D,20230615,000000,0.13,0.13,0.121,0.1225,22258,0
AEVA-WS.US,D,20230616,000000,0.14,0.1441,0.119899,0.12,62400,0
AEVA-WS.US,D,20230620,000000,0.12,0.136,0.09,0.12,65803,0
AEVA-WS.US,D,20230621,000000,0.110101,0.115,0.11,0.11,7698,0
AEVA-WS.US,D,20230622,000000,0.11,0.12495,0.11,0.12495,1700,0
AEVA-WS.US,D,20230623,000000,0.1299,0.1299,0.12,0.12,6596,0
AEVA-WS.US,D,20230626,000000,0.136,0.1373,0.11,0.12,15232,0
AEVA-WS.US,D,20230627,000000,0.11,0.124999,0.1,0.1125,10687,0
AEVA-WS.US,D,20230628,000000,0.13,0.13,0.1,0.119298,6960,0
AEVA-WS.US,D,20230629,000000,0.1001,0.125,0.1001,0.105,6217,0
AEVA-WS.US,D,20230630,000000,0.125,0.15,0.11,0.1212,12741,0
AEVA-WS.US,D,20230703,000000,0.1113,0.1399,0.0801,0.0801,44273,0
AEVA-WS.US,D,20230705,000000,0.1374,0.1374,0.1052,0.109849,5699,0
AEVA-WS.US,D,20230706,000000,0.1361,0.1361,0.0835,0.0951,18032,0
AEVA-WS.US,D,20230707,000000,0.1401,0.1415,0.12,0.12,1200,0
AEVA-WS.US,D,20230710,000000,0.15,0.15,0.11,0.1201,29845,0
AEVA-WS.US,D,20230711,000000,0.128,0.128,0.1,0.1,96893,0
AEVA-WS.US,D,20230712,000000,0.13,0.13,0.1,0.11,24305,0
AEVA-WS.US,D,20230713,000000,0.101,0.121099,0.0942,0.1,110630,0
AEVA-WS.US,D,20230714,000000,0.1198,0.121,0.1,0.11185,16369,0
AEVA-WS.US,D,20230717,000000,0.11,0.11,0.0996,0.1006,36763,0
AEVA-WS.US,D,20230718,000000,0.1179,0.119,0.090201,0.1173,14433,0
AEVA-WS.US,D,20230719,000000,0.101,0.1147,0.09,0.1,43109,0
AEVA-WS.US,D,20230720,000000,0.095,0.0992,0.0864,0.095,42322,0
AEVA-WS.US,D,20230721,000000,0.0951,0.0998,0.0949,0.0998,6468,0
AEVA-WS.US,D,20230724,000000,0.1,0.1,0.086,0.1,29892,0
AEVA-WS.US,D,20230725,000000,0.098201,0.1001,0.0836,0.088,11080,0
AEVA-WS.US,D,20230726,000000,0.0801,0.09,0.0801,0.0893,43239,0
AEVA-WS.US,D,20230727,000000,0.0852,0.0893,0.085,0.0852,7056,0
AEVA-WS.US,D,20230728,000000,0.0851,0.0851,0.085,0.0851,11829,0
AEVA-WS.US,D,20230731,000000,0.0851,0.1013,0.0801,0.1,26452,0
AEVA-WS.US,D,20230801,000000,0.085,0.1144,0.085,0.1022,1305,0
AEVA-WS.US,D,20230802,000000,0.0989,0.0999,0.091,0.091,7641,0
AEVA-WS.US,D,20230803,000000,0.09297,0.0999,0.085,0.09,4179,0
AEVA-WS.US,D,20230804,000000,0.0801,0.0996,0.0801,0.0995,1725,0
AEVA-WS.US,D,20230807,000000,0.09,0.0997,0.07,0.08,235899,0
AEVA-WS.US,D,20230808,000000,0.0968,0.0968,0.08,0.08,29814,0
AEVA-WS.US,D,20230809,000000,0.0891,0.0969,0.069,0.069,33277,0
AEVA-WS.US,D,20230810,000000,0.07527,0.0898,0.07527,0.0898,7663,0
AEVA-WS.US,D,20230811,000000,0.0897,0.0897,0.0799,0.08,72177,0
AEVA-WS.US,D,20230814,000000,0.0757,0.0757,0.069499,0.075,23325,0
AEVA-WS.US,D,20230815,000000,0.079,0.0798,0.0691,0.072699,71079,0
AEVA-WS.US,D,20230816,000000,0.07,0.079599,0.069301,0.0695,53550,0
AEVA-WS.US,D,20230817,000000,0.07455,0.07455,0.07455,0.07455,220,0
AEVA-WS.US,D,20230818,000000,0.0695,0.0796,0.0695,0.07,10963,0
AEVA-WS.US,D,20230821,000000,0.0717,0.0717,0.061,0.061,28885,0
AEVA-WS.US,D,20230822,000000,0.06,0.0704,0.06,0.06,1933,0
AEVA-WS.US,D,20230823,000000,0.061,0.064949,0.05,0.0558,69273,0
AEVA-WS.US,D,20230824,000000,0.0648,0.0648,0.055,0.055,6509,0
AEVA-WS.US,D,20230825,000000,0.0505,0.0644,0.05,0.06,906,0
AEVA-WS.US,D,20230828,000000,0.06,0.07,0.059,0.059,15256,0
AEVA-WS.US,D,20230829,000000,0.057499,0.065,0.05,0.06,40243,0
AEVA-WS.US,D,20230830,000000,0.06,0.06,0.06,0.06,4500,0
AEVA-WS.US,D,20230831,000000,0.06,0.0699,0.0505,0.0505,27684,0
AEVA-WS.US,D,20230901,000000,0.055449,0.0597,0.055,0.0597,951,0
AEVA-WS.US,D,20230905,000000,0.0556,0.0617,0.0505,0.055,26735,0
AEVA-WS.US,D,20230906,000000,0.0868,0.0868,0.057,0.059,1365,0
AEVA-WS.US,D,20230908,000000,0.0699,0.0699,0.059,0.059,15161,0
AEVA-WS.US,D,20230911,000000,0.052,0.0579,0.0505,0.0505,74873,0
AEVA-WS.US,D,20230912,000000,0.052,0.052,0.04,0.0441,211194,0
AEVA-WS.US,D,20230913,000000,0.0495,0.05,0.0403,0.05,4806,0
AEVA-WS.US,D,20230914,000000,0.0501,0.0545,0.04,0.04,9978,0
AEVA-WS.US,D,20230915,000000,0.0424,0.05,0.04,0.04,21472,0
AEVA-WS.US,D,20230918,000000,0.04,0.0477,0.035,0.035,129952,0
AEVA-WS.US,D,20230919,000000,0.04,0.04,0.035,0.035,43210,0
AEVA-WS.US,D,20230920,000000,0.038529,0.04,0.0352,0.0378,74295,0
AEVA-WS.US,D,20230921,000000,0.0355,0.0402,0.0355,0.0402,678,0
AEVA-WS.US,D,20230922,000000,0.04,0.0448,0.04,0.0448,6030,0
AEVA-WS.US,D,20230925,000000,0.04,0.0417,0.0356,0.0356,9063,0
AEVA-WS.US,D,20230926,000000,0.038,0.0395,0.0356,0.038646,41396,0
AEVA-WS.US,D,20230927,000000,0.039,0.039,0.0357,0.037,86893,0
AEVA-WS.US,D,20230928,000000,0.0358,0.0375,0.035,0.0351,217230,0
AEVA-WS.US,D,20230929,000000,0.0462,0.05,0.04,0.0418,92859,0
AEVA-WS.US,D,20231002,000000,0.04,0.0425,0.04,0.0425,9903,0
AEVA-WS.US,D,20231003,000000,0.041,0.0422,0.037,0.0421,51650,0
AEVA-WS.US,D,20231004,000000,0.0375,0.0482,0.0375,0.0399,25019,0
AEVA-WS.US,D,20231006,000000,0.042799,0.0456,0.04,0.0456,16502,0
AEVA-WS.US,D,20231009,000000,0.05,0.05,0.045,0.045,6000,0
AEVA-WS.US,D,20231010,000000,0.0495,0.0533,0.045,0.045,19828,0
AEVA-WS.US,D,20231011,000000,0.045,0.045,0.045,0.045,1000,0
AEVA-WS.US,D,20231012,000000,0.045,0.045,0.045,0.045,701,0
AEVA-WS.US,D,20231013,000000,0.052501,0.06,0.0495,0.06,2253,0
AEVA-WS.US,D,20231017,000000,0.05011,0.05011,0.04505,0.04505,3603,0
AEVA-WS.US,D,20231018,000000,0.0454,0.0466,0.0395,0.0395,39189,0
AEVA-WS.US,D,20231019,000000,0.0399,0.0399,0.037,0.0378,32922,0
AEVA-WS.US,D,20231020,000000,0.0353,0.0409,0.032,0.04,11941,0
AEVA-WS.US,D,20231024,000000,0.04,0.04,0.04,0.04,8800,0
AEVA-WS.US,D,20231025,000000,0.0409,0.0409,0.04,0.04,11379,0
AEVA-WS.US,D,20231026,000000,0.0323,0.0398,0.032,0.0397,1698,0
AEVA-WS.US,D,20231027,000000,0.036501,0.04,0.036501,0.0399,1600,0
AEVA-WS.US,D,20231030,000000,0.032,0.04,0.032,0.0399,879,0
AEVA-WS.US,D,20231031,000000,0.036001,0.04,0.032,0.0399,1900,0
AEVA-WS.US,D,20231101,000000,0.033,0.0399,0.033,0.0399,8395,0
AEVA-WS.US,D,20231102,000000,0.0323,0.04,0.03,0.04,37538,0
AEVA-WS.US,D,20231103,000000,0.0377,0.04,0.0377,0.0395,91339,0
AEVA-WS.US,D,20231106,000000,0.04,0.04,0.0304,0.0399,7775,0
AEVA-WS.US,D,20231107,000000,0.0308,0.04,0.03,0.03615,23730,0
AEVA-WS.US,D,20231108,000000,0.0377,0.04,0.03,0.04,103519,0
AEVA-WS.US,D,20231109,000000,0.0344,0.037051,0.0321,0.0321,10700,0
AEVA-WS.US,D,20231110,000000,0.0328,0.035049,0.0301,0.035049,145524,0
AEVA-WS.US,D,20231113,000000,0.0394,0.04,0.032,0.04,107950,0
AEVA-WS.US,D,20231114,000000,0.05,0.05,0.039,0.039,4706,0
AEVA-WS.US,D,20231115,000000,0.039,0.039,0.0369,0.037,6300,0
AEVA-WS.US,D,20231116,000000,0.035,0.036551,0.0322,0.0322,34561,0
AEVA-WS.US,D,20231117,000000,0.0322,0.0322,0.0322,0.0322,48100,0
AEVA-WS.US,D,20231120,000000,0.0398,0.0398,0.038699,0.038699,260,0
AEVA-WS.US,D,20231121,000000,0.03,0.03,0.0256,0.03,10940,0
AEVA-WS.US,D,20231124,000000,0.0277,0.0277,0.022601,0.025,220200,0
AEVA-WS.US,D,20231127,000000,0.0399,0.0399,0.025,0.025,42150,0
AEVA-WS.US,D,20231128,000000,0.0176,0.0274,0.0176,0.022501,7030,0
AEVA-WS.US,D,20231129,000000,0.0176,0.0224,0.0176,0.0224,2425,0
AEVA-WS.US,D,20231130,000000,0.0201,0.0276,0.017499,0.02,718509,0
AEVA-WS.US,D,20231201,000000,0.0176,0.024,0.015,0.02,838209,0
AEVA-WS.US,D,20231204,000000,0.0151,0.0214,0.0062,0.0212,21524,0
AEVA-WS.US,D,20231205,000000,0.026949,0.0317,0.0101,0.0111,63295,0
AEVA-WS.US,D,20231206,000000,0.011,0.02125,0.011,0.0195,51623,0
AEVA-WS.US,D,20231207,000000,0.0112,0.0199,0.0112,0.0199,2000,0
AEVA-WS.US,D,20231211,000000,0.0116,0.03,0.0116,0.0117,8700,0
AEVA-WS.US,D,20231212,000000,0.01387,0.0342,0.0126,0.0342,95419,0
AEVA-WS.US,D,20231213,000000,0.0226,0.0297,0.0226,0.0297,27411,0
AEVA-WS.US,D,20231214,000000,0.0297,0.03,0.0165,0.0255,71801,0
AEVA-WS.US,D,20231215,000000,0.03,0.03,0.0175,0.0255,79168,0
AEVA-WS.US,D,20231218,000000,0.03,0.03,0.017,0.02115,55172,0
AEVA-WS.US,D,20231219,000000,0.025,0.025,0.0173,0.025,8656,0
AEVA-WS.US,D,20231220,000000,0.0226,0.03,0.0216,0.0263,20337,0
AEVA-WS.US,D,20231221,000000,0.03,0.03,0.03,0.03,1592,0
AEVA-WS.US,D,20231222,000000,0.03,0.035,0.019636,0.0254,50248,0
AEVA-WS.US,D,20231226,000000,0.028001,0.04,0.0211,0.04,14650,0
AEVA-WS.US,D,20231227,000000,0.035001,0.035001,0.026,0.03,8400,0
AEVA-WS.US,D,20231228,000000,0.03,0.03,0.0201,0.0299,24685,0
AEVA-WS.US,D,20231229,000000,0.02031,0.029,0.0203,0.027923,6635,0
AEVA-WS.US,D,20240102,000000,0.0297,0.03,0.0244,0.0244,9642,0
AEVA-WS.US,D,20240103,000000,0.03,0.09,0.03,0.09,138675,0
AEVA-WS.US,D,20240104,000000,0.085,0.086126,0.065,0.085,37373,0
AEVA-WS.US,D,20240105,000000,0.0755,0.105,0.0754,0.1,29777,0
AEVA-WS.US,D,20240108,000000,0.112375,0.112375,0.0872,0.11,25260,0
AEVA-WS.US,D,20240109,000000,0.12,0.1275,0.0759,0.1,91519,0
AEVA-WS.US,D,20240110,000000,0.0989,0.11,0.095,0.0979,30459,0
AEVA-WS.US,D,20240111,000000,0.12,0.155,0.1055,0.1111,20834,0
AEVA-WS.US,D,20240112,000000,0.1111,0.1111,0.091,0.1111,27911,0
AEVA-WS.US,D,20240116,000000,0.11,0.12,0.0879,0.12,8460,0
AEVA-WS.US,D,20240117,000000,0.1044,0.119999,0.085,0.0937,5644,0
AEVA-WS.US,D,20240118,000000,0.0857,0.0857,0.08,0.08,16259,0
AEVA-WS.US,D,20240119,000000,0.077501,0.077501,0.033,0.04,60014,0
AEVA-WS.US,D,20240122,000000,0.07,0.07,0.051,0.051,13379,0
AEVA-WS.US,D,20240123,000000,0.0816,0.088,0.055,0.055,10251,0
AEVA-WS.US,D,20240124,000000,0.0741,0.0912,0.0638,0.07,8400,0
AEVA-WS.US,D,20240125,000000,0.059899,0.07501,0.0569,0.065,27097,0
AEVA-WS.US,D,20240126,000000,0.065,0.065,0.055,0.055,11238,0
AEVA-WS.US,D,20240129,000000,0.058,0.058,0.058,0.058,3001,0
AEVA-WS.US,D,20240130,000000,0.051,0.059,0.051,0.0585,11841,0
AEVA-WS.US,D,20240131,000000,0.06,0.06,0.0599,0.0599,1508,0
AEVA-WS.US,D,20240201,000000,0.055,0.0608,0.046,0.051,27451,0
AEVA-WS.US,D,20240202,000000,0.05,0.059,0.047999,0.0584,8400,0
AEVA-WS.US,D,20240205,000000,0.0934,0.0934,0.0932,0.0932,971,0
AEVA-WS.US,D,20240206,000000,0.0932,0.093272,0.0727,0.0727,16543,0
AEVA-WS.US,D,20240207,000000,0.0721,0.09,0.06,0.0872,16830,0
AEVA-WS.US,D,20240209,000000,0.0925,0.1121,0.0888,0.11,35164,0
AEVA-WS.US,D,20240212,000000,0.0931,0.122499,0.0926,0.1175,77060,0
AEVA-WS.US,D,20240213,000000,0.11,0.1238,0.086,0.0959,42981,0
AEVA-WS.US,D,20240215,000000,0.0975,0.12,0.0975,0.12,2478,0
AEVA-WS.US,D,20240216,000000,0.12,0.12,0.086,0.11,19533,0
AEVA-WS.US,D,20240220,000000,0.0871,0.12,0.0871,0.1174,2742,0
AEVA-WS.US,D,20240221,000000,0.1089,0.11,0.1073,0.1073,2098,0
AEVA-WS.US,D,20240222,000000,0.0999,0.1,0.093,0.1,5344,0
AEVA-WS.US,D,20240223,000000,0.0919,0.1333,0.085,0.115,14889,0
AEVA-WS.US,D,20240226,000000,0.12,0.1373,0.0928,0.1045,29878,0
AEVA-WS.US,D,20240227,000000,0.1,0.125,0.0976,0.1,18346,0
AEVA-WS.US,D,20240228,000000,0.106,0.115,0.1,0.10222,11790,0
AEVA-WS.US,D,20240229,000000,0.105,0.125,0.100101,0.11,8085,0
AEVA-WS.US,D,20240301,000000,0.1111,0.125,0.1,0.115,15028,0
AEVA-WS.US,D,20240304,000000,0.125,0.125,0.11,0.11495,5399,0
AEVA-WS.US,D,20240305,000000,0.115,0.1275,0.115,0.121,8978,0
AEVA-WS.US,D,20240306,000000,0.115,0.127,0.1,0.118,53275,0
AEVA-WS.US,D,20240307,000000,0.111,0.127,0.11003,0.127,25743,0
AEVA-WS.US,D,20240308,000000,0.12699,0.138,0.12525,0.1375,28902,0
AEVA-WS.US,D,20240311,000000,0.1222,0.13,0.121,0.1299,20274,0
AEVA-WS.US,D,20240312,000000,0.11745,0.1299,0.081,0.085,107514,0
AEVA-WS.US,D,20240313,000000,0.105,0.105,0.07,0.0886,61411,0
AEVA-WS.US,D,20240314,000000,0.071,0.1,0.07,0.1,38846,0
AEVA-WS.US,D,20240315,000000,0.07,0.1,0.07,0.1,837,0
AEVA-WS.US,D,20240318,000000,0.11,0.11,0.09,0.1,9354,0
AEVA-WS.US,D,20240319,000000,0.101347,0.1088,0.081,0.088,16449,0
AEVA-WS.US,D,20240320,000000,0.0818,0.094,0.0701,0.092,96986,0
AEVA-WS.US,D,20240321,000000,0.0731,0.08081,0.045,0.075,53550,0
AEVA-WS.US,D,20240322,000000,0.0555,0.0672,0.0493,0.0665,35568,0
AEVA-WS.US,D,20240325,000000,0.05,0.0665,0.05,0.0665,28192,0
AEVA-WS.US,D,20240326,000000,0.05,0.0665,0.05,0.05,1600,0
AEVA-WS.US,D,20240327,000000,0.0639,0.0639,0.053,0.053,6951,0
AEVA-WS.US,D,20240328,000000,0.0525,0.0849,0.0525,0.0849,16417,0
AEVA-WS.US,D,20240401,000000,0.083,0.083,0.083,0.083,8033,0
AEVA-WS.US,D,20240402,000000,0.07,0.0722,0.0452,0.0452,16960,0
AEVA-WS.US,D,20240403,000000,0.059,0.071999,0.059,0.061,2995,0
AEVA-WS.US,D,20240404,000000,0.071999,0.0849,0.067621,0.0689,2986,0
AEVA-WS.US,D,20240405,000000,0.06,0.063,0.06,0.061,17350,0
AEVA-WS.US,D,20240408,000000,0.0848,0.0848,0.0848,0.0848,256,0
AEVA-WS.US,D,20240409,000000,0.0625,0.073701,0.0625,0.0674,2433,0
AEVA-WS.US,D,20240410,000000,0.084,0.084,0.06,0.06,2744,0
AEVA-WS.US,D,20240411,000000,0.06,0.067999,0.0561,0.0607,6543,0
AEVA-WS.US,D,20240412,000000,0.056101,0.0565,0.0364,0.043921,65335,0
AEVA-WS.US,D,20240415,000000,0.041,0.041,0.035,0.04,40095,0
AEVA-WS.US,D,20240416,000000,0.0363,0.045,0.0363,0.044999,7500,0
AEVA-WS.US,D,20240417,000000,0.04,0.0547,0.04,0.0465,1191,0
AEVA-WS.US,D,20240419,000000,0.048,0.0561,0.047064,0.0561,9124,0
AEVA-WS.US,D,20240423,000000,0.0515,0.09,0.0515,0.0641,26041,0
AEVA-WS.US,D,20240424,000000,0.0441,0.0675,0.0441,0.0618,2434,0
AEVA-WS.US,D,20240426,000000,0.048,0.059999,0.045,0.0599,9852,0
AEVA-WS.US,D,20240429,000000,0.059,0.059,0.0521,0.056999,8886,0
AEVA-WS.US,D,20240430,000000,0.052,0.06,0.052,0.06,1303,0
AEVA-WS.US,D,20240501,000000,0.06,0.06,0.050101,0.0566,2074,0
AEVA-WS.US,D,20240503,000000,0.0594,0.06,0.058,0.0599,8702,0
AEVA-WS.US,D,20240506,000000,0.052,0.06,0.05,0.0599,11724,0
AEVA-WS.US,D,20240507,000000,0.086,0.086,0.0675,0.0675,2500,0
AEVA-WS.US,D,20240508,000000,0.0464,0.0675,0.046,0.0675,1170,0
AEVA-WS.US,D,20240513,000000,0.055,0.055,0.051,0.055,2867,0
AEVA-WS.US,D,20240514,000000,0.051,0.0675,0.051,0.064749,3451,0
AEVA-WS.US,D,20240515,000000,0.062,0.0674,0.0351,0.0457,50405,0
AEVA-WS.US,D,20240516,000000,0.0557,0.0675,0.037,0.051,34299,0
AEVA-WS.US,D,20240517,000000,0.038,0.04595,0.037,0.037,14874,0
AEVA-WS.US,D,20240520,000000,0.04366,0.0592,0.04366,0.057399,1800,0
AEVA-WS.US,D,20240524,000000,0.0594,0.0675,0.0594,0.0635,4043,0
AEVA-WS.US,D,20240528,000000,0.045,0.0669,0.045,0.055949,704,0
AEVA-WS.US,D,20240529,000000,0.058899,0.058899,0.039,0.039,129201,0
AEVA-WS.US,D,20240530,000000,0.038,0.0422,0.0365,0.0412,41604,0
AEVA-WS.US,D,20240531,000000,0.0366,0.04,0.036,0.036,6275,0
AEVA-WS.US,D,20240603,000000,0.04,0.04,0.0364,0.0376,40000,0
AEVA-WS.US,D,20240604,000000,0.0363,0.0363,0.0304,0.0336,5385,0
AEVA-WS.US,D,20240606,000000,0.0338,0.035,0.0336,0.035,2300,0
AEVA-WS.US,D,20240607,000000,0.036,0.04,0.036,0.04,4004,0
AEVA-WS.US,D,20240610,000000,0.0335,0.0335,0.033276,0.033276,3600,0
AEVA-WS.US,D,20240611,000000,0.033,0.036,0.033,0.033,1550,0
AEVA-WS.US,D,20240612,000000,0.032,0.0323,0.0301,0.0301,213428,0
AEVA-WS.US,D,20240613,000000,0.0301,0.0316,0.021,0.0216,195465,0
AEVA-WS.US,D,20240614,000000,0.0238,0.0274,0.0237,0.0237,24320,0
AEVA-WS.US,D,20240617,000000,0.0225,0.036,0.0225,0.023,23400,0
AEVA-WS.US,D,20240618,000000,0.0225,0.04,0.0225,0.023,22177,0
AEVA-WS.US,D,20240620,000000,0.024,0.024,0.024,0.024,10197,0
AEVA-WS.US,D,20240621,000000,0.0242,0.024201,0.023,0.023,14500,0
AEVA-WS.US,D,20240624,000000,0.0232,0.0232,0.0232,0.0232,300,0
AEVA-WS.US,D,20240625,000000,0.0235,0.0235,0.021,0.0223,14653,0
AEVA-WS.US,D,20240626,000000,0.03,0.03,0.0235,0.0235,1380,0
AEVA-WS.US,D,20240627,000000,0.025001,0.0255,0.0222,0.0231,13617,0
AEVA-WS.US,D,20240701,000000,0.0235,0.025,0.0211,0.0211,8651,0
AEVA-WS.US,D,20240702,000000,0.0225,0.0225,0.022,0.022,18025,0
AEVA-WS.US,D,20240705,000000,0.0235,0.0246,0.0219,0.0219,29193,0
AEVA-WS.US,D,20240708,000000,0.0242,0.0271,0.023,0.024,5827,0
AEVA-WS.US,D,20240709,000000,0.027,0.027,0.024,0.024,819,0
AEVA-WS.US,D,20240710,000000,0.0268,0.0268,0.024,0.024,720,0
AEVA-WS.US,D,20240711,000000,0.025,0.039,0.024,0.0367,40819,0
AEVA-WS.US,D,20240712,000000,0.037,0.037,0.0367,0.036799,2858,0
AEVA-WS.US,D,20240715,000000,0.0367,0.0388,0.03,0.03,40049,0
AEVA-WS.US,D,20240716,000000,0.035,0.03695,0.03499,0.03499,3487,0
AEVA-WS.US,D,20240717,000000,0.035,0.035,0.033,0.033,15458,0
AEVA-WS.US,D,20240718,000000,0.033,0.033,0.033,0.033,4720,0
AEVA-WS.US,D,20240723,000000,0.0389,0.0389,0.0376,0.0376,12073,0
AEVA-WS.US,D,20240724,000000,0.0335,0.0335,0.032,0.0322,14468,0
AEVA-WS.US,D,20240725,000000,0.0332,0.0333,0.032,0.0321,8000,0
AEVA-WS.US,D,20240726,000000,0.03575,0.0385,0.03575,0.0385,440,0
AEVA-WS.US,D,20240729,000000,0.038,0.0384,0.033,0.034,23928,0
AEVA-WS.US,D,20240730,000000,0.0333,0.0384,0.033,0.0383,9072,0
AEVA-WS.US,D,20240731,000000,0.033,0.0383,0.033,0.0365,2400,0
AEVA-WS.US,D,20240801,000000,0.033,0.0383,0.033,0.038,1198,0
AEVA-WS.US,D,20240805,000000,0.0333,0.0383,0.033,0.0383,2722,0
AEVA-WS.US,D,20240806,000000,0.038,0.038,0.038,0.038,160,0
AEVA-WS.US,D,20240807,000000,0.04,0.04,0.0399,0.0399,285,0
AEVA-WS.US,D,20240808,000000,0.0362,0.037,0.032601,0.037,565,0
AEVA-WS.US,D,20240809,000000,0.037,0.0399,0.0325,0.0398,17351,0
AEVA-WS.US,D,20240812,000000,0.031,0.0362,0.031,0.0362,1325,0
AEVA-WS.US,D,20240813,000000,0.0398,0.04,0.0366,0.0398,10786,0
AEVA-WS.US,D,20240814,000000,0.031,0.0398,0.031,0.039713,1450,0
AEVA-WS.US,D,20240815,000000,0.0393,0.0397,0.0393,0.0396,1925,0
AEVA-WS.US,D,20240816,000000,0.0313,0.04,0.031,0.0399,14486,0
AEVA-WS.US,D,20240819,000000,0.0314,0.0357,0.031,0.0354,3609,0
AEVA-WS.US,D,20240820,000000,0.0395,0.0399,0.0385,0.0399,19633,0
AEVA-WS.US,D,20240821,000000,0.038,0.038,0.035,0.038,10605,0
AEVA-WS.US,D,20240822,000000,0.0395,0.0399,0.0395,0.0399,1346,0
AEVA-WS.US,D,20240823,000000,0.0399,0.0399,0.036,0.036,751,0
AEVA-WS.US,D,20240826,000000,0.037,0.04,0.037,0.04,7129,0
AEVA-WS.US,D,20240827,000000,0.04,0.04,0.0374,0.0386,415,0
AEVA-WS.US,D,20240828,000000,0.04,0.04,0.038801,0.0399,22557,0
AEVA-WS.US,D,20240829,000000,0.04,0.04,0.0351,0.0351,16199,0
AEVA-WS.US,D,20240830,000000,0.035,0.035,0.035,0.035,205,0
AEVA-WS.US,D,20240903,000000,0.0393,0.0397,0.035101,0.0397,1130,0
AEVA-WS.US,D,20240904,000000,0.0399,0.04,0.0351,0.0351,790,0
AEVA-WS.US,D,20240912,000000,0.037,0.037,0.037,0.037,101,0
AEVA-WS.US,D,20240913,000000,0.037,0.037701,0.037,0.0371,5233,0
AEVA-WS.US,D,20240916,000000,0.04,0.04,0.04,0.04,3000,0
AEVA-WS.US,D,20240917,000000,0.039,0.04,0.038749,0.04,4670,0
AEVA-WS.US,D,20240918,000000,0.04,0.04,0.04,0.04,150,0
AEVA-WS.US,D,20240919,000000,0.04,0.04,0.039,0.04,2335,0
AEVA-WS.US,D,20240920,000000,0.04,0.04,0.035,0.04,29930,0
AEVA-WS.US,D,20240924,000000,0.0373,0.0388,0.037,0.0388,4002,0
AEVA-WS.US,D,20240925,000000,0.0396,0.04,0.0371,0.0371,8027,0
AEVA-WS.US,D,20240926,000000,0.0392,0.04,0.0392,0.039746,14627,0
AEVA-WS.US,D,20240927,000000,0.04,0.04,0.0395,0.0395,32349,0
AEVA-WS.US,D,20240930,000000,0.0367,0.0367,0.0367,0.0367,1131,0
AEVA-WS.US,D,20241001,000000,0.035,0.038,0.035,0.038,400,0
AEVA-WS.US,D,20241002,000000,0.035,0.035,0.035,0.035,182,0
AEVA-WS.US,D,20241003,000000,0.035,0.0397,0.035,0.035,16700,0
AEVA-WS.US,D,20241004,000000,0.035,0.0397,0.035,0.0371,1112,0
AEVA-WS.US,D,20241007,000000,0.0363,0.0381,0.0363,0.0381,7550,0
AEVA-WS.US,D,20241008,000000,0.038,0.04,0.038,0.0398,29924,0
AEVA-WS.US,D,20241009,000000,0.0399,0.05,0.0399,0.049,84425,0
AEVA-WS.US,D,20241010,000000,0.05,0.0525,0.0495,0.0525,9193,0
AEVA-WS.US,D,20241011,000000,0.039828,0.0525,0.039828,0.0469,5890,0
AEVA-WS.US,D,20241014,000000,0.05,0.05,0.046,0.046,16393,0
AEVA-WS.US,D,20241015,000000,0.0403,0.0403,0.04,0.0403,2009,0
AEVA-WS.US,D,20241016,000000,0.0459,0.049,0.0459,0.046,1200,0
AEVA-WS.US,D,20241017,000000,0.046685,0.0489,0.046685,0.0468,3455,0
AEVA-WS.US,D,20241018,000000,0.044549,0.059,0.0442,0.0589,10492,0
AEVA-WS.US,D,20241021,000000,0.05891,0.05891,0.05,0.0545,2825,0
AEVA-WS.US,D,20241022,000000,0.059,0.059,0.059,0.059,400,0
AEVA-WS.US,D,20241023,000000,0.059,0.059,0.0501,0.0501,1867,0
AEVA-WS.US,D,20241024,000000,0.050699,0.056,0.050699,0.056,600,0
AEVA-WS.US,D,20241025,000000,0.056,0.064,0.0514,0.0514,9404,0
AEVA-WS.US,D,20241028,000000,0.06,0.06,0.053,0.056399,7650,0
AEVA-WS.US,D,20241029,000000,0.065,0.065,0.053,0.059999,6400,0
AEVA-WS.US,D,20241030,000000,0.06,0.069,0.057,0.063,22147,0
AEVA-WS.US,D,20241031,000000,0.068,0.068,0.063,0.0631,11745,0
AEVA-WS.US,D,20241101,000000,0.0674,0.068,0.053,0.053,7838,0
AEVA-WS.US,D,20241104,000000,0.067,0.067,0.0636,0.0636,1400,0
AEVA-WS.US,D,20241105,000000,0.066,0.066001,0.0636,0.064456,2783,0
AEVA-WS.US,D,20241106,000000,0.0535,0.0649,0.041,0.0649,7160,0
AEVA-WS.US,D,20241107,000000,0.066,0.0688,0.0415,0.0415,2900,0
AEVA-WS.US,D,20241108,000000,0.044,0.0638,0.044,0.0637,6898,0
AEVA-WS.US,D,20241111,000000,0.06,0.06,0.06,0.06,108,0
AEVA-WS.US,D,20241112,000000,0.0636,0.069,0.0635,0.069,39545,0
AEVA-WS.US,D,20241113,000000,0.069,0.069,0.0609,0.0655,50859,0
AEVA-WS.US,D,20241115,000000,0.065,0.065,0.065,0.065,179,0
AEVA-WS.US,D,20241118,000000,0.0479,0.065,0.0475,0.0621,1069,0
AEVA-WS.US,D,20241120,000000,0.062,0.062,0.052,0.0619,3950,0
AEVA-WS.US,D,20241121,000000,0.0582,0.065,0.0541,0.0601,5250,0
AEVA-WS.US,D,20241122,000000,0.0542,0.059,0.046,0.0477,8200,0
AEVA-WS.US,D,20241125,000000,0.05,0.063,0.0361,0.063,66108,0
AEVA-WS.US,D,20241126,000000,0.0669,0.08,0.044,0.0675,84257,0
AEVA-WS.US,D,20241127,000000,0.0676,0.08,0.0676,0.0741,17808,0
AEVA-WS.US,D,20241129,000000,0.08,0.09,0.0662,0.0662,6993,0
AEVA-WS.US,D,20241202,000000,0.059023,0.059023,0.045,0.0498,12079,0
AEVA-WS.US,D,20241203,000000,0.0605,0.0605,0.048,0.048,6806,0
AEVA-WS.US,D,20241204,000000,0.0502,0.075,0.05,0.07,10056,0
AEVA-WS.US,D,20241205,000000,0.0525,0.0689,0.048,0.0634,44969,0
AEVA-WS.US,D,20241206,000000,0.07,0.0707,0.048,0.0525,35601,0
AEVA-WS.US,D,20241209,000000,0.06,0.06,0.05,0.05,58950,0
AEVA-WS.US,D,20241210,000000,0.05,0.064,0.048,0.059,79708,0
AEVA-WS.US,D,20241211,000000,0.06,0.072,0.048,0.054808,27407,0
AEVA-WS.US,D,20241212,000000,0.06,0.0605,0.048,0.0605,7011,0
AEVA-WS.US,D,20241213,000000,0.06,0.0688,0.047,0.051,10600,0
AEVA-WS.US,D,20241216,000000,0.0492,0.0695,0.0488,0.0488,12898,0
AEVA-WS.US,D,20241217,000000,0.05,0.0694,0.047,0.0594,10605,0
AEVA-WS.US,D,20241218,000000,0.0474,0.05299,0.047,0.047,22103,0
AEVA-WS.US,D,20241219,000000,0.047,0.050001,0.047,0.0471,7189,0
AEVA-WS.US,D,20241220,000000,0.047,0.055,0.045,0.045,48290,0
AEVA-WS.US,D,20241223,000000,0.05,0.055,0.042,0.055,105875,0
AEVA-WS.US,D,20241224,000000,0.0505,0.0625,0.05,0.0625,8550,0
AEVA-WS.US,D,20241226,000000,0.0644,0.078,0.05,0.064,195896,0
AEVA-WS.US,D,20241227,000000,0.0666,0.0849,0.063,0.064,40092,0
AEVA-WS.US,D,20241230,000000,0.064,0.064,0.05,0.0533,24601,0
AEVA-WS.US,D,20241231,000000,0.067,0.075,0.056,0.0638,130655,0
AEVA-WS.US,D,20250102,000000,0.0666,0.075,0.06,0.0642,78936,0
AEVA-WS.US,D,20250103,000000,0.0743,0.084,0.0603,0.07,96467,0
AEVA-WS.US,D,20250106,000000,0.0812,0.083,0.07,0.08,67117,0
AEVA-WS.US,D,20250107,000000,0.0831,0.094,0.075,0.081,90492,0
AEVA-WS.US,D,20250108,000000,0.0751,0.0838,0.0565,0.07,59276,0
AEVA-WS.US,D,20250110,000000,0.07,0.0749,0.0456,0.066,45557,0
AEVA-WS.US,D,20250113,000000,0.0693,0.089,0.062,0.0696,20296,0
AEVA-WS.US,D,20250114,000000,0.079044,0.079044,0.062,0.062,15302,0
AEVA-WS.US,D,20250115,000000,0.0693,0.08,0.0631,0.0799,34587,0
AEVA-WS.US,D,20250116,000000,0.07,0.08,0.05,0.08,58741,0
AEVA-WS.US,D,20250117,000000,0.0616,0.0749,0.0616,0.0713,3916,0
AEVA-WS.US,D,20250121,000000,0.0742,0.0749,0.0601,0.0747,29478,0
AEVA-WS.US,D,20250122,000000,0.0699,0.0701,0.0645,0.07,12404,0
AEVA-WS.US,D,20250123,000000,0.07,0.0748,0.0601,0.0674,11607,0
AEVA-WS.US,D,20250124,000000,0.064579,0.0754,0.064579,0.0726,22964,0
AEVA-WS.US,D,20250127,000000,0.0693,0.0693,0.0693,0.0693,354,0
