<TICKER>,<PER>,<DATE>,<TIME>,<OPEN>,<HIGH>,<LOW>,<CLOSE>,<VOL>,<OPENINT>
ASAI.US,D,20210309,000000,12.205,12.205,11.288,11.959,870069,0
ASAI.US,D,20210310,000000,11.959,12.521,11.959,12.422,162618,0
ASAI.US,D,20210311,000000,12.797,13.26,12.59,13.25,167684,0
ASAI.US,D,20210312,000000,13.082,13.082,12.757,12.807,363671,0
ASAI.US,D,20210315,000000,12.581,12.846,12.383,12.521,542598,0
ASAI.US,D,20210316,000000,12.747,12.827,12.432,12.432,115070,0
ASAI.US,D,20210317,000000,12.481,13.073,12.314,13.073,207948,0
ASAI.US,D,20210318,000000,12.886,13.024,12.797,12.817,177493,0
ASAI.US,D,20210319,000000,12.954,13.034,12.698,12.698,311317,0
ASAI.US,D,20210322,000000,12.639,12.639,12.254,12.412,104640,0
ASAI.US,D,20210323,000000,12.274,12.846,12.274,12.708,519921,0
ASAI.US,D,20210324,000000,12.561,12.561,11.899,11.939,296865,0
ASAI.US,D,20210325,000000,12.008,12.491,11.949,12.491,145618,0
ASAI.US,D,20210326,000000,12.807,12.817,12.215,12.422,219178,0
ASAI.US,D,20210329,000000,12.136,12.501,12.017,12.452,156840,0
ASAI.US,D,20210330,000000,12.353,12.658,12.353,12.521,182875,0
ASAI.US,D,20210331,000000,12.521,12.906,12.462,12.817,205699,0
ASAI.US,D,20210401,000000,12.827,13.102,12.304,12.866,560379,0
ASAI.US,D,20210405,000000,13.605,13.635,12.817,13.31,452032,0
ASAI.US,D,20210406,000000,13.379,13.532,13.329,13.447,302834,0
ASAI.US,D,20210407,000000,13.527,13.585,12.866,13.122,190931,0
ASAI.US,D,20210408,000000,13.3,13.665,13.27,13.517,297082,0
ASAI.US,D,20210409,000000,13.507,13.507,13.3,13.379,52813,0
ASAI.US,D,20210412,000000,13.428,13.527,13.171,13.25,658204,0
ASAI.US,D,20210413,000000,13.24,13.447,13.082,13.389,153381,0
ASAI.US,D,20210414,000000,13.3,13.665,13.3,13.665,562321,0
ASAI.US,D,20210415,000000,13.763,13.98,13.684,13.802,1200648,0
ASAI.US,D,20210416,000000,13.892,14.118,13.743,13.95,1681310,0
ASAI.US,D,20210419,000000,13.802,14.472,13.783,14.216,618053,0
ASAI.US,D,20210420,000000,14.305,14.621,14.295,14.335,1056338,0
ASAI.US,D,20210421,000000,14.295,14.611,13.872,14.375,54198,0
ASAI.US,D,20210422,000000,14.463,14.828,14.404,14.541,1228960,0
ASAI.US,D,20210423,000000,14.551,14.67,14.355,14.444,142820,0
ASAI.US,D,20210426,000000,14.531,14.611,14.355,14.541,174572,0
ASAI.US,D,20210427,000000,14.463,14.521,14.177,14.266,248306,0
ASAI.US,D,20210428,000000,14.226,14.71,14.207,14.601,294175,0
ASAI.US,D,20210429,000000,14.636,14.785,14.409,14.785,103713,0
ASAI.US,D,20210430,000000,14.706,14.746,14.478,14.577,189142,0
ASAI.US,D,20210503,000000,14.765,14.963,14.557,14.805,1507806,0
ASAI.US,D,20210504,000000,14.765,15.032,14.736,14.913,117768,0
ASAI.US,D,20210505,000000,15.438,15.962,15.438,15.745,447341,0
ASAI.US,D,20210506,000000,15.903,16.289,15.868,16.23,253801,0
ASAI.US,D,20210507,000000,16.289,16.863,16.284,16.685,597422,0
ASAI.US,D,20210510,000000,16.596,16.646,16.368,16.606,315123,0
ASAI.US,D,20210511,000000,16.24,16.557,16.23,16.428,98596,0
ASAI.US,D,20210512,000000,16.171,16.181,15.656,15.735,81035,0
ASAI.US,D,20210513,000000,15.923,16.21,15.785,15.873,121030,0
ASAI.US,D,20210514,000000,16.042,16.181,15.863,16.072,144897,0
ASAI.US,D,20210517,000000,15.992,16.111,15.795,15.853,95939,0
ASAI.US,D,20210518,000000,15.953,15.953,15.599,15.903,441369,0
ASAI.US,D,20210519,000000,15.815,16.012,15.25,15.29,171594,0
ASAI.US,D,20210520,000000,15.557,15.676,15.378,15.567,159259,0
ASAI.US,D,20210521,000000,15.716,16.052,15.359,15.972,363343,0
ASAI.US,D,20210524,000000,16.201,16.576,15.982,16.507,357590,0
ASAI.US,D,20210525,000000,16.586,16.611,16.24,16.289,309647,0
ASAI.US,D,20210526,000000,16.418,16.507,16.24,16.447,332024,0
ASAI.US,D,20210527,000000,16.764,16.774,16.398,16.557,129214,0
ASAI.US,D,20210528,000000,16.576,16.982,16.477,16.794,180823,0
ASAI.US,D,20210601,000000,17.407,17.487,16.893,17.091,357348,0
ASAI.US,D,20210602,000000,17.17,17.259,16.913,17.061,196121,0
ASAI.US,D,20210603,000000,17.012,17.022,16.487,16.487,46778,0
ASAI.US,D,20210604,000000,17.022,17.18,16.784,17.061,140731,0
ASAI.US,D,20210607,000000,16.666,16.972,16.408,16.794,129304,0
ASAI.US,D,20210608,000000,16.813,16.833,16.338,16.358,322045,0
ASAI.US,D,20210609,000000,16.616,16.646,16.201,16.418,285866,0
ASAI.US,D,20210610,000000,16.368,16.666,16.328,16.656,90771,0
ASAI.US,D,20210611,000000,16.398,16.408,16.002,16.22,121721,0
ASAI.US,D,20210614,000000,16.447,16.457,16.161,16.21,55889,0
ASAI.US,D,20210615,000000,16.25,16.309,15.853,16.151,114459,0
ASAI.US,D,20210616,000000,16.477,16.507,15.953,16.161,175490,0
ASAI.US,D,20210617,000000,16.309,16.438,16.131,16.27,264451,0
ASAI.US,D,20210618,000000,16.368,16.685,16.052,16.348,202045,0
ASAI.US,D,20210621,000000,16.537,17.042,16.467,16.942,146904,0
ASAI.US,D,20210622,000000,16.873,17.141,16.576,17.061,126693,0
ASAI.US,D,20210623,000000,17.022,17.141,16.913,17.091,160307,0
ASAI.US,D,20210624,000000,17.288,17.626,17.219,17.606,102563,0
ASAI.US,D,20210625,000000,17.596,17.596,16.754,16.942,153318,0
ASAI.US,D,20210628,000000,16.972,17.18,16.833,17.111,98164,0
ASAI.US,D,20210629,000000,17.032,17.318,16.834,17.2,112095,0
ASAI.US,D,20210630,000000,16.893,17.081,16.725,16.923,145155,0
ASAI.US,D,20210701,000000,17.002,17.032,16.566,16.666,146751,0
ASAI.US,D,20210702,000000,16.903,16.952,16.576,16.636,234440,0
ASAI.US,D,20210706,000000,16.328,16.467,16.141,16.171,83884,0
ASAI.US,D,20210707,000000,16.28,16.388,15.951,16.319,83251,0
ASAI.US,D,20210708,000000,16.072,16.438,15.873,16.141,96861,0
ASAI.US,D,20210709,000000,16.131,16.358,16.032,16.23,12802,0
ASAI.US,D,20210712,000000,16.181,16.507,16.062,16.457,104535,0
ASAI.US,D,20210713,000000,16.428,16.883,16.289,16.705,253871,0
ASAI.US,D,20210714,000000,17.2,17.209,16.923,17.002,346063,0
ASAI.US,D,20210715,000000,17.012,17.061,16.517,16.547,276353,0
ASAI.US,D,20210716,000000,16.803,17.17,16.735,16.853,150815,0
ASAI.US,D,20210719,000000,16.507,16.676,16.319,16.388,743829,0
ASAI.US,D,20210720,000000,16.24,16.462,16.201,16.358,218758,0
ASAI.US,D,20210721,000000,16.309,16.497,16.121,16.487,124579,0
ASAI.US,D,20210722,000000,16.547,16.566,16.374,16.566,72629,0
ASAI.US,D,20210723,000000,16.616,16.725,16.438,16.517,57876,0
ASAI.US,D,20210726,000000,16.616,17.151,16.527,17.051,279156,0
ASAI.US,D,20210727,000000,17.071,17.18,16.843,16.972,349686,0
ASAI.US,D,20210728,000000,16.883,16.977,16.328,16.952,169923,0
ASAI.US,D,20210729,000000,16.893,17.071,16.676,17.012,223036,0
ASAI.US,D,20210730,000000,16.932,17.056,16.25,16.289,255350,0
ASAI.US,D,20210802,000000,16.537,16.972,16.507,16.666,115957,0
ASAI.US,D,20210803,000000,16.299,16.477,16.012,16.408,126740,0
ASAI.US,D,20210804,000000,16.457,16.774,16.191,16.527,85900,0
ASAI.US,D,20210805,000000,16.774,17.051,16.358,16.507,160876,0
ASAI.US,D,20210806,000000,16.378,16.586,16.151,16.576,134877,0
ASAI.US,D,20210809,000000,16.656,17.17,16.517,16.962,114683,0
ASAI.US,D,20210810,000000,17.111,17.556,17.042,17.477,105008,0
ASAI.US,D,20210811,000000,17.437,17.467,17.042,17.071,92596,0
ASAI.US,D,20210812,000000,16.596,16.774,16.517,16.576,188369,0
ASAI.US,D,20210813,000000,16.576,16.962,16.447,16.666,134287,0
ASAI.US,D,20210816,000000,16.586,16.586,15.953,16.042,116727,0
ASAI.US,D,20210817,000000,15.606,16.042,15.378,15.765,177672,0
ASAI.US,D,20210818,000000,15.706,15.745,15.151,15.26,577015,0
ASAI.US,D,20210819,000000,15.181,16.131,15.042,15.834,626960,0
ASAI.US,D,20210820,000000,15.716,16.656,15.686,16.378,329730,0
ASAI.US,D,20210823,000000,16.22,16.289,15.913,16.24,282330,0
ASAI.US,D,20210824,000000,16.27,16.842,16.26,16.754,357900,0
ASAI.US,D,20210825,000000,16.764,17.061,16.606,16.853,112662,0
ASAI.US,D,20210826,000000,16.725,16.784,16.319,16.507,543968,0
ASAI.US,D,20210827,000000,16.438,16.646,16.28,16.517,68002,0
ASAI.US,D,20210830,000000,16.26,16.735,16.091,16.457,129905,0
ASAI.US,D,20210831,000000,16.537,16.784,16.151,16.22,167888,0
ASAI.US,D,20210901,000000,16.171,16.774,16.171,16.388,193300,0
ASAI.US,D,20210902,000000,16.141,17.061,16.131,16.823,160734,0
ASAI.US,D,20210903,000000,16.774,17.288,16.725,17.17,180636,0
ASAI.US,D,20210907,000000,17.229,17.803,17.141,17.655,149161,0
ASAI.US,D,20210908,000000,17.071,17.249,16.398,16.695,340684,0
ASAI.US,D,20210909,000000,16.695,17.259,16.517,17.18,265546,0
ASAI.US,D,20210910,000000,17.071,17.467,16.952,17.051,143678,0
ASAI.US,D,20210913,000000,17.546,17.853,17.338,17.556,190340,0
ASAI.US,D,20210914,000000,17.853,18.071,17.161,17.209,366848,0
ASAI.US,D,20210915,000000,17.121,17.704,17.012,17.704,185091,0
ASAI.US,D,20210916,000000,17.636,18.002,17.586,17.972,93806,0
ASAI.US,D,20210917,000000,17.883,18.051,17.674,17.962,81583,0
ASAI.US,D,20210920,000000,17.467,17.674,17.17,17.437,103890,0
ASAI.US,D,20210921,000000,17.487,18.358,17.447,18.179,190356,0
ASAI.US,D,20210922,000000,18.031,18.209,17.873,17.992,209727,0
ASAI.US,D,20210923,000000,17.922,18.197,17.754,18.002,80079,0
ASAI.US,D,20210924,000000,17.606,17.724,17.328,17.348,147731,0
ASAI.US,D,20210927,000000,17.517,17.803,17.447,17.793,79873,0
ASAI.US,D,20210928,000000,17.388,17.467,17.209,17.388,130588,0
ASAI.US,D,20210929,000000,17.338,17.576,17.141,17.209,68740,0
ASAI.US,D,20210930,000000,17.348,17.803,17.219,17.249,150787,0
ASAI.US,D,20211001,000000,17.417,17.902,17.348,17.674,125913,0
ASAI.US,D,20211004,000000,17.626,17.636,17.239,17.407,88392,0
ASAI.US,D,20211005,000000,17.407,17.507,17.131,17.19,58331,0
ASAI.US,D,20211006,000000,17.071,17.487,16.972,17.219,155121,0
ASAI.US,D,20211007,000000,17.101,17.17,16.903,16.972,113964,0
ASAI.US,D,20211008,000000,17.128,17.148,16.235,16.235,148515,0
ASAI.US,D,20211011,000000,16.384,16.404,15.501,15.719,565632,0
ASAI.US,D,20211012,000000,15.63,15.908,15.382,15.63,303565,0
ASAI.US,D,20211013,000000,15.749,16.334,15.739,16.126,151755,0
ASAI.US,D,20211014,000000,16.086,16.493,15.69,16.275,780070,0
ASAI.US,D,20211015,000000,15.075,16.106,15.025,16.037,851796,0
ASAI.US,D,20211018,000000,15.64,15.68,15.174,15.263,114831,0
ASAI.US,D,20211019,000000,15.005,15.025,14.51,14.668,152252,0
ASAI.US,D,20211020,000000,14.906,15.129,14.718,14.976,381837,0
ASAI.US,D,20211021,000000,14.629,14.946,14.028,14.331,199474,0
ASAI.US,D,20211022,000000,14.073,14.381,13.379,14.143,258859,0
ASAI.US,D,20211025,000000,14.371,14.559,14.068,14.43,178261,0
ASAI.US,D,20211026,000000,14.361,14.371,13.964,14.192,83298,0
ASAI.US,D,20211027,000000,14.242,14.272,13.786,13.974,139714,0
ASAI.US,D,20211028,000000,13.795,14.043,13.577,13.786,149808,0
ASAI.US,D,20211029,000000,14.014,14.024,13.379,13.379,105672,0
ASAI.US,D,20211101,000000,13.389,13.458,13.042,13.081,119365,0
ASAI.US,D,20211102,000000,13.081,13.081,12.556,12.665,67014,0
ASAI.US,D,20211103,000000,13.052,13.825,13.022,13.647,238725,0
ASAI.US,D,20211104,000000,13.518,13.676,13.26,13.3,94817,0
ASAI.US,D,20211105,000000,13.627,13.766,13.324,13.627,77568,0
ASAI.US,D,20211108,000000,13.528,13.895,13.528,13.795,78414,0
ASAI.US,D,20211109,000000,13.994,14.222,13.934,14.033,97454,0
ASAI.US,D,20211110,000000,14.262,14.599,14.153,14.519,112097,0
ASAI.US,D,20211111,000000,14.619,14.886,14.519,14.579,171206,0
ASAI.US,D,20211112,000000,14.4,14.559,14.182,14.252,181539,0
ASAI.US,D,20211115,000000,14.272,14.341,14.153,14.252,38408,0
ASAI.US,D,20211116,000000,13.865,13.944,13.28,13.518,385419,0
ASAI.US,D,20211117,000000,13.19,13.31,12.705,12.863,221891,0
ASAI.US,D,20211118,000000,12.625,12.695,12.298,12.496,197608,0
ASAI.US,D,20211119,000000,12.824,12.903,12.427,12.447,113135,0
ASAI.US,D,20211122,000000,12.516,12.556,12.189,12.219,117332,0
ASAI.US,D,20211123,000000,12.228,12.352,11.99,12.268,81029,0
ASAI.US,D,20211124,000000,12.159,12.457,12.08,12.119,91706,0
ASAI.US,D,20211126,000000,11.99,12.199,11.852,11.862,102934,0
ASAI.US,D,20211129,000000,11.762,11.891,11.514,11.544,104532,0
ASAI.US,D,20211130,000000,11.306,12.159,10.919,11.772,350107,0
ASAI.US,D,20211201,000000,11.306,11.445,10.82,10.85,255310,0
ASAI.US,D,20211202,000000,11.009,11.157,10.84,10.919,97256,0
ASAI.US,D,20211203,000000,11.425,11.693,11.405,11.633,135334,0
ASAI.US,D,20211206,000000,11.981,12.129,11.832,12.129,103244,0
ASAI.US,D,20211207,000000,12.457,12.655,12.397,12.437,126893,0
ASAI.US,D,20211208,000000,12.695,13.151,12.645,12.943,180582,0
ASAI.US,D,20211209,000000,12.764,12.764,12.556,12.615,100157,0
ASAI.US,D,20211210,000000,13.052,13.2,12.893,13.062,92859,0
ASAI.US,D,20211213,000000,12.893,12.962,12.556,12.645,182640,0
ASAI.US,D,20211214,000000,12.705,12.734,12.437,12.576,154867,0
ASAI.US,D,20211215,000000,12.635,12.863,12.496,12.853,155432,0
ASAI.US,D,20211216,000000,12.774,12.838,12.595,12.744,116799,0
ASAI.US,D,20211217,000000,12.496,12.824,12.476,12.625,161765,0
ASAI.US,D,20211220,000000,12.486,12.526,12.06,12.179,202838,0
ASAI.US,D,20211221,000000,12.228,12.347,12.119,12.288,122074,0
ASAI.US,D,20211222,000000,12.129,12.417,12.07,12.377,148057,0
ASAI.US,D,20211223,000000,12.347,12.397,12.228,12.347,118008,0
ASAI.US,D,20211227,000000,12.397,12.397,11.921,12.01,207742,0
ASAI.US,D,20211228,000000,11.653,11.653,11.395,11.534,299943,0
ASAI.US,D,20211229,000000,11.455,11.509,11.197,11.207,120538,0
ASAI.US,D,20211230,000000,11.475,11.792,11.475,11.733,214003,0
ASAI.US,D,20211231,000000,11.792,12.07,11.663,11.752,227618,0
ASAI.US,D,20220103,000000,11.068,11.316,10.929,11.197,252375,0
ASAI.US,D,20220104,000000,10.949,11.177,10.918,11.088,174291,0
ASAI.US,D,20220105,000000,10.909,11.108,10.384,10.394,325518,0
ASAI.US,D,20220106,000000,10.374,10.592,10.106,10.136,177416,0
ASAI.US,D,20220107,000000,10.057,10.146,9.908,10.066,112817,0
ASAI.US,D,20220110,000000,9.878,9.937,9.65,9.918,230134,0
ASAI.US,D,20220111,000000,9.918,10.225,9.908,10.166,170106,0
ASAI.US,D,20220112,000000,10.404,10.642,10.379,10.632,173241,0
ASAI.US,D,20220113,000000,10.701,10.88,10.542,10.83,122654,0
ASAI.US,D,20220114,000000,10.731,10.949,10.731,10.9,120272,0
ASAI.US,D,20220118,000000,10.78,10.79,10.552,10.642,175021,0
ASAI.US,D,20220119,000000,10.999,11.108,10.969,10.989,287604,0
ASAI.US,D,20220120,000000,11.068,11.217,10.89,10.979,219666,0
ASAI.US,D,20220121,000000,10.959,11.098,10.82,11.058,137282,0
ASAI.US,D,20220124,000000,10.84,10.989,10.78,10.919,155285,0
ASAI.US,D,20220125,000000,10.463,11.366,10.414,11.247,331782,0
ASAI.US,D,20220126,000000,11.504,11.703,11.187,11.237,439106,0
ASAI.US,D,20220127,000000,11.356,11.673,11.346,11.544,155988,0
ASAI.US,D,20220128,000000,11.475,11.495,11.038,11.366,171799,0
ASAI.US,D,20220131,000000,11.653,11.921,11.584,11.852,168479,0
ASAI.US,D,20220201,000000,11.624,11.901,11.594,11.862,173711,0
ASAI.US,D,20220202,000000,11.792,11.921,11.584,11.852,89136,0
ASAI.US,D,20220203,000000,11.733,11.866,11.663,11.752,238527,0
ASAI.US,D,20220204,000000,11.475,12.04,11.276,12,286639,0
ASAI.US,D,20220207,000000,12.278,12.318,12.1,12.109,111195,0
ASAI.US,D,20220208,000000,11.961,11.981,11.713,11.822,169539,0
ASAI.US,D,20220209,000000,11.832,12.169,11.767,12,303232,0
ASAI.US,D,20220210,000000,11.931,12.328,11.931,12.08,203206,0
ASAI.US,D,20220211,000000,11.995,12.109,11.624,11.673,141650,0
ASAI.US,D,20220214,000000,11.703,11.792,11.624,11.743,79615,0
ASAI.US,D,20220215,000000,11.792,11.99,11.624,11.633,149962,0
ASAI.US,D,20220216,000000,12.476,12.794,12.288,12.665,219275,0
ASAI.US,D,20220217,000000,12.833,12.913,12.605,12.794,213410,0
ASAI.US,D,20220218,000000,12.615,12.615,12.288,12.328,244687,0
ASAI.US,D,20220222,000000,12.576,12.972,12.526,12.804,116752,0
ASAI.US,D,20220223,000000,13.181,13.24,13.012,13.131,107636,0
ASAI.US,D,20220224,000000,12.615,13.28,12.556,13.19,104328,0
ASAI.US,D,20220225,000000,13.121,13.141,12.863,13.022,106665,0
ASAI.US,D,20220228,000000,12.903,12.982,12.496,12.943,37030,0
ASAI.US,D,20220301,000000,12.833,13.339,12.833,12.972,78534,0
ASAI.US,D,20220302,000000,12.962,13.012,12.675,12.933,201556,0
ASAI.US,D,20220303,000000,13.111,13.27,12.774,12.992,192146,0
ASAI.US,D,20220304,000000,12.635,12.685,12.367,12.407,192432,0
ASAI.US,D,20220307,000000,12.318,12.357,11.941,11.951,130347,0
ASAI.US,D,20220308,000000,12,12.318,11.752,11.981,270610,0
ASAI.US,D,20220309,000000,12.744,13.528,12.744,13.319,244052,0
ASAI.US,D,20220310,000000,12.695,13.478,12.576,13.171,126544,0
ASAI.US,D,20220311,000000,13.111,13.141,12.516,12.605,78270,0
ASAI.US,D,20220314,000000,12.843,12.992,12.615,12.754,101338,0
ASAI.US,D,20220315,000000,12.635,13.012,12.546,13.012,134013,0
ASAI.US,D,20220316,000000,13.161,13.28,12.903,13.26,156797,0
ASAI.US,D,20220317,000000,13.329,13.518,13.19,13.498,100016,0
ASAI.US,D,20220318,000000,13.458,14.262,13.448,14.063,152108,0
ASAI.US,D,20220321,000000,14.093,14.222,13.776,14.172,116562,0
ASAI.US,D,20220322,000000,14.876,14.966,14.599,14.857,166236,0
ASAI.US,D,20220323,000000,14.807,15.581,14.728,15.392,133153,0
ASAI.US,D,20220324,000000,15.452,15.878,15.382,15.729,325704,0
ASAI.US,D,20220325,000000,15.967,16.642,15.789,16.642,318180,0
ASAI.US,D,20220328,000000,16.463,17.138,16.374,16.939,347436,0
ASAI.US,D,20220329,000000,17.078,17.207,16.83,16.92,233338,0
ASAI.US,D,20220330,000000,16.92,17.177,16.682,16.711,118794,0
ASAI.US,D,20220331,000000,16.979,17.237,16.83,17.039,169219,0
ASAI.US,D,20220401,000000,17.296,17.515,17.068,17.515,343498,0
ASAI.US,D,20220404,000000,17.723,17.772,17.465,17.485,86779,0
ASAI.US,D,20220405,000000,17.415,17.534,17.068,17.128,90076,0
ASAI.US,D,20220406,000000,16.89,17.301,16.682,16.999,518183,0
ASAI.US,D,20220407,000000,16.949,16.969,16.582,16.781,119321,0
ASAI.US,D,20220408,000000,16.662,16.949,16.295,16.88,87859,0
ASAI.US,D,20220411,000000,16.9,17.009,16.721,16.84,73691,0
ASAI.US,D,20220412,000000,17.326,17.624,17.068,17.366,604259,0
ASAI.US,D,20220413,000000,17.326,17.733,17.316,17.425,205512,0
ASAI.US,D,20220414,000000,17.197,17.316,16.959,17.267,276415,0
ASAI.US,D,20220418,000000,17.197,17.296,17.009,17.009,127085,0
ASAI.US,D,20220419,000000,16.959,17.485,16.939,17.405,126620,0
ASAI.US,D,20220420,000000,17.842,18.189,17.554,17.693,710632,0
ASAI.US,D,20220421,000000,17.723,17.802,16.761,16.84,175521,0
ASAI.US,D,20220422,000000,16.949,17.029,16.245,16.483,218776,0
ASAI.US,D,20220425,000000,16.196,16.364,15.938,16.205,161745,0
ASAI.US,D,20220426,000000,15.967,15.967,15.596,15.829,207288,0
ASAI.US,D,20220427,000000,15.858,16.007,15.62,15.839,178415,0
ASAI.US,D,20220428,000000,15.68,15.729,15.372,15.62,210550,0
ASAI.US,D,20220429,000000,15.719,15.858,15.402,15.452,203028,0
ASAI.US,D,20220502,000000,15.343,15.372,14.708,14.996,186887,0
ASAI.US,D,20220503,000000,15.075,15.353,14.996,15.194,113846,0
ASAI.US,D,20220504,000000,14.976,15.749,14.867,15.749,282844,0
ASAI.US,D,20220505,000000,15.283,15.283,14.668,14.936,346018,0
ASAI.US,D,20220506,000000,14.7,15,14.31,14.39,282714,0
ASAI.US,D,20220509,000000,14.2,14.41,14.02,14.28,164107,0
ASAI.US,D,20220510,000000,14.34,15.06,14.27,14.88,216339,0
ASAI.US,D,20220511,000000,14.79,14.99,14.48,14.53,494426,0
ASAI.US,D,20220512,000000,14.58,15.23,14.53,14.66,803439,0
ASAI.US,D,20220513,000000,14.72,15.41,14.7,15.29,93869,0
ASAI.US,D,20220516,000000,15.24,15.275,14.97,15.16,382731,0
ASAI.US,D,20220517,000000,15.51,15.98,15.48,15.92,549734,0
ASAI.US,D,20220518,000000,15.74,15.83,15.33,15.43,421671,0
ASAI.US,D,20220519,000000,15.45,15.725,15.4,15.63,167405,0
ASAI.US,D,20220520,000000,15.81,16.44,15.75,16.39,373417,0
ASAI.US,D,20220523,000000,16.6,16.67,16.35,16.46,202176,0
ASAI.US,D,20220524,000000,16.53,16.61,16.07,16.35,614935,0
ASAI.US,D,20220525,000000,16.05,16.52,15.97,16.22,458946,0
ASAI.US,D,20220526,000000,16.29,16.95,16.25,16.87,233358,0
ASAI.US,D,20220527,000000,16.66,16.89,16.55,16.6,1167193,0
ASAI.US,D,20220531,000000,16.72,16.9306,16.4057,16.52,172501,0
ASAI.US,D,20220601,000000,16.82,16.86,15.91,15.95,167159,0
ASAI.US,D,20220602,000000,16.24,16.63,16.06,16.62,1327608,0
ASAI.US,D,20220603,000000,16.26,16.35,16,16.09,322901,0
ASAI.US,D,20220606,000000,16.33,16.43,16.04,16.19,282747,0
ASAI.US,D,20220607,000000,15.72,16.3,15.55,16.08,382489,0
ASAI.US,D,20220608,000000,16.06,16.72,16.06,16.28,609607,0
ASAI.US,D,20220609,000000,16.06,16.35,15.62,15.82,412354,0
ASAI.US,D,20220610,000000,15.26,15.33,14.77,14.99,333945,0
ASAI.US,D,20220613,000000,14.51,14.6,14.01,14.09,257352,0
ASAI.US,D,20220614,000000,14.23,14.3,13.95,14.04,182803,0
ASAI.US,D,20220615,000000,14.55,15.48,14.53,15.25,429945,0
ASAI.US,D,20220616,000000,14.83,14.895,14.415,14.52,85155,0
ASAI.US,D,20220617,000000,14.77,15.27,14.73,14.97,209348,0
ASAI.US,D,20220621,000000,15.4,15.475,14.83,14.91,270050,0
ASAI.US,D,20220622,000000,15.03,15.1,14.345,14.4,320179,0
ASAI.US,D,20220623,000000,14.46,14.79,14.44,14.57,130004,0
ASAI.US,D,20220624,000000,14.34,14.42,14.04,14.13,240171,0
ASAI.US,D,20220627,000000,14.12,14.27,13.98,14.03,137119,0
ASAI.US,D,20220628,000000,14.26,14.4,13.73,13.77,178340,0
ASAI.US,D,20220629,000000,13.85,13.97,13.46,13.76,255360,0
ASAI.US,D,20220630,000000,13.4,13.8,13.16,13.59,165750,0
ASAI.US,D,20220701,000000,13.29,13.74,13.26,13.68,165746,0
ASAI.US,D,20220705,000000,13.21,13.58,12.92,13.56,215350,0
ASAI.US,D,20220706,000000,13.81,13.95,13.365,13.65,159866,0
ASAI.US,D,20220707,000000,14.02,14.45,13.99,14.13,236866,0
ASAI.US,D,20220708,000000,14.24,14.53,14.08,14.41,81357,0
ASAI.US,D,20220711,000000,14.26,14.34,14.06,14.24,74042,0
ASAI.US,D,20220712,000000,13.97,14.31,13.92,13.99,109172,0
ASAI.US,D,20220713,000000,13.84,14.48,13.84,14.08,279237,0
ASAI.US,D,20220714,000000,13.95,14.24,13.94,14.05,105075,0
ASAI.US,D,20220715,000000,14.04,14.52,13.865,14.42,170055,0
ASAI.US,D,20220718,000000,14.42,14.68,14.13,14.16,266733,0
ASAI.US,D,20220719,000000,14.35,14.42,14.12,14.2,207902,0
ASAI.US,D,20220720,000000,14.34,14.49,13.83,14.05,139076,0
ASAI.US,D,20220721,000000,13.94,14.07,13.76,13.95,66865,0
ASAI.US,D,20220722,000000,14.26,14.4,14.04,14.09,259593,0
ASAI.US,D,20220725,000000,14.57,14.78,14.35,14.47,424477,0
ASAI.US,D,20220726,000000,14.43,14.57,14.23,14.41,340369,0
ASAI.US,D,20220727,000000,15.13,15.71,14.8,15.66,462437,0
ASAI.US,D,20220728,000000,15.4,15.72,15.2,15.68,242435,0
ASAI.US,D,20220729,000000,15.36,15.46,15.21,15.22,243415,0
ASAI.US,D,20220801,000000,15.12,15.44,14.84,14.98,425790,0
ASAI.US,D,20220802,000000,14.84,14.95,14.63,14.72,169846,0
ASAI.US,D,20220803,000000,14.8,15.65,14.8,15.54,158430,0
ASAI.US,D,20220804,000000,16.02,16.2,15.77,16.01,112200,0
ASAI.US,D,20220805,000000,15.98,16.49,15.96,16.43,125932,0
ASAI.US,D,20220808,000000,16.57,17.07,16.55,16.94,140925,0
ASAI.US,D,20220809,000000,17.06,17.09,16.64,16.84,101780,0
ASAI.US,D,20220810,000000,17.4,17.52,17.05,17.14,103016,0
ASAI.US,D,20220811,000000,17.26,17.43,16.96,17.03,212612,0
ASAI.US,D,20220812,000000,17.42,17.89,17.41,17.72,196994,0
ASAI.US,D,20220815,000000,17.53,17.96,17.48,17.83,230489,0
ASAI.US,D,20220816,000000,17.6,17.7,17.4,17.53,109701,0
ASAI.US,D,20220817,000000,17.34,17.44,17.22,17.3,110266,0
ASAI.US,D,20220818,000000,17.57,17.63,17.37,17.37,58039,0
ASAI.US,D,20220819,000000,17.32,17.49,17.1,17.19,103080,0
ASAI.US,D,20220822,000000,17.08,17.5,16.83,17.38,309716,0
ASAI.US,D,20220823,000000,17.47,18.09,17.38,17.42,357499,0
ASAI.US,D,20220824,000000,17.34,17.47,17.22,17.36,111091,0
ASAI.US,D,20220825,000000,17.18,17.5401,17.15,17.47,84619,0
ASAI.US,D,20220826,000000,17.6,17.7999,17.36,17.61,200400,0
ASAI.US,D,20220829,000000,17.79,18.59,17.78,18.13,738732,0
ASAI.US,D,20220830,000000,18.27,18.3099,17.77,17.79,172094,0
ASAI.US,D,20220831,000000,17.62,17.92,17.43,17.62,366988,0
ASAI.US,D,20220901,000000,17.84,18.095,17.6775,17.84,255666,0
ASAI.US,D,20220902,000000,18.04,18.56,18,18.2,233542,0
ASAI.US,D,20220906,000000,18.4,18.6,18.16,18.47,274114,0
ASAI.US,D,20220907,000000,18.3,18.6,17.7638,18.49,205178,0
ASAI.US,D,20220908,000000,18.39,18.62,18.18,18.32,160285,0
ASAI.US,D,20220909,000000,18.27,18.45,18.18,18.31,129506,0
ASAI.US,D,20220912,000000,18.41,18.41,17.97,18.13,187311,0
ASAI.US,D,20220913,000000,17.63,17.93,17.31,17.47,109742,0
ASAI.US,D,20220914,000000,17.51,17.86,17.49,17.64,265608,0
ASAI.US,D,20220915,000000,17.51,17.66,17.29,17.39,79624,0
ASAI.US,D,20220916,000000,17.13,17.13,16.73,16.95,427227,0
ASAI.US,D,20220919,000000,16.91,17.6,16.88,17.49,205063,0
ASAI.US,D,20220920,000000,17.48,17.78,17.45,17.62,265876,0
ASAI.US,D,20220921,000000,17.77,18.09,17.54,17.54,244970,0
ASAI.US,D,20220922,000000,17.53,17.71,17,17.59,303185,0
ASAI.US,D,20220923,000000,17.22,17.31,16.69,16.89,244844,0
ASAI.US,D,20220926,000000,16.48,16.66,16.26,16.46,140082,0
ASAI.US,D,20220927,000000,16.79,16.85,16.3,16.54,284531,0
ASAI.US,D,20220928,000000,16.55,16.83,16.41,16.73,1517920,0
ASAI.US,D,20220929,000000,16.49,16.75,16.23,16.6,524186,0
ASAI.US,D,20220930,000000,16.38,16.53,16.1,16.13,452148,0
ASAI.US,D,20221003,000000,16.85,17.87,16.76,17.7,452115,0
ASAI.US,D,20221004,000000,17.88,17.96,17.21,17.44,224878,0
ASAI.US,D,20221005,000000,17.11,17.595,17.08,17.44,200749,0
ASAI.US,D,20221006,000000,17.41,17.59,17.21,17.33,242284,0
ASAI.US,D,20221007,000000,17.25,17.59,17.21,17.31,319945,0
ASAI.US,D,20221010,000000,17.6,18.08,17.6,18.04,181011,0
ASAI.US,D,20221011,000000,17.99,18.43,17.72,17.92,230961,0
ASAI.US,D,20221012,000000,17.85,17.85,17.32,17.53,154602,0
ASAI.US,D,20221013,000000,17.55,18.75,17.55,18.54,252102,0
ASAI.US,D,20221014,000000,18.16,18.47,17.74,17.83,280898,0
ASAI.US,D,20221017,000000,18.45,18.7463,18.01,18.6,321004,0
ASAI.US,D,20221018,000000,18.54,18.74,17.01,17.05,698187,0
ASAI.US,D,20221019,000000,17.16,17.61,16.9,17.25,418231,0
ASAI.US,D,20221020,000000,17.6,17.76,17.06,17.07,332571,0
ASAI.US,D,20221021,000000,17.4,18.18,17.22,18.03,693570,0
ASAI.US,D,20221024,000000,17.67,17.99,17.16,17.59,468453,0
ASAI.US,D,20221025,000000,17.21,17.275,16.4,16.51,563743,0
ASAI.US,D,20221026,000000,16.33,16.42,15.78,15.78,325195,0
ASAI.US,D,20221027,000000,15.99,17.36,15.965,16.97,966590,0
ASAI.US,D,20221028,000000,17.05,17.7,17.01,17.68,357383,0
ASAI.US,D,20221031,000000,18.03,19.26,17.91,19.05,712464,0
ASAI.US,D,20221101,000000,18.96,19.76,18.66,19.36,460746,0
ASAI.US,D,20221102,000000,19.21,19.47,18.6,18.61,182052,0
ASAI.US,D,20221103,000000,19.14,19.99,18.92,19.88,312046,0
ASAI.US,D,20221104,000000,20.44,20.53,20.1398,20.37,576333,0
ASAI.US,D,20221107,000000,20.21,20.27,19.22,19.47,354080,0
ASAI.US,D,20221108,000000,19.26,19.6,19.17,19.41,297250,0
ASAI.US,D,20221109,000000,19.8,20.175,19.4,19.56,392059,0
ASAI.US,D,20221110,000000,18.16,18.4,17.79,18.09,518235,0
ASAI.US,D,20221111,000000,17.65,18.36,17.43,18.19,490728,0
ASAI.US,D,20221114,000000,17.99,18.79,17.98,18.33,305134,0
ASAI.US,D,20221115,000000,18.68,18.69,18.34,18.4,94995,0
ASAI.US,D,20221116,000000,18.47,18.74,17.87,17.96,428520,0
ASAI.US,D,20221117,000000,17.23,18.12,17.11,18,324477,0
ASAI.US,D,20221118,000000,18.26,18.335,17.8,17.91,187067,0
ASAI.US,D,20221121,000000,18.16,18.54,17.99,18.42,134997,0
ASAI.US,D,20221122,000000,18.68,18.7,17.91,18.19,199896,0
ASAI.US,D,20221123,000000,17.91,18.42,17.8,18.04,436391,0
ASAI.US,D,20221125,000000,18.28,18.36,17.75,17.98,83711,0
ASAI.US,D,20221128,000000,18.34,18.36,17.81,17.91,496498,0
ASAI.US,D,20221129,000000,18.27,18.56,18.13,18.35,869441,0
ASAI.US,D,20221130,000000,18.65,19.37,18.22,19.35,1796699,0
ASAI.US,D,20221201,000000,18.83,19.04,18.58,18.93,774461,0
ASAI.US,D,20221202,000000,19.63,19.9191,19.1126,19.76,940133,0
ASAI.US,D,20221205,000000,19.2,19.45,19.02,19.07,514556,0
ASAI.US,D,20221206,000000,19.12,19.395,18.7116,18.95,448562,0
ASAI.US,D,20221207,000000,18.93,19.47,18.91,19.27,343635,0
ASAI.US,D,20221208,000000,18.74,18.78,18.305,18.65,766982,0
ASAI.US,D,20221209,000000,18.22,18.56,18.1,18.22,524342,0
ASAI.US,D,20221212,000000,17.75,17.87,17.31,17.87,392538,0
ASAI.US,D,20221213,000000,17.85,18.26,17.53,17.72,529947,0
ASAI.US,D,20221214,000000,17.47,18.1,17.15,18.02,813425,0
ASAI.US,D,20221215,000000,17.88,18.25,17.73,17.93,248680,0
ASAI.US,D,20221216,000000,18.02,18.14,17.18,17.46,306830,0
ASAI.US,D,20221219,000000,17.76,18.46,17.71,18.41,348660,0
ASAI.US,D,20221220,000000,19.05,19.51,18.91,19.17,379573,0
ASAI.US,D,20221221,000000,19.25,19.57,19.06,19.41,328618,0
ASAI.US,D,20221222,000000,19.43,19.6,19.09,19.43,309511,0
ASAI.US,D,20221223,000000,19.79,19.88,19.18,19.42,369026,0
ASAI.US,D,20221227,000000,18.38,18.47,18.19,18.25,383760,0
ASAI.US,D,20221228,000000,18.27,18.7,17.975,18.39,228821,0
ASAI.US,D,20221229,000000,18.53,18.87,18.31,18.35,353412,0
ASAI.US,D,20221230,000000,18.26,18.63,18.215,18.31,133138,0
ASAI.US,D,20230103,000000,17.28,17.65,16.9,16.95,429133,0
ASAI.US,D,20230104,000000,17.07,17.62,16.9877,17.57,169451,0
ASAI.US,D,20230105,000000,17.8,18.035,17.67,17.71,253994,0
ASAI.US,D,20230106,000000,18.36,18.43,18.07,18.23,172756,0
ASAI.US,D,20230109,000000,17.99,18.43,17.91,18.21,144214,0
ASAI.US,D,20230110,000000,18.3,18.62,18.0132,18.5,163971,0
ASAI.US,D,20230111,000000,18.47,19.18,18.43,19.14,227916,0
ASAI.US,D,20230112,000000,19.18,20.12,18.91,19.59,385985,0
ASAI.US,D,20230113,000000,19.48,19.915,19.44,19.5,234998,0
ASAI.US,D,20230117,000000,19.41,19.74,19.35,19.68,200680,0
ASAI.US,D,20230118,000000,20.3,20.3,19.67,19.68,238847,0
ASAI.US,D,20230119,000000,19.38,19.67,19.11,19.41,116029,0
ASAI.US,D,20230120,000000,19.18,19.34,19,19.17,136801,0
ASAI.US,D,20230123,000000,19.18,19.75,19.13,19.45,106440,0
ASAI.US,D,20230124,000000,19.94,20.55,19.75,20.44,184999,0
ASAI.US,D,20230125,000000,20.63,20.98,20.39,20.8,126850,0
ASAI.US,D,20230126,000000,20.43,20.86,20.28,20.69,152015,0
ASAI.US,D,20230127,000000,20.56,20.83,20.46,20.58,142566,0
ASAI.US,D,20230130,000000,20.62,20.65,20.1,20.25,252067,0
ASAI.US,D,20230131,000000,19.54,19.59,19.015,19.29,600304,0
ASAI.US,D,20230201,000000,19.2,19.525,18.95,19.43,436916,0
ASAI.US,D,20230202,000000,19.58,19.6,19.2,19.29,142149,0
ASAI.US,D,20230203,000000,18.85,19,18.48,18.56,226037,0
ASAI.US,D,20230206,000000,18.21,18.61,18.21,18.59,178795,0
ASAI.US,D,20230207,000000,18.24,18.42,17.9,17.99,284485,0
ASAI.US,D,20230208,000000,18.01,18.09,17.58,17.86,315353,0
ASAI.US,D,20230209,000000,17.68,17.74,17.36,17.42,292132,0
ASAI.US,D,20230210,000000,17.56,17.93,17.5,17.85,150432,0
ASAI.US,D,20230213,000000,17.91,18.125,17.83,17.88,159251,0
ASAI.US,D,20230214,000000,18,18.13,17.58,17.66,161987,0
ASAI.US,D,20230215,000000,18.01,18.6,17.985,18.31,295214,0
ASAI.US,D,20230216,000000,17.93,18.266,17.71,18.21,440712,0
ASAI.US,D,20230217,000000,18.07,18.67,18.06,18.46,367314,0
ASAI.US,D,20230221,000000,18.44,18.46,18.07,18.3,126875,0
ASAI.US,D,20230222,000000,18.31,18.4,17.97,18.24,247481,0
ASAI.US,D,20230223,000000,18.36,18.42,17.97,18.36,115430,0
ASAI.US,D,20230224,000000,17.84,18.14,17.74,18.14,259845,0
ASAI.US,D,20230227,000000,18.08,18.15,17.65,17.75,403031,0
ASAI.US,D,20230228,000000,17.51,17.83,17.09,17.49,943718,0
ASAI.US,D,20230301,000000,17.49,17.5,16.65,17.04,356655,0
ASAI.US,D,20230302,000000,16.91,17.06,16.76,16.92,286419,0
ASAI.US,D,20230303,000000,16.77,17.15,16.77,16.91,262201,0
ASAI.US,D,20230306,000000,16.61,17.19,16.57,17.17,151540,0
ASAI.US,D,20230307,000000,17.02,17.21,16.84,17.07,556293,0
ASAI.US,D,20230308,000000,17.11,17.66,17.04,17.65,279469,0
ASAI.US,D,20230309,000000,17.89,17.93,17.225,17.34,363776,0
ASAI.US,D,20230310,000000,16.95,17,16.05,16.28,579792,0
ASAI.US,D,20230313,000000,15.96,16.37,15.76,15.79,553771,0
ASAI.US,D,20230314,000000,16.24,16.28,15.58,15.79,351060,0
ASAI.US,D,20230315,000000,15.34,16.0899,15.24,16.01,287314,0
ASAI.US,D,20230316,000000,15.82,15.88,15.3624,15.68,376240,0
ASAI.US,D,20230317,000000,15.13,15.42,15.13,15.19,1674796,0
ASAI.US,D,20230320,000000,15.28,15.45,15.16,15.31,923428,0
ASAI.US,D,20230321,000000,15.47,15.68,15.325,15.4,707817,0
ASAI.US,D,20230322,000000,14.87,14.96,14.36,14.53,1008334,0
ASAI.US,D,20230323,000000,14.63,14.85,14.02,14.45,1205675,0
ASAI.US,D,20230324,000000,14.42,14.45,13.85,14.24,1050553,0
ASAI.US,D,20230327,000000,14.36,14.66,14.16,14.63,849428,0
ASAI.US,D,20230328,000000,14.6,15.05,14.6,14.91,234302,0
ASAI.US,D,20230329,000000,14.93,15.1,14.63,15.03,888813,0
ASAI.US,D,20230330,000000,15.52,16.005,15.32,15.69,953205,0
ASAI.US,D,20230331,000000,15.86,15.89,15.31,15.4,608069,0
ASAI.US,D,20230403,000000,15.07,15.12,14.625,14.73,866453,0
ASAI.US,D,20230404,000000,14.74,14.87,14.37,14.47,302014,0
ASAI.US,D,20230405,000000,14.36,14.36,13.29,13.89,1463904,0
ASAI.US,D,20230406,000000,13.47,13.84,13.38,13.61,1366073,0
ASAI.US,D,20230410,000000,13.54,13.805,13.4,13.8,468370,0
ASAI.US,D,20230411,000000,14.57,14.77,14.41,14.73,491751,0
ASAI.US,D,20230412,000000,14.92,15.18,14.57,14.67,798254,0
ASAI.US,D,20230413,000000,14.5,14.605,14.05,14.1,876911,0
ASAI.US,D,20230414,000000,13.66,13.87,13.34,13.48,1431764,0
ASAI.US,D,20230417,000000,13.42,13.64,13.33,13.51,722609,0
ASAI.US,D,20230418,000000,13.27,13.53,13.19,13.21,695997,0
ASAI.US,D,20230419,000000,12.76,12.9,12.62,12.72,1167647,0
ASAI.US,D,20230420,000000,12.71,13.01,12.71,12.84,912313,0
ASAI.US,D,20230421,000000,12.88,12.9,12.45,12.78,204780,0
ASAI.US,D,20230424,000000,12.9,13.1507,12.7,12.85,368526,0
ASAI.US,D,20230425,000000,12.57,12.63,12.09,12.27,407272,0
ASAI.US,D,20230426,000000,12.53,12.665,12.33,12.44,535318,0
ASAI.US,D,20230427,000000,12.33,12.41,12.11,12.33,322801,0
ASAI.US,D,20230428,000000,12.21,12.47,12.12,12.27,428470,0
ASAI.US,D,20230501,000000,12.37,12.41,12.14,12.14,190955,0
ASAI.US,D,20230502,000000,12.18,12.18,11.65,11.77,436711,0
ASAI.US,D,20230503,000000,11.47,11.57,10.93,11.54,1270412,0
ASAI.US,D,20230504,000000,11.57,11.57,10.98,11.51,749216,0
ASAI.US,D,20230505,000000,10.89,10.91,10.5,10.61,827640,0
ASAI.US,D,20230508,000000,10.87,11.33,10.74,11.16,763767,0
ASAI.US,D,20230509,000000,11,12.02,10.9,11.68,1026882,0
ASAI.US,D,20230510,000000,11.95,11.99,11.7,11.81,609502,0
ASAI.US,D,20230511,000000,11.84,11.91,11.535,11.79,488353,0
ASAI.US,D,20230512,000000,11.78,11.97,11.63,11.76,234239,0
ASAI.US,D,20230515,000000,11.76,12.02,11.69,12,311741,0
ASAI.US,D,20230516,000000,12.03,12.03,11.31,11.36,436633,0
ASAI.US,D,20230517,000000,11.45,11.45,11.18,11.32,320551,0
ASAI.US,D,20230518,000000,11.16,11.42,11.1,11.41,435406,0
ASAI.US,D,20230519,000000,11.21,12.07,11.14,11.75,1288751,0
ASAI.US,D,20230522,000000,12.02,12.36,11.82,12.15,732599,0
ASAI.US,D,20230523,000000,12.16,12.37,11.63,11.7,587403,0
ASAI.US,D,20230524,000000,11.57,11.57,11.16,11.4,603749,0
ASAI.US,D,20230525,000000,11.65,11.9,11.485,11.59,769149,0
ASAI.US,D,20230526,000000,11.52,11.58,11.12,11.39,644780,0
ASAI.US,D,20230530,000000,11.46,11.49,10.875,11.08,1353768,0
ASAI.US,D,20230531,000000,11.01,11.01,10.44,10.67,979931,0
ASAI.US,D,20230601,000000,10.65,10.99,10.46,10.94,511476,0
ASAI.US,D,20230602,000000,11.43,11.69,11.34,11.6,500675,0
ASAI.US,D,20230605,000000,11.39,11.63,11.15,11.32,737117,0
ASAI.US,D,20230606,000000,11.38,12.97,11.36,12.81,3075444,0
ASAI.US,D,20230607,000000,13.43,13.44,12.64,12.92,1630349,0
ASAI.US,D,20230608,000000,12.72,12.92,12.51,12.79,333419,0
ASAI.US,D,20230609,000000,13.18,13.82,13.15,13.22,1341212,0
ASAI.US,D,20230612,000000,13.43,14.26,13.39,14.02,2094198,0
ASAI.US,D,20230613,000000,14.28,14.29,13.455,13.58,1985704,0
ASAI.US,D,20230614,000000,13.7,14.34,13.64,14.22,1889723,0
ASAI.US,D,20230615,000000,14.2,14.86,14.09,14.74,2633799,0
ASAI.US,D,20230616,000000,14.06,14.31,13.79,13.98,1378528,0
ASAI.US,D,20230620,000000,13.66,13.97,13.62,13.87,1102755,0
ASAI.US,D,20230621,000000,13.71,14.08,13.705,14.05,1428778,0
ASAI.US,D,20230622,000000,13.69,14.13,13.575,14.04,1743206,0
ASAI.US,D,20230623,000000,14.11,15.11,13.92,15,2104304,0
ASAI.US,D,20230626,000000,14.94,15.23,14.505,14.61,582865,0
ASAI.US,D,20230627,000000,14.55,14.57,13.53,13.68,1659322,0
ASAI.US,D,20230628,000000,13.42,13.84,13.39,13.67,803990,0
ASAI.US,D,20230629,000000,13.62,13.98,13.5,13.84,484530,0
ASAI.US,D,20230630,000000,13.95,14.515,13.89,14.41,714956,0
ASAI.US,D,20230703,000000,14.39,14.49,14.13,14.22,203673,0
ASAI.US,D,20230705,000000,14.11,14.47,14.05,14.2,506117,0
ASAI.US,D,20230706,000000,14,14.1,13.64,13.88,610445,0
ASAI.US,D,20230707,000000,14.07,14.7562,14.05,14.52,870148,0
ASAI.US,D,20230710,000000,14.55,14.56,14.01,14.14,409088,0
ASAI.US,D,20230711,000000,13.78,14.03,13.53,13.88,530801,0
ASAI.US,D,20230712,000000,14.17,14.25,13.795,13.88,512447,0
ASAI.US,D,20230713,000000,13.94,14.04,13.48,13.59,878971,0
ASAI.US,D,20230714,000000,13.17,13.38,13.06,13.21,643339,0
ASAI.US,D,20230717,000000,12.97,13.38,12.8,13.34,726888,0
ASAI.US,D,20230718,000000,13.37,13.48,12.98,13.1,725860,0
ASAI.US,D,20230719,000000,12.97,13.16,12.645,12.7,667930,0
ASAI.US,D,20230720,000000,12.8,12.88,12.55,12.72,403657,0
ASAI.US,D,20230721,000000,13.01,13.18,13.01,13.09,343048,0
ASAI.US,D,20230724,000000,13.3,13.69,13.115,13.58,291946,0
ASAI.US,D,20230725,000000,13.68,13.79,13.31,13.36,482844,0
ASAI.US,D,20230726,000000,13.86,13.9,13.3,13.63,675852,0
ASAI.US,D,20230727,000000,14.5,14.75,14.03,14.12,788121,0
ASAI.US,D,20230728,000000,14.34,14.42,13.88,13.98,711808,0
ASAI.US,D,20230731,000000,14.12,14.37,13.875,14.36,469890,0
ASAI.US,D,20230801,000000,13.88,14.38,13.83,14.28,454368,0
ASAI.US,D,20230802,000000,14.2,14.39,13.85,14.23,331810,0
ASAI.US,D,20230803,000000,14.29,14.61,14.11,14.2,383039,0
ASAI.US,D,20230804,000000,14.25,14.525,13.86,14.08,707155,0
ASAI.US,D,20230807,000000,14.34,14.59,14.14,14.24,807578,0
ASAI.US,D,20230808,000000,13.93,14.51,13.86,14.46,300897,0
ASAI.US,D,20230809,000000,14.45,14.46,13.99,14.04,354711,0
ASAI.US,D,20230810,000000,14.22,14.575,14.18,14.22,370903,0
ASAI.US,D,20230811,000000,14.25,14.39,13.7,13.8,818996,0
ASAI.US,D,20230814,000000,13.44,13.46,13.2,13.28,485473,0
ASAI.US,D,20230815,000000,13.25,13.34,13.02,13.23,474307,0
ASAI.US,D,20230816,000000,13.17,13.42,13.09,13.1,325950,0
ASAI.US,D,20230817,000000,13.3,13.3,12.94,13.09,533119,0
ASAI.US,D,20230818,000000,13.12,13.57,13.12,13.53,227035,0
ASAI.US,D,20230821,000000,13.4,13.44,13.16,13.25,453911,0
ASAI.US,D,20230822,000000,13.37,13.43,13,13.16,397515,0
ASAI.US,D,20230823,000000,13.11,13.5,13.04,13.49,394844,0
ASAI.US,D,20230824,000000,13.37,13.48,13.17,13.17,201118,0
ASAI.US,D,20230825,000000,12.99,13.04,12.68,12.71,380688,0
ASAI.US,D,20230828,000000,12.6,12.64,12.29,12.49,605609,0
ASAI.US,D,20230829,000000,12.39,12.61,12.25,12.29,532194,0
ASAI.US,D,20230830,000000,12.31,12.42,12.13,12.14,457972,0
ASAI.US,D,20230831,000000,11.86,12.19,11.63,11.71,1199996,0
ASAI.US,D,20230901,000000,12.04,12.185,11.91,11.91,1455855,0
ASAI.US,D,20230905,000000,12.41,13.005,12.4,12.75,1196122,0
ASAI.US,D,20230906,000000,12.51,12.82,12.48,12.49,1230851,0
ASAI.US,D,20230907,000000,12.55,12.685,12.23,12.31,400738,0
ASAI.US,D,20230908,000000,12.43,12.48,12.215,12.3,459089,0
ASAI.US,D,20230911,000000,12.38,12.5,12.2,12.34,779595,0
ASAI.US,D,20230912,000000,12.47,13.05,12.46,12.91,987225,0
ASAI.US,D,20230913,000000,13.1,13.37,13.0425,13.05,468674,0
ASAI.US,D,20230914,000000,13.12,13.17,12.52,12.91,668735,0
ASAI.US,D,20230915,000000,12.71,12.8,12.54,12.67,432901,0
ASAI.US,D,20230918,000000,12.76,12.81,12.51,12.56,189126,0
ASAI.US,D,20230919,000000,12.47,12.63,12.21,12.27,310564,0
ASAI.US,D,20230920,000000,12.22,12.5,12.14,12.44,380790,0
ASAI.US,D,20230921,000000,11.93,12.23,11.8,11.81,508602,0
ASAI.US,D,20230922,000000,11.86,11.89,11.58,11.65,511208,0
ASAI.US,D,20230925,000000,11.4,11.46,11.22,11.41,280973,0
ASAI.US,D,20230926,000000,11.34,11.575,11.3,11.3,293523,0
ASAI.US,D,20230927,000000,11.48,11.69,11.18,11.43,1092380,0
ASAI.US,D,20230928,000000,11.62,12.08,11.62,12.08,1045500,0
ASAI.US,D,20230929,000000,12.49,12.56,12.02,12.18,846006,0
ASAI.US,D,20231002,000000,11.99,12.02,11.8,11.85,607814,0
ASAI.US,D,20231003,000000,11.73,11.79,11.12,11.2,704380,0
ASAI.US,D,20231004,000000,11.36,11.56,11.15,11.37,635882,0
ASAI.US,D,20231005,000000,11.35,11.48,11.085,11.29,354371,0
ASAI.US,D,20231006,000000,10.81,11.53,10.6,11.42,735971,0
ASAI.US,D,20231009,000000,10.98,11.47,10.77,11.31,618158,0
ASAI.US,D,20231010,000000,11.46,11.96,11.44,11.93,371371,0
ASAI.US,D,20231011,000000,12.2,12.23,11.97,12.04,354592,0
ASAI.US,D,20231012,000000,12.03,12.03,11.7814,11.8,135784,0
ASAI.US,D,20231013,000000,11.94,12.03,11.38,11.5,431662,0
ASAI.US,D,20231016,000000,11.5,11.8,11.5,11.72,507348,0
ASAI.US,D,20231017,000000,11.51,12.01,11.46,11.54,389527,0
ASAI.US,D,20231018,000000,11.16,11.24,10.7,10.73,887837,0
ASAI.US,D,20231019,000000,10.78,11.215,10.77,10.92,516456,0
ASAI.US,D,20231020,000000,10.85,11.03,10.77,10.9,376023,0
ASAI.US,D,20231023,000000,11.04,11.68,10.945,11.52,437785,0
ASAI.US,D,20231024,000000,11.66,11.66,11.235,11.36,461935,0
ASAI.US,D,20231025,000000,11.42,11.42,10.96,10.99,335218,0
ASAI.US,D,20231026,000000,11.56,11.95,11.49,11.7,770923,0
ASAI.US,D,20231027,000000,11.77,11.95,11.08,11.16,681852,0
ASAI.US,D,20231030,000000,11.46,11.46,10.815,10.83,502137,0
ASAI.US,D,20231031,000000,11.02,11.37,10.8,10.82,585097,0
ASAI.US,D,20231101,000000,10.77,11.24,10.66,11.18,518518,0
ASAI.US,D,20231102,000000,11.28,11.73,11.28,11.66,224882,0
ASAI.US,D,20231103,000000,12.04,12.26,12.03,12.21,621550,0
ASAI.US,D,20231106,000000,12.37,12.37,12,12.04,874315,0
ASAI.US,D,20231107,000000,12.08,12.62,12.02,12.55,298903,0
ASAI.US,D,20231108,000000,12.82,12.82,12.28,12.56,672545,0
ASAI.US,D,20231109,000000,12.72,13.13,12.52,12.63,944969,0
ASAI.US,D,20231110,000000,13.13,13.2,12.72,12.85,1127933,0
ASAI.US,D,20231113,000000,12.91,12.93,12.66,12.78,421084,0
ASAI.US,D,20231114,000000,13.14,13.19,12.81,12.9,727477,0
ASAI.US,D,20231115,000000,13.05,13.37,12.91,12.93,188396,0
ASAI.US,D,20231116,000000,13.09,13.82,12.95,13.6,814348,0
ASAI.US,D,20231117,000000,13.38,13.66,13.29,13.4,661684,0
ASAI.US,D,20231120,000000,13.2,13.37,13.13,13.26,316043,0
ASAI.US,D,20231121,000000,13.05,13.16,12.91,13.08,621578,0
ASAI.US,D,20231122,000000,13.35,13.41,13.08,13.22,582614,0
ASAI.US,D,20231124,000000,13.74,13.84,13.57,13.57,386939,0
ASAI.US,D,20231127,000000,13.57,13.9,13.49,13.66,644254,0
ASAI.US,D,20231128,000000,13.94,14.22,13.85,13.94,611979,0
ASAI.US,D,20231129,000000,14.01,14.11,13.41,13.54,740855,0
ASAI.US,D,20231130,000000,13.09,13.205,12.71,13.2,753874,0
ASAI.US,D,20231201,000000,12.74,13.38,12.72,13.38,712924,0
ASAI.US,D,20231204,000000,13.18,13.36,12.84,12.92,324676,0
ASAI.US,D,20231205,000000,12.95,13.105,12.79,12.94,548795,0
ASAI.US,D,20231206,000000,13.21,13.29,12.47,12.55,732874,0
ASAI.US,D,20231207,000000,12.65,12.73,12.36,12.47,579831,0
ASAI.US,D,20231208,000000,12.2,12.47,12.17,12.27,686586,0
ASAI.US,D,20231211,000000,11.93,12.185,11.9,12.16,502287,0
ASAI.US,D,20231212,000000,12.34,12.35,12.04,12.12,271731,0
ASAI.US,D,20231213,000000,12.19,13.15,11.99,13.12,1186290,0
ASAI.US,D,20231214,000000,13.55,13.809,13.45,13.6,765196,0
ASAI.US,D,20231215,000000,13.25,13.36,12.84,13.03,644925,0
ASAI.US,D,20231218,000000,13,13.615,12.93,13.51,472699,0
ASAI.US,D,20231219,000000,13.7,13.87,13.67,13.81,301756,0
ASAI.US,D,20231220,000000,13.84,13.85,13.56,13.6,389492,0
ASAI.US,D,20231221,000000,13.69,13.76,13.5,13.72,428269,0
ASAI.US,D,20231222,000000,13.67,14.04,13.64,13.89,256128,0
ASAI.US,D,20231226,000000,13.82,13.99,13.79,13.99,177190,0
ASAI.US,D,20231227,000000,13.9,14.02,13.84,14,204640,0
ASAI.US,D,20231228,000000,13.91,14.02,13.89,13.91,202903,0
ASAI.US,D,20231229,000000,13.94,13.95,13.755,13.82,154806,0
ASAI.US,D,20240102,000000,13.55,13.625,13.18,13.2,314834,0
ASAI.US,D,20240103,000000,12.97,13.31,12.94,13.15,731907,0
ASAI.US,D,20240104,000000,13.13,13.565,13.07,13.49,369771,0
ASAI.US,D,20240105,000000,14.01,14.43,13.88,13.93,626406,0
ASAI.US,D,20240108,000000,13.99,14.52,13.98,14.5,514519,0
ASAI.US,D,20240109,000000,14.5,14.615,14.07,14.16,259949,0
ASAI.US,D,20240110,000000,14.1,14.12,13.76,13.8,161504,0
ASAI.US,D,20240111,000000,14.38,14.52,14.14,14.23,458364,0
ASAI.US,D,20240112,000000,15.05,15.05,14.48,14.66,359850,0
ASAI.US,D,20240116,000000,14.93,14.95,14.53,14.7,435373,0
ASAI.US,D,20240117,000000,14.11,14.425,13.9,14.34,270917,0
ASAI.US,D,20240118,000000,13.97,14.135,13.84,14.05,392088,0
ASAI.US,D,20240119,000000,13.95,14.41,13.84,14.39,347415,0
ASAI.US,D,20240122,000000,14.32,14.385,13.64,13.65,520476,0
ASAI.US,D,20240123,000000,13.92,13.96,13.73,13.82,403959,0
ASAI.US,D,20240124,000000,13.91,14,13.53,13.53,307191,0
ASAI.US,D,20240125,000000,14,14.24,13.85,14.07,292597,0
ASAI.US,D,20240126,000000,14.12,14.14,13.855,14.04,355978,0
ASAI.US,D,20240129,000000,14.03,14.585,13.85,14.51,445335,0
ASAI.US,D,20240130,000000,14.57,14.57,14.2,14.24,280437,0
ASAI.US,D,20240131,000000,14.21,14.28,13.82,13.89,569105,0
ASAI.US,D,20240201,000000,13.85,13.98,13.66,13.84,448562,0
ASAI.US,D,20240202,000000,13.54,13.63,13.34,13.54,312177,0
ASAI.US,D,20240205,000000,13.55,13.58,13.27,13.47,223588,0
ASAI.US,D,20240206,000000,13.66,13.96,13.64,13.87,191097,0
ASAI.US,D,20240207,000000,13.76,14.05,13.65,13.97,196404,0
ASAI.US,D,20240208,000000,13.97,14.01,13.63,13.74,197580,0
ASAI.US,D,20240209,000000,13.64,13.88,13.5,13.56,621807,0
ASAI.US,D,20240212,000000,13.54,13.79,13.5201,13.79,77985,0
ASAI.US,D,20240213,000000,13.54,13.54,13.1,13.23,205660,0
ASAI.US,D,20240214,000000,13.36,13.48,13.15,13.22,482602,0
ASAI.US,D,20240215,000000,13.34,13.66,13.34,13.49,221686,0
ASAI.US,D,20240216,000000,13.37,13.79,13.37,13.7,260243,0
ASAI.US,D,20240220,000000,14.21,14.27,14.07,14.11,322666,0
ASAI.US,D,20240221,000000,14.22,14.57,14.11,14.36,462900,0
ASAI.US,D,20240222,000000,15.05,15.13,14.56,14.93,1115889,0
ASAI.US,D,20240223,000000,14.59,14.81,14.45,14.69,522963,0
ASAI.US,D,20240226,000000,14.79,14.89,14.62,14.62,180008,0
ASAI.US,D,20240227,000000,14.74,14.96,14.7,14.88,280538,0
ASAI.US,D,20240228,000000,14.56,14.57,13.88,14.11,592934,0
ASAI.US,D,20240229,000000,14.13,14.33,14.03,14.22,370401,0
ASAI.US,D,20240301,000000,14.05,14.31,13.96,14.16,233362,0
ASAI.US,D,20240304,000000,14.06,14.23,14.04,14.13,217447,0
ASAI.US,D,20240305,000000,14.3,14.695,14.22,14.51,265603,0
ASAI.US,D,20240306,000000,14.85,14.99,14.54,14.65,264141,0
ASAI.US,D,20240307,000000,14.51,14.63,14.34,14.61,361080,0
ASAI.US,D,20240308,000000,14.3,14.56,14.25,14.41,324239,0
ASAI.US,D,20240311,000000,14.35,14.58,14.3,14.31,211016,0
ASAI.US,D,20240312,000000,14.38,14.92,14.25,14.83,136681,0
ASAI.US,D,20240313,000000,14.75,15.02,14.72,14.81,213373,0
ASAI.US,D,20240314,000000,14.72,14.815,14.292,14.6,350865,0
ASAI.US,D,20240315,000000,14.54,14.67,14.41,14.54,306156,0
ASAI.US,D,20240318,000000,14.61,14.7099,14.36,14.39,126732,0
ASAI.US,D,20240319,000000,14.39,14.76,14.39,14.72,110522,0
ASAI.US,D,20240320,000000,14.69,15.13,14.62,15.05,225791,0
ASAI.US,D,20240321,000000,14.98,15.015,14.75,14.98,198607,0
ASAI.US,D,20240322,000000,14.69,14.78,14.35,14.36,310470,0
ASAI.US,D,20240325,000000,14.42,14.65,14.41,14.56,121787,0
ASAI.US,D,20240326,000000,14.47,14.76,14.44,14.56,107749,0
ASAI.US,D,20240327,000000,14.58,15.13,14.55,15.01,341509,0
ASAI.US,D,20240328,000000,14.87,15.25,14.77,14.78,317103,0
ASAI.US,D,20240401,000000,14.58,14.58,13.95,14,310769,0
ASAI.US,D,20240402,000000,14.02,14.17,13.775,13.93,236285,0
ASAI.US,D,20240403,000000,13.83,14.03,13.59,13.89,178417,0
ASAI.US,D,20240404,000000,14.01,14.33,13.69,13.7,251724,0
ASAI.US,D,20240405,000000,13.75,13.79,13.54,13.57,301042,0
ASAI.US,D,20240408,000000,13.67,14.17,13.67,14.09,269141,0
ASAI.US,D,20240409,000000,14.3,14.8,14.3,14.67,279271,0
ASAI.US,D,20240410,000000,14.29,14.412,14.06,14.11,203286,0
ASAI.US,D,20240411,000000,13.98,14.07,13.86,13.99,111839,0
ASAI.US,D,20240412,000000,13.89,13.92,13.61,13.68,119340,0
ASAI.US,D,20240415,000000,13.33,13.46,13.14,13.28,510088,0
ASAI.US,D,20240416,000000,12.64,12.83,12.32,12.36,340452,0
ASAI.US,D,20240417,000000,12.35,12.49,12.08,12.27,394331,0
ASAI.US,D,20240418,000000,12.35,12.63,12.34,12.54,408466,0
ASAI.US,D,20240419,000000,12.69,13.04,12.69,12.91,255697,0
ASAI.US,D,20240422,000000,12.9,13.14,12.72,13.11,203501,0
ASAI.US,D,20240423,000000,13.29,13.59,13.12,13.4,529400,0
ASAI.US,D,20240424,000000,13.27,13.49,12.96,13.4,328710,0
ASAI.US,D,20240425,000000,12.86,13.05,12.63,12.87,191735,0
ASAI.US,D,20240426,000000,13.06,13.22,13,13.02,284915,0
ASAI.US,D,20240429,000000,13.05,13.34,13.03,13.3,129139,0
ASAI.US,D,20240430,000000,13.06,13.14,12.635,12.73,482298,0
ASAI.US,D,20240501,000000,12.7,13.08,12.7,12.85,80530,0
ASAI.US,D,20240502,000000,12.99,13.09,12.87,12.96,364659,0
ASAI.US,D,20240503,000000,13.36,13.43,13.21,13.36,622400,0
ASAI.US,D,20240506,000000,13.36,13.42,13.07,13.22,231840,0
ASAI.US,D,20240507,000000,13.49,13.62,13.34,13.42,316402,0
ASAI.US,D,20240508,000000,13.22,13.38,13.21,13.29,174012,0
ASAI.US,D,20240509,000000,12.92,13.1025,12.69,12.96,190955,0
ASAI.US,D,20240510,000000,13.1,13.17,12.82,12.92,350483,0
ASAI.US,D,20240513,000000,13.04,13.17,12.804,12.88,174763,0
ASAI.US,D,20240514,000000,12.79,13.02,12.74,12.8,123830,0
ASAI.US,D,20240515,000000,12.86,13.13,12.83,13.05,227262,0
ASAI.US,D,20240516,000000,13.15,13.26,13.05,13.16,114862,0
ASAI.US,D,20240517,000000,13.16,13.41,13.105,13.39,105306,0
ASAI.US,D,20240520,000000,13.25,13.47,13.13,13.18,167415,0
ASAI.US,D,20240521,000000,13.25,13.43,13.13,13.21,133029,0
ASAI.US,D,20240522,000000,13.01,13.1599,12.87,12.88,144177,0
ASAI.US,D,20240523,000000,12.97,13.03,12.7,12.8,150919,0
ASAI.US,D,20240524,000000,12.87,12.89,12.6,12.61,135187,0
ASAI.US,D,20240528,000000,12.72,12.72,12.2,12.37,152842,0
ASAI.US,D,20240529,000000,12.13,12.14,11.89,11.98,316687,0
ASAI.US,D,20240530,000000,11.89,12.21,11.89,12.09,117122,0
ASAI.US,D,20240531,000000,12,12,11.6,11.66,389610,0
ASAI.US,D,20240603,000000,11.58,11.85,11.51,11.7,120626,0
ASAI.US,D,20240604,000000,11.61,11.75,11.4,11.41,118781,0
ASAI.US,D,20240605,000000,11.5,11.81,11.37,11.38,131121,0
ASAI.US,D,20240606,000000,11.63,11.72,11.56,11.64,140517,0
ASAI.US,D,20240607,000000,11.42,11.57,11.18,11.34,170942,0
ASAI.US,D,20240610,000000,11.12,11.3,11.1,11.16,96300,0
ASAI.US,D,20240611,000000,11.21,11.27,11.08,11.2,112151,0
ASAI.US,D,20240612,000000,11.25,11.25,10.83,10.9,223986,0
ASAI.US,D,20240613,000000,10.9,10.975,10.76,10.8,155322,0
ASAI.US,D,20240614,000000,10.67,10.99,10.65,10.91,324167,0
ASAI.US,D,20240617,000000,10.64,10.68,10.38,10.52,530423,0
ASAI.US,D,20240618,000000,10.27,10.46,10.21,10.33,624390,0
ASAI.US,D,20240620,000000,10.22,10.29,9.86,10.09,693173,0
ASAI.US,D,20240621,000000,9.94,10.09,9.86,9.95,448910,0
ASAI.US,D,20240624,000000,10.13,10.35,10.1,10.35,225990,0
ASAI.US,D,20240625,000000,10.34,10.35,10.02,10.03,166998,0
ASAI.US,D,20240626,000000,9.89,9.89,9.68,9.74,314737,0
ASAI.US,D,20240627,000000,9.71,9.85,9.47,9.82,465836,0
ASAI.US,D,20240628,000000,9.63,9.63,9.21,9.3,393467,0
ASAI.US,D,20240701,000000,9.29,9.36,8.805,8.87,443116,0
ASAI.US,D,20240702,000000,8.83,8.88,8.63,8.78,354839,0
ASAI.US,D,20240703,000000,9.25,9.53,9.25,9.51,225132,0
ASAI.US,D,20240705,000000,10.18,10.555,9.9628,10.51,707999,0
ASAI.US,D,20240708,000000,10.43,10.71,10.37,10.7,213515,0
ASAI.US,D,20240709,000000,10.59,10.78,10.54,10.6,223623,0
ASAI.US,D,20240710,000000,10.67,10.69,10.4435,10.48,170581,0
ASAI.US,D,20240711,000000,10.53,10.56,10.2,10.39,261646,0
ASAI.US,D,20240712,000000,10.33,10.48,10.247,10.41,212552,0
ASAI.US,D,20240715,000000,10.25,10.31,10.21,10.22,109081,0
ASAI.US,D,20240716,000000,10.34,10.42,10.145,10.22,110975,0
ASAI.US,D,20240717,000000,10.09,10.24,9.87,9.88,230424,0
ASAI.US,D,20240718,000000,9.67,9.7,9.28,9.28,541722,0
ASAI.US,D,20240719,000000,9.55,9.67,9.36,9.51,604877,0
ASAI.US,D,20240722,000000,9.6,9.74,9.54,9.68,270882,0
ASAI.US,D,20240723,000000,9.54,9.54,9.35,9.4,166489,0
ASAI.US,D,20240724,000000,9.11,9.41,8.88,8.89,347618,0
ASAI.US,D,20240725,000000,8.84,8.98,8.8,8.83,249344,0
ASAI.US,D,20240726,000000,8.81,8.84,8.55,8.82,556630,0
ASAI.US,D,20240729,000000,8.81,8.85,8.36,8.61,430552,0
ASAI.US,D,20240730,000000,8.55,8.65,8.41,8.43,293520,0
ASAI.US,D,20240731,000000,8.58,8.76,8.57,8.69,224199,0
ASAI.US,D,20240801,000000,8.78,8.935,8.6,8.6,241062,0
ASAI.US,D,20240802,000000,8.78,8.99,8.67,8.9,322439,0
ASAI.US,D,20240805,000000,8.64,8.96,8.64,8.89,437915,0
ASAI.US,D,20240806,000000,9.01,9.06,8.81,8.83,444500,0
ASAI.US,D,20240807,000000,9.14,9.26,8.97,9.15,357497,0
ASAI.US,D,20240808,000000,9.19,9.41,9.14,9.36,347579,0
ASAI.US,D,20240809,000000,9.45,9.48,9.02,9.31,404805,0
ASAI.US,D,20240812,000000,9.5,9.54,9.29,9.31,220188,0
ASAI.US,D,20240813,000000,9.68,9.74,9.37,9.58,754857,0
ASAI.US,D,20240814,000000,9.58,9.83,9.58,9.75,297276,0
ASAI.US,D,20240815,000000,9.47,9.6,9.36,9.5,639627,0
ASAI.US,D,20240816,000000,9.68,9.69,9.29,9.29,435855,0
ASAI.US,D,20240819,000000,9.24,10,9.24,9.89,591762,0
ASAI.US,D,20240820,000000,9.64,9.7,9.37,9.37,263972,0
ASAI.US,D,20240821,000000,9.3,9.34,8.94,9,371810,0
ASAI.US,D,20240822,000000,8.97,9.02,8.64,8.71,368456,0
ASAI.US,D,20240823,000000,8.79,9.05,8.72,8.92,206802,0
ASAI.US,D,20240826,000000,8.73,8.82,8.65,8.78,284388,0
ASAI.US,D,20240827,000000,8.76,8.86,8.685,8.83,669595,0
ASAI.US,D,20240828,000000,8.58,8.67,8.54,8.58,402529,0
ASAI.US,D,20240829,000000,8.28,8.3111,8.04,8.27,486365,0
ASAI.US,D,20240830,000000,8.18,8.6,8.18,8.38,478018,0
ASAI.US,D,20240903,000000,8.99,8.99,8.66,8.79,1371341,0
ASAI.US,D,20240904,000000,8.97,9.15,8.79,8.83,538708,0
ASAI.US,D,20240905,000000,8.9,8.9,8.49,8.57,426284,0
ASAI.US,D,20240906,000000,8.58,8.61,8.34,8.34,419611,0
ASAI.US,D,20240909,000000,8.17,8.34,8.13,8.17,548132,0
ASAI.US,D,20240910,000000,8.06,8.08,7.715,7.84,882904,0
ASAI.US,D,20240911,000000,7.94,8.135,7.82,8.06,651426,0
ASAI.US,D,20240912,000000,7.96,8.1,7.92,8.06,311610,0
ASAI.US,D,20240913,000000,8.07,8.21,7.85,7.86,595265,0
ASAI.US,D,20240916,000000,7.95,8.09,7.905,7.94,293361,0
ASAI.US,D,20240917,000000,7.89,8.04,7.83,8.01,370909,0
ASAI.US,D,20240918,000000,8.1,8.29,7.94,8.02,458719,0
ASAI.US,D,20240919,000000,8.12,8.12,7.65,7.67,499884,0
ASAI.US,D,20240920,000000,7.55,7.55,7.06,7.08,1359853,0
ASAI.US,D,20240923,000000,6.96,7.19,6.94,7.17,1027789,0
ASAI.US,D,20240924,000000,7.51,7.61,7.29,7.45,615431,0
ASAI.US,D,20240925,000000,7.21,7.23,7.005,7.04,457204,0
ASAI.US,D,20240926,000000,7.35,7.44,7.31,7.38,276465,0
ASAI.US,D,20240927,000000,7.46,7.6198,7.43,7.52,278451,0
ASAI.US,D,20240930,000000,7.11,7.11,6.7,6.88,489991,0
ASAI.US,D,20241001,000000,6.9,6.94,6.61,6.62,353466,0
ASAI.US,D,20241002,000000,6.85,6.85,6.55,6.6,283992,0
ASAI.US,D,20241003,000000,6.39,6.45,6.08,6.1,1142629,0
ASAI.US,D,20241004,000000,6.13,6.435,6.07,6.38,751244,0
ASAI.US,D,20241007,000000,6.34,6.42,6.15,6.17,341534,0
ASAI.US,D,20241008,000000,6.18,6.22,6.08,6.19,449226,0
ASAI.US,D,20241009,000000,5.93,6.035,5.86,5.86,711769,0
ASAI.US,D,20241010,000000,5.89,6.02,5.8,5.99,636158,0
ASAI.US,D,20241011,000000,5.79,6.03,5.73,6.03,623342,0
ASAI.US,D,20241014,000000,6.19,6.48,6.19,6.47,603129,0
ASAI.US,D,20241015,000000,6.45,6.45,6.155,6.21,610867,0
ASAI.US,D,20241016,000000,6.15,6.35,6.08,6.32,497472,0
ASAI.US,D,20241017,000000,6.19,6.31,6.0996,6.31,708438,0
ASAI.US,D,20241018,000000,6.4,6.4,6.19,6.25,776446,0
ASAI.US,D,20241021,000000,6.3,6.42,6.205,6.41,678949,0
ASAI.US,D,20241022,000000,6.5,6.54,6.295,6.41,417042,0
ASAI.US,D,20241023,000000,6.47,6.53,6.26,6.39,471731,0
ASAI.US,D,20241024,000000,6.36,6.595,6.31,6.57,893379,0
ASAI.US,D,20241025,000000,6.59,6.59,6.34,6.35,504331,0
ASAI.US,D,20241028,000000,6.52,6.705,6.51,6.57,589331,0
ASAI.US,D,20241029,000000,6.58,6.735,6.535,6.61,613407,0
ASAI.US,D,20241030,000000,6.53,6.81,6.5,6.65,561314,0
ASAI.US,D,20241031,000000,6.63,6.64,6.455,6.5,298242,0
ASAI.US,D,20241101,000000,6.43,6.47,6.295,6.33,308569,0
ASAI.US,D,20241104,000000,6.51,6.78,6.51,6.78,743338,0
ASAI.US,D,20241105,000000,6.57,6.83,6.55,6.77,482038,0
ASAI.US,D,20241106,000000,6.48,6.985,6.48,6.81,468886,0
ASAI.US,D,20241107,000000,6.76,6.785,6.235,6.34,1255636,0
ASAI.US,D,20241108,000000,6.24,6.29,5.99,6.16,408994,0
ASAI.US,D,20241111,000000,5.985,6.205,5.945,6.16,492551,0
ASAI.US,D,20241112,000000,6.225,6.335,6.175,6.3,578622,0
ASAI.US,D,20241113,000000,6.16,6.215,5.923,6.16,708261,0
ASAI.US,D,20241114,000000,6.19,6.23,6.035,6.11,565376,0
ASAI.US,D,20241115,000000,6.09,6.38,6.025,6.18,474094,0
ASAI.US,D,20241118,000000,6.12,6.265,6.07,6.26,355327,0
ASAI.US,D,20241119,000000,6.29,6.3,6.09,6.1,808484,0
ASAI.US,D,20241120,000000,6.12,6.25,6.01,6.12,350358,0
ASAI.US,D,20241121,000000,5.86,6.095,5.8,6.01,989530,0
ASAI.US,D,20241122,000000,6.04,6.27,6,6.24,579306,0
ASAI.US,D,20241125,000000,6.5,6.585,6.42,6.45,1070182,0
ASAI.US,D,20241126,000000,6.68,6.905,6.61,6.75,870796,0
ASAI.US,D,20241127,000000,6.72,6.76,6.24,6.28,613963,0
ASAI.US,D,20241129,000000,5.53,5.64,5.24,5.26,1547487,0
ASAI.US,D,20241202,000000,5.31,5.4201,5.22,5.39,873934,0
ASAI.US,D,20241203,000000,5.4,5.4,5.26,5.32,746150,0
ASAI.US,D,20241204,000000,5.25,5.43,5.25,5.4,423669,0
ASAI.US,D,20241205,000000,5.64,5.705,5.5,5.53,507264,0
ASAI.US,D,20241206,000000,5.36,5.41,5.06,5.07,629144,0
ASAI.US,D,20241209,000000,5.035,5.1,4.955,5.05,750794,0
ASAI.US,D,20241210,000000,5.22,5.31,5.2,5.28,790707,0
ASAI.US,D,20241211,000000,5.32,5.71,5.165,5.41,855138,0
ASAI.US,D,20241212,000000,5.03,5.17,4.935,5.08,1119157,0
ASAI.US,D,20241213,000000,5.05,5.07,4.8,4.81,781402,0
ASAI.US,D,20241216,000000,4.57,4.69,4.45,4.45,872312,0
ASAI.US,D,20241217,000000,4.3879,4.615,4.35,4.58,1084690,0
ASAI.US,D,20241218,000000,4.36,4.42,4.055,4.12,878583,0
ASAI.US,D,20241219,000000,4.28,4.46,4.2,4.4,945266,0
ASAI.US,D,20241220,000000,4.42,4.77,4.355,4.61,9523520,0
ASAI.US,D,20241223,000000,4.655,4.72,4.615,4.64,1582607,0
ASAI.US,D,20241224,000000,4.685,4.685,4.56,4.61,110028,0
ASAI.US,D,20241226,000000,4.6201,4.77,4.59,4.71,1089122,0
ASAI.US,D,20241227,000000,4.7,4.745,4.49,4.59,842680,0
ASAI.US,D,20241230,000000,4.54,4.55,4.385,4.47,593372,0
ASAI.US,D,20241231,000000,4.495,4.54,4.425,4.47,412793,0
ASAI.US,D,20250102,000000,4.34,4.5,4.335,4.43,304158,0
ASAI.US,D,20250103,000000,4.36,4.38,4.27,4.3,601214,0
ASAI.US,D,20250106,000000,4.56,4.695,4.51,4.58,485417,0
ASAI.US,D,20250107,000000,4.635,4.75,4.535,4.59,706396,0
ASAI.US,D,20250108,000000,4.565,4.755,4.46,4.67,1542973,0
