<TICKER>,<PER>,<DATE>,<TIME>,<OPEN>,<HIGH>,<LOW>,<CLOSE>,<VOL>,<OPENINT>
BQ.US,D,20200930,000000,200,208.6,130,144,323260.00064652,0
BQ.US,D,20201001,000000,142.2,142.2,120.2,128.8,51210.000102419996,0
BQ.US,D,20201002,000000,119.2,129.6,113.4,124.2,23048.1000460962,0
BQ.US,D,20201005,000000,121.8,130,119.72,124,53374.900106749796,0
BQ.US,D,20201006,000000,124,128,120.402,122.6,17150.400034300797,0
BQ.US,D,20201007,000000,121,124,120.2,122.6,11198.6500223973,0
BQ.US,D,20201008,000000,121.8,128,121.8,125.2,22411.3500448227,0
BQ.US,D,20201009,000000,124,139.8,124,136.2,46235.800092471596,0
BQ.US,D,20201012,000000,139.8,140.4,133.4,135,11550.600023101199,0
BQ.US,D,20201013,000000,131.2,131.648,122.016,122.8,12369.300024738599,0
BQ.US,D,20201014,000000,126.4,136.4,126.3,132.6,18914.950037829898,0
BQ.US,D,20201015,000000,132.6,132.6,123.326,126,14822.050029644099,0
BQ.US,D,20201016,000000,126.8,129.6,123.2,123.4,7120.9500142419,0
BQ.US,D,20201019,000000,123.8,127,118.4,122.6,22656.150045312297,0
BQ.US,D,20201020,000000,124,124,120,120.2,9270.7500185415,0
BQ.US,D,20201021,000000,122,122,116.8,117.2,13925.350027850698,0
BQ.US,D,20201022,000000,118.6,118.6,115,116.8,6532.2000130644,0
BQ.US,D,20201023,000000,118,118,112,113.8,6487.200012974399,0
BQ.US,D,20201026,000000,111.8,111.8,106,106.2,9260.650018521299,0
BQ.US,D,20201027,000000,107.4,107.4,100.268,102,7519.450015038899,0
BQ.US,D,20201028,000000,100.4,100.4,86.4,89.8,14503.650029007298,0
BQ.US,D,20201029,000000,89.6,93.3,87.2,88,10678.850021357699,0
BQ.US,D,20201030,000000,88,91.6,84,85.6,10584.1500211683,0
BQ.US,D,20201102,000000,86.6,95.2,86.6,92,7423.850014847699,0
BQ.US,D,20201103,000000,93.4,93.4,89.768,92,2978.5500059571,0
BQ.US,D,20201104,000000,94,95,81.2,82.8,15265.150030530298,0
BQ.US,D,20201105,000000,84.8,87.5,83.2,86.32,3352.7000067053996,0
BQ.US,D,20201106,000000,87.4,87.4,84.002,87,3377.3500067546997,0
BQ.US,D,20201109,000000,91,93,88.4,92.8,7757.100015514199,0
BQ.US,D,20201110,000000,96,118.8,95.2,107.8,55393.05011078609,0
BQ.US,D,20201111,000000,111.8,111.8,102.4,108.8,17117.5500342351,0
BQ.US,D,20201112,000000,104.8,107.8,102.1,106.4,9107.850018215699,0
BQ.US,D,20201113,000000,109,112,104.8,109.2,11197.650022395299,0
BQ.US,D,20201116,000000,116.6,118.364,103,105,25527.700051055395,0
BQ.US,D,20201117,000000,105,105,101,102.8,5324.5500106491,0
BQ.US,D,20201118,000000,102,104.6,101.2,102.6,5164.1500103283,0
BQ.US,D,20201119,000000,100,105.2,97.4,98,11744.7500234895,0
BQ.US,D,20201120,000000,98,99.8,96,99.2,3874.0500077480997,0
BQ.US,D,20201123,000000,99.2,101.4,94,95.6,8199.8000163996,0
BQ.US,D,20201124,000000,94,100,92,99.2,7147.1000142942,0
BQ.US,D,20201125,000000,99.8,124.4,94.9,121.6,63051.20012610239,0
BQ.US,D,20201127,000000,126,135,113,132.2,52217.65010443529,0
BQ.US,D,20201130,000000,132,134.2,121,132.4,24369.100048738197,0
BQ.US,D,20201201,000000,136,138,127,132.6,19728.000039455997,0
BQ.US,D,20201202,000000,128,136.6,125.2,132.6,15804.400031608799,0
BQ.US,D,20201203,000000,129.6,131.2,120.8,121.2,17694.550035389097,0
BQ.US,D,20201204,000000,121.6,123.4,116,116,15081.400030162798,0
BQ.US,D,20201207,000000,116,120.868,114,118,9371.0500187421,0
BQ.US,D,20201208,000000,119.2,119.244,107,108.6,15381.9500307639,0
BQ.US,D,20201209,000000,109.6,109.6,97.6,98.4,24927.000049853996,0
BQ.US,D,20201210,000000,99.2,104,98.4,99.2,9602.200019204398,0
BQ.US,D,20201211,000000,98,99.2,94.4,95.2,6960.7000139214,0
BQ.US,D,20201214,000000,95.4,98,92.4,93.6,7850.000015699999,0
BQ.US,D,20201215,000000,95.6,96,92.2,95.8,7592.2000151843995,0
BQ.US,D,20201216,000000,96.4,97.5,94.6,95.8,9054.450018108899,0
BQ.US,D,20201217,000000,100,151.6,99,140,211406.8004228136,0
BQ.US,D,20201218,000000,139,140,120.4,127,75494.10015098819,0
BQ.US,D,20201221,000000,122,134.8,119,120.4,37746.450075492896,0
BQ.US,D,20201222,000000,122,134.18,121,124.8,31282.850062565696,0
BQ.US,D,20201223,000000,124.8,156,120,144.2,112880.4002257608,0
BQ.US,D,20201224,000000,140.6,143.6,124,129.8,26715.500053431,0
BQ.US,D,20201228,000000,130.8,139,128.6,128.6,21215.7500424315,0
BQ.US,D,20201229,000000,128.6,130.1,111,112.2,31434.400062868797,0
BQ.US,D,20201230,000000,115.8,115.8,100.6,101.6,35306.95007061389,0
BQ.US,D,20201231,000000,110,111.4,102.8,104.2,31779.2500635585,0
BQ.US,D,20210104,000000,108,110.6,102,105.6,15799.050031598097,0
BQ.US,D,20210105,000000,106,115.6,104.2,114.4,17807.650035615297,0
BQ.US,D,20210106,000000,111.8,123,110.8,112,15742.200031484399,0
BQ.US,D,20210107,000000,113.6,119.8,113.6,116.8,9295.400018590799,0
BQ.US,D,20210108,000000,117.2,117.2,107,111.8,15958.150031916299,0
BQ.US,D,20210111,000000,107.2,110.6,105.304,109.2,8902.0500178041,0
BQ.US,D,20210112,000000,111.4,130,106.6,125.8,42568.65008513729,0
BQ.US,D,20210113,000000,133.2,137.6,120,124.2,14811.850029623698,0
BQ.US,D,20210114,000000,125.8,137.6,123.8,134.8,25616.950051233896,0
BQ.US,D,20210115,000000,136,136.998,125.6,131.4,17844.4500356889,0
BQ.US,D,20210119,000000,140,153.6,134.2,139.4,93698.65018739729,0
BQ.US,D,20210120,000000,140,186.8,138.2,180.2,147685.10029537018,0
BQ.US,D,20210121,000000,175.2,208,162,190.4,319403.6006388072,0
BQ.US,D,20210122,000000,198.8,217.6,178.6,193.2,150156.1503003123,0
BQ.US,D,20210125,000000,197,214,150.8,203.8,119889.95023977988,0
BQ.US,D,20210126,000000,216.8,226.8,203.8,213.2,116320.6002326412,0
BQ.US,D,20210127,000000,196.2,205,176,180,48476.70009695339,0
BQ.US,D,20210128,000000,185.2,189.73,174,181.2,17452.050034904096,0
BQ.US,D,20210129,000000,183.4,200,172.304,177.2,28578.5500571571,0
BQ.US,D,20210201,000000,179.2,227,172.2,215.6,66333.70013266739,0
BQ.US,D,20210202,000000,220,233.4,203.6,210,70494.9501409899,0
BQ.US,D,20210203,000000,214.4,216.714,204,210.8,30316.2000606324,0
BQ.US,D,20210204,000000,215,246,212.4,246,92741.7001854834,0
BQ.US,D,20210205,000000,255,256.8,218.2,223.6,80015.90016003179,0
BQ.US,D,20210208,000000,231.4,248.998,227.6,243.6,31040.050062080096,0
BQ.US,D,20210209,000000,240.4,254.976,228.6,229.2,38046.3500760927,0
BQ.US,D,20210210,000000,231.8,236.47,201.2,208.6,65108.300130216594,0
BQ.US,D,20210211,000000,213.6,215.04,199,203.2,26085.6500521713,0
BQ.US,D,20210212,000000,203.2,209.2,181.6,200,67550.95013510188,0
BQ.US,D,20210216,000000,202.6,203.2,180,180,46907.30009381459,0
BQ.US,D,20210217,000000,186.8,204.6,180.2,182.2,45917.6000918352,0
BQ.US,D,20210218,000000,180.4,185,167.1,172,49368.0500987361,0
BQ.US,D,20210219,000000,171,190.2,171,190.2,52689.6001053792,0
BQ.US,D,20210222,000000,188,188,169.6,171.2,38619.6500772393,0
BQ.US,D,20210223,000000,162.6,163.2,137.6,157.4,49079.1000981582,0
BQ.US,D,20210224,000000,153.4,166,150.2,160.4,26099.700052199398,0
BQ.US,D,20210225,000000,157.4,161.4,148,151.6,19865.7000397314,0
BQ.US,D,20210226,000000,145,157.2,127.6,141.4,41409.6000828192,0
BQ.US,D,20210301,000000,148,149.8,136.2,145.4,21315.8000426316,0
BQ.US,D,20210302,000000,150,159.8,142,144.4,19127.600038255197,0
BQ.US,D,20210303,000000,158.4,159,107.8,119.2,61690.400123380794,0
BQ.US,D,20210304,000000,124.8,127.4,88.8,102.6,93625.60018725118,0
BQ.US,D,20210305,000000,106.2,133.6,96,109.4,119554.75023910949,0
BQ.US,D,20210308,000000,107,124.8,102.4,112.4,62520.10012504019,0
BQ.US,D,20210309,000000,114,124,100,109.8,93275.4501865509,0
BQ.US,D,20210310,000000,111.2,118.6,108,110.6,25524.750051049497,0
BQ.US,D,20210311,000000,110,127,110,125.8,121585.75024317148,0
BQ.US,D,20210312,000000,118.4,130.588,116,120.8,56753.9001135078,0
BQ.US,D,20210315,000000,120,123,114.2,118.4,23293.4500465869,0
BQ.US,D,20210316,000000,122.4,125.8,114.6,117,32375.250064750497,0
BQ.US,D,20210317,000000,117,124,114.448,121.8,21031.300042062598,0
BQ.US,D,20210318,000000,118.2,126.8,115.4,116.4,20291.8500405837,0
BQ.US,D,20210319,000000,117.8,121,116.6,117.4,15023.1500300463,0
BQ.US,D,20210322,000000,120,121.2,114.7,117.4,21824.6000436492,0
BQ.US,D,20210323,000000,116,119,107.4,108.4,21601.200043202396,0
BQ.US,D,20210324,000000,109.2,110.072,96.2,96.2,27469.6000549392,0
BQ.US,D,20210325,000000,93.4,108,92.002,105,26920.500053841,0
BQ.US,D,20210326,000000,103.6,108.2,94.4,99.8,23712.9000474258,0
BQ.US,D,20210329,000000,101.8,111,100.4,109.2,16854.2000337084,0
BQ.US,D,20210330,000000,107.4,110.2,104.02,107.8,11697.350023394698,0
BQ.US,D,20210331,000000,109.6,115.6,106.6,111.4,14173.800028347598,0
BQ.US,D,20210401,000000,116,119.8,112,119.4,15687.750031375499,0
BQ.US,D,20210405,000000,117.4,123,113.4,118,13979.050027958097,0
BQ.US,D,20210406,000000,117.6,119.2,114.2,114.8,10174.200020348399,0
BQ.US,D,20210407,000000,114.4,115.8,108.4,110,6776.0500135521,0
BQ.US,D,20210408,000000,113.6,116,105.8,107.2,10901.350021802698,0
BQ.US,D,20210409,000000,106.4,109.8,105.6,105.8,5921.300011842599,0
BQ.US,D,20210412,000000,105.8,109.5,103.2,103.2,9080.3500181607,0
BQ.US,D,20210413,000000,102,106,101.6,104.2,6183.550012367099,0
BQ.US,D,20210414,000000,104.8,107.4,102.4,103.4,4662.2500093245,0
BQ.US,D,20210415,000000,103.4,105.8,93.6,96,20422.500040844996,0
BQ.US,D,20210416,000000,95.8,100,90,97.2,15718.550031437098,0
BQ.US,D,20210419,000000,96.8,99.798,92,92,6124.1500122483,0
BQ.US,D,20210420,000000,92.4,93.6,84,86,13319.6000266392,0
BQ.US,D,20210421,000000,85,94.6,85,94.2,6607.300013214599,0
BQ.US,D,20210422,000000,94.2,99,92,95.4,9128.5500182571,0
BQ.US,D,20210423,000000,93.8,101,93.8,100.4,7698.7000153973995,0
BQ.US,D,20210426,000000,101,110,99,101.4,98478.00019695598,0
BQ.US,D,20210427,000000,100.6,102.2,94.7,100,8003.550016007099,0
BQ.US,D,20210428,000000,100,100.456,97.2,99.6,5115.6000102312,0
BQ.US,D,20210429,000000,100.4,101.354,94.8,95,6738.000013475999,0
BQ.US,D,20210430,000000,93,97.764,92.6,93.8,3707.5000074149993,0
BQ.US,D,20210503,000000,94,98.2,90.6,90.6,12915.950025831899,0
BQ.US,D,20210504,000000,90.4,91.618,86,88,7151.2500143025,0
BQ.US,D,20210505,000000,89.8,90,86,86,1793.7000035874,0
BQ.US,D,20210506,000000,86,90.8,84.472,87.2,9408.6500188173,0
BQ.US,D,20210507,000000,86,89.2,85,85,4031.0000080619993,0
BQ.US,D,20210510,000000,84.6,87.4,82.4,83.6,8071.450016142899,0
BQ.US,D,20210511,000000,82.2,88,74,82.4,15708.700031417398,0
BQ.US,D,20210512,000000,81.4,87.6,80,81.6,7471.0500149421,0
BQ.US,D,20210513,000000,81.2,83.8,74,75,10482.800020965598,0
BQ.US,D,20210514,000000,75,79,75,75.6,8554.3500171087,0
BQ.US,D,20210517,000000,77.8,78.6,72,74.6,8586.3500171727,0
BQ.US,D,20210518,000000,74.2,80.9,74,79.4,7304.200014608399,0
BQ.US,D,20210519,000000,77,79.4,76.6,77.8,6180.5500123611,0
BQ.US,D,20210520,000000,78.4,82,77.4,78.6,5908.0500118161,0
BQ.US,D,20210521,000000,80,81.4,75.8,75.8,9857.200019714399,0
BQ.US,D,20210524,000000,76,78.4,72,77.4,11983.400023966798,0
BQ.US,D,20210525,000000,79.4,88,78.4,84,11873.6500237473,0
BQ.US,D,20210526,000000,82,91,78,88.6,16191.000032381999,0
BQ.US,D,20210527,000000,89.2,90,81.4,83.2,8582.7000171654,0
BQ.US,D,20210528,000000,83.4,85.4,81.4,81.8,5201.950010403899,0
BQ.US,D,20210601,000000,85.8,86,82.402,85.6,8396.8500167937,0
BQ.US,D,20210602,000000,85.4,88.518,85.4,86.6,5831.750011663499,0
BQ.US,D,20210603,000000,84.6,99.8,84.402,97.4,16939.100033878196,0
BQ.US,D,20210604,000000,98,106,92,92,14513.850029027699,0
BQ.US,D,20210607,000000,92.2,98.4,92.2,98,4541.1000090822,0
BQ.US,D,20210608,000000,99,99,92.35,97.6,8012.7500160254995,0
BQ.US,D,20210609,000000,97.6,99.8,91,96,10841.500021683,0
BQ.US,D,20210610,000000,94.8,96.3,90.2,91,8312.4500166249,0
BQ.US,D,20210611,000000,92.8,98,92,93.4,4470.1000089402,0
BQ.US,D,20210614,000000,95.2,107.2,94.6,102.6,18102.300036204597,0
BQ.US,D,20210615,000000,103,105.8,95,96.4,7144.100014288199,0
BQ.US,D,20210616,000000,99.6,106,98.4,102.8,22850.800045701595,0
BQ.US,D,20210617,000000,105,115,104,112.8,44975.35008995069,0
BQ.US,D,20210618,000000,111.4,124.4,111,117,46249.15009249829,0
BQ.US,D,20210621,000000,117.2,118,107.6,110.6,26318.750052637497,0
BQ.US,D,20210622,000000,110.6,111.8,99.6,100,33527.750067055495,0
BQ.US,D,20210623,000000,101.2,103.6,97,100.6,13921.7500278435,0
BQ.US,D,20210624,000000,101.6,103.2,97.2,98.4,16678.8000333576,0
BQ.US,D,20210625,000000,98.4,101.6,95,97.6,14124.1000282482,0
BQ.US,D,20210628,000000,97.6,98.8,87.8,90.6,36212.1000724242,0
BQ.US,D,20210629,000000,90.2,95.8,85.218,94.2,21612.100043224196,0
BQ.US,D,20210630,000000,94.6,95.398,88.232,89.8,15158.650030317298,0
BQ.US,D,20210701,000000,88.8,91.1,84.9,87,21413.150042826295,0
BQ.US,D,20210702,000000,88.4,88.4,84.4,86.8,7524.250015048499,0
BQ.US,D,20210706,000000,86,86.4,81,85.6,14159.850028319697,0
BQ.US,D,20210707,000000,85.6,86.954,80.6,83.8,8664.300017328598,0
BQ.US,D,20210708,000000,80.6,83.4,79,83,9897.6500197953,0
BQ.US,D,20210709,000000,83.8,86.4,80.4,84,19256.050038512098,0
BQ.US,D,20210712,000000,84.4,84.8,80.7,82,6348.200012696399,0
BQ.US,D,20210713,000000,81.8,87.2,81.8,84,11372.5500227451,0
BQ.US,D,20210714,000000,85.6,85.798,75.8,76.6,10980.5500219611,0
BQ.US,D,20210715,000000,76.8,79.6,75,77,6336.0500126721,0
BQ.US,D,20210716,000000,78,81.8,75.6,77.8,6238.8000124776,0
BQ.US,D,20210719,000000,75.6,79,74.8,78.4,4496.6000089931995,0
BQ.US,D,20210720,000000,78.8,84.6,76.4,82.8,4781.6000095632,0
BQ.US,D,20210721,000000,82.8,85.4,82.3,83.4,6065.450012130899,0
BQ.US,D,20210722,000000,84.2,84.3,81.6,82.6,4554.9500091099,0
BQ.US,D,20210723,000000,80.6,82.4,76.8,79,19828.850039657696,0
BQ.US,D,20210726,000000,76.8,76.8,67.2,67.4,19981.8000399636,0
BQ.US,D,20210727,000000,65,65.6,54.2,56,47222.8500944457,0
BQ.US,D,20210728,000000,58.2,61.4,56.214,58.8,25101.500050202998,0
BQ.US,D,20210729,000000,59.2,60,57,58.2,11965.400023930799,0
BQ.US,D,20210730,000000,56.4,59.3,56,56.6,7555.450015110899,0
BQ.US,D,20210802,000000,57.8,60.6,56.6,59.8,6590.2500131805,0
BQ.US,D,20210803,000000,60.4,60.4,57,57.8,5173.250010346499,0
BQ.US,D,20210804,000000,58,60.398,57.6,59.4,10711.750021423499,0
BQ.US,D,20210805,000000,58.4,59.8,57.8,59,9346.000018691999,0
BQ.US,D,20210806,000000,58.8,59.8,57.4,59.4,3199.2000063984,0
BQ.US,D,20210809,000000,59.6,59.6,58.2,59,5837.4500116748995,0
BQ.US,D,20210810,000000,59.2,60,55.6,56,9191.4000183828,0
BQ.US,D,20210811,000000,56,57,54.6,56,4173.5000083469995,0
BQ.US,D,20210812,000000,54.8,55,50.2,52,10738.5500214771,0
BQ.US,D,20210813,000000,52,52.1,50.4,51.2,4179.500008358999,0
BQ.US,D,20210816,000000,52.2,53.8,50,53,6121.1000122422,0
BQ.US,D,20210817,000000,54.6,54.6,50.866,51.8,5322.950010645899,0
BQ.US,D,20210818,000000,51.8,54,50.8,53.2,5356.350010712699,0
BQ.US,D,20210819,000000,52,53.4,48.6,50.2,10017.500020035,0
BQ.US,D,20210820,000000,53.67,54.2,51.7,52,7357.650014715299,0
BQ.US,D,20210823,000000,53.2,56.4,51.4,56,15274.6000305492,0
BQ.US,D,20210824,000000,56.4,62.6,56.4,61.6,20782.3000415646,0
BQ.US,D,20210825,000000,61.6,61.6,58,58.4,5663.8500113277,0
BQ.US,D,20210826,000000,54.4,58.4,53.2,56.4,16737.000033474,0
BQ.US,D,20210827,000000,56.4,56.4,53,54.2,11293.150022586298,0
BQ.US,D,20210830,000000,54.4,55,52.2,53,4569.300009138599,0
BQ.US,D,20210831,000000,53,55.2,52.2,53.8,7329.950014659899,0
BQ.US,D,20210901,000000,54.4,56.6,54.324,56.2,5301.500010602999,0
BQ.US,D,20210902,000000,56.8,57,54.1,55,7541.900015083799,0
BQ.US,D,20210903,000000,54.2,55.6,53.002,54.2,4621.2000092424,0
BQ.US,D,20210907,000000,54.4,55.998,52.4,54.2,8917.7500178355,0
BQ.US,D,20210908,000000,54,54.4,50.2,52.4,4561.6500091233,0
BQ.US,D,20210909,000000,51.8,55.472,51.8,55.4,6224.7000124494,0
BQ.US,D,20210910,000000,56.2,58.2,54.2,55,5940.1500118803,0
BQ.US,D,20210913,000000,54.4,55.58,52.4,52.4,4894.2500097884995,0
BQ.US,D,20210914,000000,52.4,54.2,52,53.6,3632.7500072655,0
BQ.US,D,20210915,000000,53,54.2,50.4,51,3887.1500077742994,0
BQ.US,D,20210916,000000,50.4,52,49.064,51.6,4403.4000088068,0
BQ.US,D,20210917,000000,53.2,53.8,50.4,53.8,5793.9000115878,0
BQ.US,D,20210920,000000,50.8,52.8,48,48.6,6633.5500132670995,0
BQ.US,D,20210921,000000,48.6,48.6,45.8,46.6,8518.750017037499,0
BQ.US,D,20210922,000000,46.6,47,45.4,45.8,3710.7500074215,0
BQ.US,D,20210923,000000,46,46.4,45,45.2,4218.6500084373,0
BQ.US,D,20210924,000000,44.4,45,42.2,42.6,9995.4500199909,0
BQ.US,D,20210927,000000,42.6,48.8,42,47.4,11701.450023402898,0
BQ.US,D,20210928,000000,47,48,43.6,45,6501.650013003299,0
BQ.US,D,20210929,000000,45.2,46.33,43.8,45,1826.0500036520998,0
BQ.US,D,20210930,000000,44.4,47.6,42.6,46.2,3746.9500074938996,0
BQ.US,D,20211001,000000,46.8,47.8,44.8,45.8,3152.7500063055,0
BQ.US,D,20211004,000000,45.6,46.2,44.4,44.4,5558.700011117399,0
BQ.US,D,20211005,000000,44.8,46.2,44.4,44.8,2073.9000041478,0
BQ.US,D,20211006,000000,44.8,51.6,44.2,48.8,10978.1500219563,0
BQ.US,D,20211007,000000,50,51.8,49.2,49.2,6762.8500135257,0
BQ.US,D,20211008,000000,49.4,49.4,41.4,45.4,10964.400021928797,0
BQ.US,D,20211011,000000,45.8,47.4,45.8,47.4,2936.4000058728,0
BQ.US,D,20211012,000000,47,48.8,45.8,46.8,2481.000004962,0
BQ.US,D,20211013,000000,48.6,48.6,42.2,44.4,8605.550017211099,0
BQ.US,D,20211014,000000,43.6,45.206,43,44.4,5625.3000112506,0
BQ.US,D,20211015,000000,43.8,44.946,40,40,30519.9000610398,0
BQ.US,D,20211018,000000,40,41.488,39.652,40,9293.000018585999,0
BQ.US,D,20211019,000000,39.8,44.4,39.8,43.6,20291.350040582696,0
BQ.US,D,20211020,000000,44.2,44.4,40.2,41.4,15995.100031990198,0
BQ.US,D,20211021,000000,41.4,44.2,40.6,43.2,9878.3500197567,0
BQ.US,D,20211022,000000,42.8,44,41.2,42.8,5958.4500119169,0
BQ.US,D,20211025,000000,43.8,45,42.2,44.4,5544.000011087999,0
BQ.US,D,20211026,000000,43.8,44.4,41.6,42.2,6067.550012135099,0
BQ.US,D,20211027,000000,43,43,40.2,40.8,7307.250014614499,0
BQ.US,D,20211028,000000,40.8,41.6,40,41,9044.8000180896,0
BQ.US,D,20211029,000000,40.6,41.4,40,40.6,8573.100017146198,0
BQ.US,D,20211101,000000,40.6,41.4,40.2,40.2,15539.400031078798,0
BQ.US,D,20211102,000000,40,40.8,38.6,39.6,8553.7000171074,0
BQ.US,D,20211103,000000,39,39.8,38.8,39,4868.900009737799,0
BQ.US,D,20211104,000000,40,41,38.8,39.8,20935.000041869996,0
BQ.US,D,20211105,000000,39.2,39.598,37.6,37.6,12096.850024193698,0
BQ.US,D,20211108,000000,37.6,44.766,37.158,41,72164.500144329,0
BQ.US,D,20211109,000000,42,47,39.4,44.6,129189.80025837959,0
BQ.US,D,20211110,000000,46.2,46.76,39.5,40.2,37758.500075517,0
BQ.US,D,20211111,000000,41.2,42,40,40.8,21504.2500430085,0
BQ.US,D,20211112,000000,40.6,41.8,40.4,41.4,15778.600031557198,0
BQ.US,D,20211115,000000,41,42.2,40,40,15278.250030556497,0
BQ.US,D,20211116,000000,40.2,40.6,37.4,37.6,24574.050049148096,0
BQ.US,D,20211117,000000,37,37.6,35,35,27390.500054780998,0
BQ.US,D,20211118,000000,35,35.6,33.6,33.8,16893.2500337865,0
BQ.US,D,20211119,000000,34.4,34.4,32,33.4,19818.7000396374,0
BQ.US,D,20211122,000000,33.6,35.6,30.4,31.6,17701.0500354021,0
BQ.US,D,20211123,000000,32,33.2,32,32.8,10688.700021377399,0
BQ.US,D,20211124,000000,32.4,33.2,32.06,33.2,5387.4000107748,0
BQ.US,D,20211126,000000,32,33,31.4,32.4,5495.600010991199,0
BQ.US,D,20211129,000000,33.4,33.4,30.6,30.6,10134.250020268499,0
BQ.US,D,20211130,000000,31.8,33,30,30,24424.550048849098,0
BQ.US,D,20211201,000000,30,31.4,27,27.6,12457.9500249159,0
BQ.US,D,20211202,000000,28,29.8,26.2,27.2,12147.000024293999,0
BQ.US,D,20211203,000000,26.8,28,24.2,26.8,20844.5500416891,0
BQ.US,D,20211206,000000,26.2,27,23.8,24,8867.8500177357,0
BQ.US,D,20211207,000000,24.6,26.6,24.6,26,8638.6000172772,0
BQ.US,D,20211208,000000,25.4,26.8,25.2,26,5727.100011454199,0
BQ.US,D,20211209,000000,25.4,27.6,25.032,25.4,6399.050012798099,0
BQ.US,D,20211210,000000,25.2,26.2,24.8,25,4405.900008811799,0
BQ.US,D,20211213,000000,25.4,25.4,23.6,24.2,8600.1500172003,0
BQ.US,D,20211214,000000,23.4,24.6,22.4,22.8,17208.7500344175,0
BQ.US,D,20211215,000000,23.4,24,22,22.9,10207.2000204144,0
BQ.US,D,20211216,000000,23.2,23.6,20.4,21,16633.550033267096,0
BQ.US,D,20211217,000000,20.8,23.2,20.8,21.8,19544.600039089197,0
BQ.US,D,20211220,000000,20.6,21.6,18.42,18.63,15744.600031489199,0
BQ.US,D,20211221,000000,18.4,19,18.4,18.6,16218.750032437498,0
BQ.US,D,20211222,000000,18.4,18.998,18,18.4,61871.10012374219,0
BQ.US,D,20211223,000000,18.824,18.824,18.2,18.4,11684.6000233692,0
BQ.US,D,20211227,000000,18.8,20.2,18.402,19.6,24853.300049706595,0
BQ.US,D,20211228,000000,19.18,19.6,18.2,18.41,6329.7500126595,0
BQ.US,D,20211229,000000,18.116,19.558,17.206,17.4,17267.150034534297,0
BQ.US,D,20211230,000000,17,19.472,17,18.2,10563.050021126099,0
BQ.US,D,20211231,000000,18.398,18.802,17.328,17.636,9784.2000195684,0
BQ.US,D,20220103,000000,18.128,19.616,18.002,18.408,4380.2000087604,0
BQ.US,D,20220104,000000,18.6,19,17.026,17.204,7488.450014976899,0
BQ.US,D,20220105,000000,17.78,18.4,16.21,17.252,30574.300061148595,0
BQ.US,D,20220106,000000,17,17.8,15.6,15.8,7703.700015407399,0
BQ.US,D,20220107,000000,16,17.186,15.86,15.86,3784.9000075697995,0
BQ.US,D,20220110,000000,16.002,16.002,14.212,14.498,9614.400019228799,0
BQ.US,D,20220111,000000,15.066,16.194,14.8,15.498,5243.9000104878,0
BQ.US,D,20220112,000000,15.344,16.544,15.344,16,5702.600011405199,0
BQ.US,D,20220113,000000,15.942,16,14.8,14.8,5906.550011813099,0
BQ.US,D,20220114,000000,14.636,15.836,14.636,15.4,3073.7000061474,0
BQ.US,D,20220118,000000,15.4,15.4,14,14,5256.3500105127,0
BQ.US,D,20220119,000000,13.6,14.8,13.6,14,2012.6000040251997,0
BQ.US,D,20220120,000000,15.8,16,14.6,14.798,9305.050018610098,0
BQ.US,D,20220121,000000,14.6,14.8,12.204,12.5,10635.4000212708,0
BQ.US,D,20220124,000000,13,13.4,11.6,12.402,9737.6000194752,0
BQ.US,D,20220125,000000,12.6,14.42,12.34,13.956,13268.8000265376,0
BQ.US,D,20220126,000000,13.2,15.2,12.5,12.602,378405.75075681147,0
BQ.US,D,20220127,000000,13.388,13.388,11.62,12.6,6973.050013946099,0
BQ.US,D,20220128,000000,12.022,14.2,12,13.498,5674.400011348799,0
BQ.US,D,20220131,000000,12.842,14.651,12.838,14.628,3625.2500072505,0
BQ.US,D,20220201,000000,14.998,15.76,14.602,14.8,2530.5500050611,0
BQ.US,D,20220202,000000,15.54,15.788,14.001,14.402,4062.1000081241996,0
BQ.US,D,20220203,000000,13.772,15.514,13.772,14.198,3180.7000063613996,0
BQ.US,D,20220204,000000,14.906,14.906,13.4,13.973,3799.4500075989,0
BQ.US,D,20220207,000000,14.398,15.428,13.6,14.6,3414.0500068281,0
BQ.US,D,20220208,000000,14.998,14.998,13.6,13.846,3149.1000062982,0
BQ.US,D,20220209,000000,14.798,14.798,14.202,14.4,2983.0500059661,0
BQ.US,D,20220210,000000,13.6,14.886,13.6,14.608,4027.7000080554,0
BQ.US,D,20220211,000000,14.998,15.4,14.61,14.638,3460.7500069215,0
BQ.US,D,20220214,000000,14,14.3,13.406,13.854,3116.500006233,0
BQ.US,D,20220215,000000,13.6,14.8,13.2,14,4645.3000092905995,0
BQ.US,D,20220216,000000,13.556,14,13.24,13.906,4490.8000089816,0
BQ.US,D,20220217,000000,13.81,14.412,13.212,14,1718.6000034372,0
BQ.US,D,20220218,000000,13.964,14,13.32,13.32,3044.2500060885,0
BQ.US,D,20220222,000000,12,12.6,11.8,12.362,14011.700028023399,0
BQ.US,D,20220223,000000,11.6,13,11.6,12.202,5446.5500108931,0
BQ.US,D,20220224,000000,10.99,12.62,10.99,12.6,9559.0500191181,0
BQ.US,D,20220225,000000,13.23,13.23,11.764,11.8,9579.000019158,0
BQ.US,D,20220228,000000,11.536,12.2,11.536,11.902,5274.550010549099,0
BQ.US,D,20220301,000000,11.6,12.4,11.27,11.608,7031.150014062299,0
BQ.US,D,20220302,000000,11.8,13.1,11.61,12.072,10254.600020509199,0
BQ.US,D,20220303,000000,12.2,12.998,10.904,11.4,16492.6000329852,0
BQ.US,D,20220304,000000,11.002,11.354,10.8,10.95,3344.0500066880995,0
BQ.US,D,20220307,000000,11.158,11.158,9.654,10.2,13077.7000261554,0
BQ.US,D,20220308,000000,10.4,10.76,9.4,9.772,10620.950021241899,0
BQ.US,D,20220309,000000,10.2,14.754,10,11.8,106954.00021390799,0
BQ.US,D,20220310,000000,11.998,11.998,10.6,11.1,12035.150024070299,0
BQ.US,D,20220311,000000,11.296,11.8,10,10.4,7205.850014411699,0
BQ.US,D,20220314,000000,10.2,10.2,9,9.2,22728.050045456097,0
BQ.US,D,20220315,000000,9.2,9.8,8.816,9.6,9994.000019988,0
BQ.US,D,20220316,000000,11,11.286,9.946,11,30007.5500600151,0
BQ.US,D,20220317,000000,9.058,10.598,9.058,10,18096.500036192996,0
BQ.US,D,20220318,000000,10.288,11.2,9.60203,10.4,65598.60013119719,0
BQ.US,D,20220321,000000,10.6,10.604,9.2,9.858,35394.600070789194,0
BQ.US,D,20220322,000000,10,10.4,9.9,10.242,28022.500056045,0
BQ.US,D,20220323,000000,10.3,10.6,9.92,10.02,67004.3501340087,0
BQ.US,D,20220324,000000,10.2,10.4,9.702,10.3,17560.000035119996,0
BQ.US,D,20220325,000000,10.052,10.358,9.02,9.06,34925.2000698504,0
BQ.US,D,20220328,000000,9.498,9.6,8.6,8.822,52401.9501048039,0
BQ.US,D,20220329,000000,8.94,9.54,8.936,9.452,18667.0500373341,0
BQ.US,D,20220330,000000,10.2,10.2,9.1,9.1,7287.4500145749,0
BQ.US,D,20220331,000000,9.574,9.574,8.8,8.82,11379.550022759098,0
BQ.US,D,20220401,000000,9.07,9.26,8.79,8.846,7170.650014341299,0
BQ.US,D,20220404,000000,9.4,9.8,8.814,9.396,10458.150020916299,0
BQ.US,D,20220405,000000,10,10.98,9.004,9.34,7158.150014316299,0
BQ.US,D,20220406,000000,8.94,9.472,8.812,9.064,5831.100011662199,0
BQ.US,D,20220407,000000,9.358,9.358,8.4,9,32078.350064156693,0
BQ.US,D,20220408,000000,8.6,8.798,8.6,8.708,3007.8000060155996,0
BQ.US,D,20220411,000000,8.76,8.76,7.83,7.942,23005.3500460107,0
BQ.US,D,20220412,000000,8.198,8.198,7.88,7.984,5350.0500107001,0
BQ.US,D,20220413,000000,7.996,8.2,7.838,8.178,5001.050010002099,0
BQ.US,D,20220414,000000,8.358,8.358,7.6,7.62,5218.6500104373,0
BQ.US,D,20220418,000000,7.6,8,7.2,7.602,7671.800015343599,0
BQ.US,D,20220419,000000,7.422,7.824,7.4,7.502,3961.3000079225994,0
BQ.US,D,20220420,000000,7.622,7.622,6.484,7.2,11777.0500235541,0
BQ.US,D,20220421,000000,7.30003,7.4,6.824,7.3,5680.550011361099,0
BQ.US,D,20220422,000000,7.4,7.998,7.376,7.526,4656.9500093138995,0
BQ.US,D,20220425,000000,7.22,7.838,7.22,7.756,2534.2500050685,0
BQ.US,D,20220426,000000,8.142,8.142,6.82,7.276,4560.000009119999,0
BQ.US,D,20220427,000000,7.422,7.492,7.02,7.33,3805.8500076116998,0
BQ.US,D,20220428,000000,7.276,7.28,6.302,7.2,9477.2000189544,0
BQ.US,D,20220429,000000,7.49,7.49,6.8002,7.36,5326.700010653399,0
BQ.US,D,20220502,000000,7,7.20203,6.4,7.002,10166.1500203323,0
BQ.US,D,20220503,000000,7.014,7.8,7.014,7.6,5545.200011090399,0
BQ.US,D,20220504,000000,7.98,7.98,7,7.6,2765.4500055308995,0
BQ.US,D,20220505,000000,7.02,7.214,6.442,6.562,4394.8000087896,0
BQ.US,D,20220506,000000,6.44,6.8,5.8,6.102,9060.1500181203,0
BQ.US,D,20220509,000000,6.298,6.298,5.198,5.404,11486.050022972098,0
BQ.US,D,20220510,000000,5.498,5.498,4.98,5.39,11010.2500220205,0
BQ.US,D,20220511,000000,5.208,5.246,4.82,4.82,5528.100011056199,0
BQ.US,D,20220512,000000,4.578,5.2,4.446,4.986,14166.8500283337,0
BQ.US,D,20220513,000000,4.958,5.6,4.622,5.38,25468.700050937397,0
BQ.US,D,20220516,000000,5.6,5.764,5.164,5.454,2391.5500047830997,0
BQ.US,D,20220517,000000,5.8,6.14797,5.602,5.68,4989.7000099793995,0
BQ.US,D,20220518,000000,5.8,6,5.606,5.71,2432.0500048640997,0
BQ.US,D,20220519,000000,5.4,5.96,5.1,5.8,5217.4500104349,0
BQ.US,D,20220520,000000,5.596,5.696,5.201,5.54,12653.500025306997,0
BQ.US,D,20220523,000000,5.896,5.896,5.214,5.401,10019.4500200389,0
BQ.US,D,20220524,000000,5.26,5.388,4.82,5.02,3653.4500073069,0
BQ.US,D,20220525,000000,5.14,5.52,5.02,5.422,11712.9500234259,0
BQ.US,D,20220526,000000,5.598,5.8,5.42,5.7,3961.5500079230997,0
BQ.US,D,20220527,000000,5.798,5.972,5.59,5.802,3208.4000064167994,0
BQ.US,D,20220531,000000,6.198,7.2,5.62,6.36,7877.700015755399,0
BQ.US,D,20220601,000000,6.6,6.79997,6.046,6.556,13630.00002726,0
BQ.US,D,20220602,000000,6.498,6.58,5.832,6.52,23541.500047083,0
BQ.US,D,20220603,000000,7.23333,9.66667,6.83333,7.23467,764386.2,0
BQ.US,D,20220606,000000,7.23333,7.30133,6.1,6.5,95214,0
BQ.US,D,20220607,000000,6.36667,6.43333,6.03333,6.33333,27735.6,0
BQ.US,D,20220608,000000,6.36667,6.83333,6.23333,6.36667,37069.5,0
BQ.US,D,20220609,000000,6.16667,6.33333,6.03333,6.03333,19122.3,0
BQ.US,D,20220610,000000,6.06667,6.23333,5.96667,6.16667,9522.9,0
BQ.US,D,20220613,000000,6.13333,6.13333,5.02967,5.1,12851.4,0
BQ.US,D,20220614,000000,5.33333,5.593,5.03333,5.06667,9935.4,0
BQ.US,D,20220615,000000,5.1,5.9,5.1,5.83333,19508.1,0
BQ.US,D,20220616,000000,5.8,6.03333,5.4,5.7,24025.2,0
BQ.US,D,20220617,000000,5.73333,5.9,5.43333,5.66667,17855.399999999998,0
BQ.US,D,20220621,000000,5.73333,6.33333,5.72433,6.33333,11413.5,0
BQ.US,D,20220622,000000,5.93333,6.16667,5.93133,6.1,1779.3,0
BQ.US,D,20220623,000000,6.3,7.63333,6.16667,6.63333,66064.5,0
BQ.US,D,20220624,000000,6.83333,7.16667,6.56667,6.66667,27640.5,0
BQ.US,D,20220627,000000,6.66667,6.83333,6.26667,6.63333,11321.699999999999,0
BQ.US,D,20220628,000000,6.66667,6.68333,6.369,6.369,18261,0
BQ.US,D,20220629,000000,6.36667,6.63333,5.66667,6.5,3458.4,0
BQ.US,D,20220630,000000,5.96667,6.63333,5.767,6.43333,2868.2999999999997,0
BQ.US,D,20220701,000000,6.3,6.46667,6.3,6.43333,1604.7,0
BQ.US,D,20220705,000000,6.63333,6.63333,6.06667,6.23333,4983,0
BQ.US,D,20220706,000000,6.3,6.36667,6.16667,6.16667,2363.1,0
BQ.US,D,20220707,000000,6.11667,6.7,6.11667,6.4,6293.099999999999,0
BQ.US,D,20220708,000000,6.63333,6.63333,6.33333,6.36667,7215,0
BQ.US,D,20220711,000000,6.6,6.6,6.03333,6.3,2788.5,0
BQ.US,D,20220712,000000,6.12667,6.36667,6.079,6.23333,2119.7999999999997,0
BQ.US,D,20220713,000000,5.93333,6.333,5.71867,6.3,4835.099999999999,0
BQ.US,D,20220714,000000,6.33333,6.33333,6,6.3,337.5,0
BQ.US,D,20220715,000000,5.96667,6.56667,5.88767,6.3,6528.599999999999,0
BQ.US,D,20220718,000000,6.56667,6.56667,6.23333,6.26667,6189.3,0
BQ.US,D,20220719,000000,6.26667,6.56667,6.2,6.56667,3490.2,0
BQ.US,D,20220720,000000,6.43333,6.9,6.34533,6.8,8672.1,0
BQ.US,D,20220721,000000,7.06667,7.06667,6.36667,6.40033,4234.8,0
BQ.US,D,20220722,000000,6.9,6.9,6.23333,6.7,5726.4,0
BQ.US,D,20220725,000000,6.96667,7.333,6.706,7.06667,13092,0
BQ.US,D,20220726,000000,6.83333,7.13333,6.57567,6.63333,2538.2999999999997,0
BQ.US,D,20220727,000000,6.36667,6.83333,6.1,6.8,5577.599999999999,0
BQ.US,D,20220728,000000,6.63333,6.85,6.46667,6.7,2651.1,0
BQ.US,D,20220729,000000,6.33333,6.53333,6.124,6.13367,4152.3,0
BQ.US,D,20220801,000000,6.63333,6.63333,5.53333,5.66667,14059.5,0
BQ.US,D,20220802,000000,5.66667,9.06667,5.66667,8.96667,315548.39999999997,0
BQ.US,D,20220803,000000,7.9,8,6.26667,7.63333,360267,0
BQ.US,D,20220804,000000,7.4,7.49967,6.53333,6.69767,92484.3,0
BQ.US,D,20220805,000000,6.76667,13,6.7,9.03333,2454513.9,0
BQ.US,D,20220808,000000,9.03333,9.214,7.06667,8.03333,243106.5,0
BQ.US,D,20220809,000000,8.03333,9.433,7.73333,8.1,216306.3,0
BQ.US,D,20220810,000000,8.1,8.1,6.83333,7,87074.09999999999,0
BQ.US,D,20220811,000000,7.2,7.5,7,7.43333,71146.8,0
BQ.US,D,20220812,000000,7.6,7.6,6.93333,7.33333,33492.9,0
BQ.US,D,20220815,000000,7.1,7.26667,6.66667,6.66667,61030.799999999996,0
BQ.US,D,20220816,000000,6.93333,7.3,6.4,7,108936.9,0
BQ.US,D,20220817,000000,6.86667,8.8,6.66667,7.23333,300813.89999999997,0
BQ.US,D,20220818,000000,6.93333,7.16667,6.36667,6.56667,64051.799999999996,0
BQ.US,D,20220819,000000,6.83333,6.83333,6.03467,6.3,53397.9,0
BQ.US,D,20220822,000000,6.16667,6.46667,5.33333,5.93333,42688.2,0
BQ.US,D,20220823,000000,5.86667,5.86667,5.47233,5.56667,29559,0
BQ.US,D,20220824,000000,5.5,5.89967,5.5,5.66667,25701.3,0
BQ.US,D,20220825,000000,5.63333,6,5.63333,5.86667,27884.7,0
BQ.US,D,20220826,000000,6.03333,6.43333,5.4,5.53333,33696.9,0
BQ.US,D,20220829,000000,5.96667,5.96667,5.43333,5.73333,52347,0
BQ.US,D,20220830,000000,5.63333,5.855,5.409,5.6,44891.4,0
BQ.US,D,20220831,000000,6,6,5.43333,5.53333,32689.199999999997,0
BQ.US,D,20220901,000000,5.43333,5.56667,5.13333,5.33333,16248,0
BQ.US,D,20220902,000000,5.23333,5.351,4.8,5.06667,31273.5,0
BQ.US,D,20220906,000000,5.03567,5.03933,4.8,4.8,11344.8,0
BQ.US,D,20220907,000000,4.5,4.812,4.5,4.76667,12783.3,0
BQ.US,D,20220908,000000,4.83333,5.16667,4.83333,5.03333,15491.4,0
BQ.US,D,20220909,000000,5.32867,5.32867,4.86667,5.1,14617.199999999999,0
BQ.US,D,20220912,000000,5.26667,5.28333,4.83333,5.08267,5908.2,0
BQ.US,D,20220913,000000,4.96667,5.11667,4.6,4.7,17081.1,0
BQ.US,D,20220914,000000,4.96467,5.35567,4.6,4.73333,53994.299999999996,0
BQ.US,D,20220915,000000,5.56667,5.56667,4.76667,5.1,21260.7,0
BQ.US,D,20220916,000000,5,5.01267,4.3,4.66667,11419.199999999999,0
BQ.US,D,20220919,000000,4.63333,4.7,4.4,4.46667,8571.6,0
BQ.US,D,20220920,000000,4.46667,4.5,4.2,4.33333,12511.5,0
BQ.US,D,20220921,000000,4.2,4.6,4.06667,4.53333,15316.8,0
BQ.US,D,20220922,000000,4.47133,4.833,4.06667,4.36667,6334.5,0
BQ.US,D,20220923,000000,4.33333,4.53067,3.83333,3.93333,23126.1,0
BQ.US,D,20220926,000000,3.56667,4.19,3.56667,4,7935.299999999999,0
BQ.US,D,20220927,000000,3.86667,4.06667,3.8,3.8,4359.3,0
BQ.US,D,20220928,000000,3.9,4.06667,3.9,3.96667,5796.3,0
BQ.US,D,20220929,000000,3.96667,4,3.812,3.96667,2375.4,0
BQ.US,D,20220930,000000,3.96667,4.16667,3.73333,3.93333,10069.8,0
BQ.US,D,20221003,000000,3.86667,4,3.7,3.93333,3064.7999999999997,0
BQ.US,D,20221004,000000,4.06667,4.16667,3.8,3.83333,21592.5,0
BQ.US,D,20221005,000000,3.83333,4.06667,3.83333,3.96667,4750.8,0
BQ.US,D,20221006,000000,4.3,4.5,3.8,3.86667,4135.5,0
BQ.US,D,20221007,000000,4.16667,4.43333,3.85533,4,4951.2,0
BQ.US,D,20221010,000000,3.8,4,3.8,3.96667,1478.7,0
BQ.US,D,20221011,000000,4.16667,4.16667,3.70033,3.86667,2763,0
BQ.US,D,20221012,000000,4.2,4.46667,3.7,3.73333,10789.199999999999,0
BQ.US,D,20221013,000000,4.03333,4.3,3.43333,3.53333,3048.9,0
BQ.US,D,20221014,000000,3.9,3.9,3.69933,3.69933,1457.7,0
BQ.US,D,20221017,000000,4,4,3.73333,3.73333,5717.099999999999,0
BQ.US,D,20221018,000000,3.66667,4.06667,3.66667,3.9,4381.5,0
BQ.US,D,20221019,000000,4.13333,4.13333,3.83367,3.96667,1446.8999999999999,0
BQ.US,D,20221020,000000,4.3,4.33333,3.93333,3.96667,5772.599999999999,0
BQ.US,D,20221021,000000,4,4.16667,3.86667,3.95,14919,0
BQ.US,D,20221024,000000,3.73333,3.93333,3.53333,3.76667,9283.199999999999,0
BQ.US,D,20221025,000000,3.96667,4.03367,3.83333,4,2352.6,0
BQ.US,D,20221026,000000,3.86667,4.2,3.86667,4,6230.7,0
BQ.US,D,20221027,000000,4.16667,4.26667,3.93333,3.93333,11504.4,0
BQ.US,D,20221028,000000,3.76667,3.9,3.76667,3.9,1099.5,0
BQ.US,D,20221031,000000,3.76667,4,3.76667,4,1975.8,0
BQ.US,D,20221101,000000,3.93333,4.3,3.93333,4.2,5117.099999999999,0
BQ.US,D,20221102,000000,3.76667,4.46667,3.76667,4.2,6536.099999999999,0
BQ.US,D,20221103,000000,4.53333,4.53333,3.56667,3.66667,14964,0
BQ.US,D,20221104,000000,3.83333,3.83333,3.40067,3.55,14696.4,0
BQ.US,D,20221107,000000,3.56667,3.81667,3.56667,3.73333,2153.4,0
BQ.US,D,20221108,000000,3.9,3.9,3.6,3.63333,2347.2,0
BQ.US,D,20221109,000000,3.9,3.9,3.56667,3.63333,3162.9,0
BQ.US,D,20221110,000000,3.96667,3.96667,3.33333,3.43333,12412.8,0
BQ.US,D,20221111,000000,3.43333,3.76667,3.43333,3.6,6332.7,0
BQ.US,D,20221114,000000,3.66667,3.86667,3.66667,3.8,5513.099999999999,0
BQ.US,D,20221115,000000,3.99733,4.5,3.93333,4.23333,24450.6,0
BQ.US,D,20221116,000000,4.2,4.43333,4.2,4.23333,2780.1,0
BQ.US,D,20221117,000000,4.53333,4.53333,4.2,4.36667,1416.8999999999999,0
BQ.US,D,20221118,000000,4.36667,4.66667,4.23333,4.26667,6603.9,0
BQ.US,D,20221121,000000,4.56667,4.56667,4.26667,4.4,1321.2,0
BQ.US,D,20221122,000000,4.13333,4.46667,4.13333,4.4,449.09999999999997,0
BQ.US,D,20221123,000000,3.96667,4.4,3.96667,4.36667,3183,0
BQ.US,D,20221125,000000,4.23333,4.4,4.23333,4.36667,304.5,0
BQ.US,D,20221128,000000,4.5,4.7,4.3,4.48333,2604.2999999999997,0
BQ.US,D,20221129,000000,4.33333,4.53333,4.33333,4.467,7718.099999999999,0
BQ.US,D,20221130,000000,4.9,5.3,4.53333,4.96667,24836.7,0
BQ.US,D,20221201,000000,4.63333,4.83333,3.73333,4.465,11364,0
BQ.US,D,20221202,000000,4.4,4.733,4.31667,4.63333,4272,0
BQ.US,D,20221205,000000,4.83333,5.1,4.7,4.9,11141.4,0
BQ.US,D,20221206,000000,5.16667,5.16667,4.73333,4.73333,482.4,0
BQ.US,D,20221207,000000,4.73333,4.88333,4.4,4.76667,1398,0
BQ.US,D,20221208,000000,4.5,4.86667,4.33333,4.33333,8048.7,0
BQ.US,D,20221209,000000,4.53333,4.83,4.53333,4.63333,3061.2,0
BQ.US,D,20221212,000000,4.33333,4.63333,4.1,4.63333,6080.099999999999,0
BQ.US,D,20221213,000000,4.83333,5.3,4.63333,5.169,6413.7,0
BQ.US,D,20221214,000000,5.33333,5.33333,4.86667,4.90867,4900.8,0
BQ.US,D,20221215,000000,4.46667,4.7,4.46667,4.7,366.3,0
BQ.US,D,20221216,000000,4.5,4.86667,4.5,4.86667,382.8,0
BQ.US,D,20221219,000000,4.63333,4.76667,4.23333,4.23333,2964,0
BQ.US,D,20221220,000000,4.233,4.233,4,4.1,1280.7,0
BQ.US,D,20221221,000000,4.067,4.20833,4.03333,4.13333,1572,0
BQ.US,D,20221222,000000,4.06667,4.258,3.86667,3.96367,9671.699999999999,0
BQ.US,D,20221223,000000,3.9,4.18433,3.9,4,4555.8,0
BQ.US,D,20221227,000000,3.9,4.03333,3.7,3.83333,6413.099999999999,0
BQ.US,D,20221228,000000,3.86667,3.96667,3.66733,3.86533,5520,0
BQ.US,D,20221229,000000,3.9,4.23633,3.86667,4.23633,5775,0
BQ.US,D,20221230,000000,4.03333,4.3,4.03333,4.03333,31979.699999999997,0
BQ.US,D,20230103,000000,3.96667,4.26633,3.96667,4.16667,3762.8999999999996,0
BQ.US,D,20230104,000000,4.26667,4.66667,4.26667,4.6,2816.4,0
BQ.US,D,20230105,000000,4.73333,5.1,4.60233,4.9,3525.6,0
BQ.US,D,20230106,000000,5.13333,5.13333,4.66667,4.66667,2815.2,0
BQ.US,D,20230109,000000,4.82433,5,4.7,4.73333,5676.599999999999,0
BQ.US,D,20230110,000000,4.96667,5.83333,4.96667,5.6,49633.799999999996,0
BQ.US,D,20230111,000000,5.83333,6.26667,5.73333,5.9,28596.899999999998,0
BQ.US,D,20230112,000000,5.76667,6,5.62433,5.7,4963.2,0
BQ.US,D,20230113,000000,5.75367,6.88333,5.75367,6.83333,30734.399999999998,0
BQ.US,D,20230117,000000,6.73333,6.73333,5.7,6.7,22326.3,0
BQ.US,D,20230118,000000,6.9,6.9,6.26667,6.333,14272.5,0
BQ.US,D,20230119,000000,6.66667,6.66667,6.06667,6.13333,4070.3999999999996,0
BQ.US,D,20230120,000000,6.1,6.53333,6.1,6.3,8242.5,0
BQ.US,D,20230123,000000,6.63333,6.63333,6.03367,6.46667,6281.7,0
BQ.US,D,20230124,000000,6.4,6.46667,6.16667,6.19667,8554.8,0
BQ.US,D,20230125,000000,6.66667,6.66667,6.16667,6.26667,3128.4,0
BQ.US,D,20230126,000000,6.23333,6.36667,6.2,6.23333,9328.5,0
BQ.US,D,20230127,000000,6.2,6.47,6.15333,6.4,7133.7,0
BQ.US,D,20230130,000000,6.189,6.43333,6.167,6.36667,1631.1,0
BQ.US,D,20230131,000000,6.296,6.3,6.06667,6.06667,4973.099999999999,0
BQ.US,D,20230201,000000,6.06667,6.1,5.66667,6.06667,17882.1,0
BQ.US,D,20230202,000000,6.03333,6.23333,5.902,6.1,9198.9,0
BQ.US,D,20230203,000000,6.16667,6.59967,6.13333,6.13333,9541.5,0
BQ.US,D,20230206,000000,5.9,5.93333,5.33333,5.66667,5001.3,0
BQ.US,D,20230207,000000,6,6,5.66667,5.68667,2379.9,0
BQ.US,D,20230208,000000,6.2,6.2,5.66667,5.73333,1920,0
BQ.US,D,20230209,000000,5.76667,5.88333,5.59533,5.63333,2125.5,0
BQ.US,D,20230210,000000,5.5,5.813,5.26667,5.3,5613,0
BQ.US,D,20230213,000000,5.56667,5.56667,5.2,5.3,1780.5,0
BQ.US,D,20230214,000000,5.30667,5.309,5.13333,5.2,4228.2,0
BQ.US,D,20230215,000000,5.13333,5.552,4.93333,5.03333,86526,0
BQ.US,D,20230216,000000,5.03333,5.1,4.93333,4.93333,4474.8,0
BQ.US,D,20230217,000000,5.16667,5.16667,4.53333,4.6,9645,0
BQ.US,D,20230221,000000,4.6,4.7,4.53333,4.53533,2811.9,0
BQ.US,D,20230222,000000,4.46667,4.76633,4.46667,4.53833,3079.5,0
BQ.US,D,20230223,000000,4.63333,4.63333,4.5,4.5,1049.7,0
BQ.US,D,20230224,000000,4.49967,4.49967,4.233,4.23333,5139.3,0
BQ.US,D,20230227,000000,4.26667,4.46667,4.26667,4.4,1392.8999999999999,0
BQ.US,D,20230228,000000,4.49067,4.53333,4.2,4.3,4749,0
BQ.US,D,20230301,000000,4.33333,4.76667,4.33333,4.45,926.4,0
BQ.US,D,20230302,000000,4.73333,4.73333,4.36667,4.4,551.6999999999999,0
BQ.US,D,20230303,000000,4.43333,4.5,4.36667,4.4,1737.6,0
BQ.US,D,20230306,000000,4.48067,4.86667,4.4,4.4,18184.2,0
BQ.US,D,20230307,000000,4.46667,4.79767,4.33333,4.389,944.4,0
BQ.US,D,20230308,000000,4.8,4.8,4.43333,4.53333,647.4,0
BQ.US,D,20230309,000000,4.46967,4.46967,4.36667,4.40533,253.79999999999998,0
BQ.US,D,20230310,000000,4.3,4.3,4.06667,4.1,6443.099999999999,0
BQ.US,D,20230313,000000,4.06667,4.06667,3.83333,3.96667,3209.4,0
BQ.US,D,20230314,000000,4.03333,4.23567,3.96667,3.96667,5649.9,0
BQ.US,D,20230315,000000,3.93333,3.93333,2.3,2.517,119273.4,0
BQ.US,D,20230316,000000,2.66667,3.22833,2.57033,3.16667,23967,0
BQ.US,D,20230317,000000,3.33333,4.1,3.3,3.53333,40114.2,0
BQ.US,D,20230320,000000,3.63333,3.833,2.74367,3.13,25496.1,0
BQ.US,D,20230321,000000,3.2,3.76667,3.2,3.7,12535.5,0
BQ.US,D,20230322,000000,3.66667,3.93333,3.66667,3.8,19141.8,0
BQ.US,D,20230323,000000,3.76667,3.92367,3.76667,3.9,6754.2,0
BQ.US,D,20230324,000000,3.93333,3.93333,3.73333,3.8,14487,0
BQ.US,D,20230327,000000,3.83333,3.95,3.8,3.8,6645.3,0
BQ.US,D,20230328,000000,3.7,3.9,3.7,3.86667,1850.3999999999999,0
BQ.US,D,20230329,000000,3.83333,3.83333,3.7,3.77167,1668.8999999999999,0
BQ.US,D,20230330,000000,3.93333,3.96667,3.7,3.7,4508.099999999999,0
BQ.US,D,20230331,000000,3.96667,3.96667,3.70033,3.78333,950.4,0
BQ.US,D,20230403,000000,3.83333,3.83333,3.6,3.6,6696.599999999999,0
BQ.US,D,20230404,000000,3.6,3.83333,3.33333,3.76667,15900,0
BQ.US,D,20230405,000000,4,4,3.76667,3.86667,11355,0
BQ.US,D,20230406,000000,4.03333,4.03333,3.86667,3.86667,6969,0
BQ.US,D,20230410,000000,4.06667,4.06667,3.867,3.96667,4603.8,0
BQ.US,D,20230411,000000,4.06667,4.2,4.016,4.03333,13379.699999999999,0
BQ.US,D,20230412,000000,4.06667,4.16667,3.93333,4.03333,5404.2,0
BQ.US,D,20230413,000000,4.2,4.21667,4.03333,4.06667,8102.099999999999,0
BQ.US,D,20230414,000000,3.96667,4.06667,3.93333,3.96667,1818.6,0
BQ.US,D,20230417,000000,4,4.26667,4,4.2,23421.6,0
BQ.US,D,20230418,000000,4.3,4.3,4,4.06667,13114.199999999999,0
BQ.US,D,20230419,000000,4.06667,6.63333,4.06667,5.04,121728.9,0
BQ.US,D,20230420,000000,5.03333,5.86667,4.9,5.66833,14411.4,0
BQ.US,D,20230421,000000,5.66667,5.7,5.56667,5.63333,15092.4,0
BQ.US,D,20230424,000000,5.36667,5.48333,5.16667,5.2,2921.1,0
BQ.US,D,20230425,000000,5.13333,5.13333,4.8,4.9,9120.6,0
BQ.US,D,20230426,000000,5.13333,5.73333,5,5.06667,3384.2999999999997,0
BQ.US,D,20230427,000000,5.43333,5.43333,5.13333,5.26667,8729.699999999999,0
BQ.US,D,20230428,000000,5.06667,5.3,5.06667,5.26667,5234.4,0
BQ.US,D,20230501,000000,5.63333,6.6,5.4,6.10033,36418.5,0
BQ.US,D,20230502,000000,6.2,6.333,5.56667,5.86667,19326.6,0
BQ.US,D,20230503,000000,6,6.18333,5.74,5.82733,7776,0
BQ.US,D,20230504,000000,5.93333,5.93333,5.63333,5.63333,671.4,0
BQ.US,D,20230505,000000,5.63333,7.13333,5.63333,6.73367,25089,0
BQ.US,D,20230508,000000,7.13333,7.13333,6.02967,6.6,18263.7,0
BQ.US,D,20230509,000000,6.3,6.66667,6.3,6.51,4465.5,0
BQ.US,D,20230510,000000,6.23333,6.6,6,6,5547.9,0
BQ.US,D,20230511,000000,5.96667,6.1,5.96667,6.1,3815.1,0
BQ.US,D,20230512,000000,6.4,6.4,5.99667,6.20833,946.1999999999999,0
BQ.US,D,20230515,000000,6.1,6.26667,5.96667,6.03333,3706.5,0
BQ.US,D,20230516,000000,5.96667,6.1,5.93333,5.95,1857.8999999999999,0
BQ.US,D,20230517,000000,5.9,5.93367,5.86667,5.93333,1875.3,0
BQ.US,D,20230518,000000,5.9,6.16667,5.9,5.93333,517.1999999999999,0
BQ.US,D,20230519,000000,5.83333,5.96633,5.56667,5.8,9886.199999999999,0
BQ.US,D,20230522,000000,5.7,6.06667,5.7,5.93333,4843.2,0
BQ.US,D,20230523,000000,5.6,6.13333,5.6,5.96667,4003.7999999999997,0
BQ.US,D,20230524,000000,5.93333,6.03333,5.93333,5.999,3396,0
BQ.US,D,20230525,000000,6.11667,6.2,5.93333,5.93333,1793.3999999999999,0
BQ.US,D,20230526,000000,5.9,6.06667,5.9,5.96667,1212.3,0
BQ.US,D,20230530,000000,6,6.13333,6,6.00233,4743.9,0
BQ.US,D,20230531,000000,5.9,6.06667,5.9,6,1533.3,0
BQ.US,D,20230601,000000,5.96667,6.03333,5.96667,6,2436.9,0
BQ.US,D,20230602,000000,5.9,6.23333,5.9,6.16667,1576.5,0
BQ.US,D,20230605,000000,6.16667,6.5,6.06667,6.16667,2211.6,0
BQ.US,D,20230606,000000,6.36667,6.36667,6.16667,6.33333,1348.2,0
BQ.US,D,20230607,000000,6.2,6.36667,6.2,6.33333,1309.8,0
BQ.US,D,20230608,000000,6.23367,6.3,6.2,6.20033,1677.8999999999999,0
BQ.US,D,20230609,000000,6.36667,6.36667,5.96667,5.96667,1570.5,0
BQ.US,D,20230612,000000,5.93333,6,5.46667,5.49333,5289.599999999999,0
BQ.US,D,20230613,000000,5.66667,5.83333,5.66667,5.83333,3754.7999999999997,0
BQ.US,D,20230614,000000,5.7,5.83333,5.68333,5.81333,4856.7,0
BQ.US,D,20230615,000000,5.66667,6.13333,5.66667,5.967,1813.2,0
BQ.US,D,20230616,000000,6,6.36667,5.76667,6.16667,4347.599999999999,0
BQ.US,D,20230620,000000,6.5,6.65967,6.33333,6.6,6923.4,0
BQ.US,D,20230621,000000,6.26667,6.76667,6.26667,6.69633,5020.8,0
BQ.US,D,20230622,000000,6.26667,6.8,6.23333,6.8,4528.8,0
BQ.US,D,20230623,000000,7,7,6.43333,6.43333,1804.5,0
BQ.US,D,20230626,000000,5.93333,6.29167,5.9,6.29167,4381.2,0
BQ.US,D,20230627,000000,6.1,6.33333,5.9,5.96667,6059.099999999999,0
BQ.US,D,20230628,000000,5.8,5.83333,5.73333,5.767,1709.3999999999999,0
BQ.US,D,20230629,000000,5.8,5.8,5.66667,5.73333,975,0
BQ.US,D,20230630,000000,5.66667,5.7,5.46667,5.56667,6001.2,0
BQ.US,D,20230703,000000,5.46667,6.16633,5.46667,5.56667,11851.199999999999,0
BQ.US,D,20230705,000000,5.53333,5.73333,5.53333,5.63333,830.6999999999999,0
BQ.US,D,20230706,000000,5.56667,5.80833,5.525,5.56667,3452.1,0
BQ.US,D,20230707,000000,5.53333,5.53367,5.5,5.53333,2612.7,0
BQ.US,D,20230710,000000,5.53333,5.56667,5.53333,5.56667,405.9,0
BQ.US,D,20230711,000000,5.66667,6,5.65833,5.7,2369.1,0
BQ.US,D,20230712,000000,6,6,5.76667,5.76667,1597.5,0
BQ.US,D,20230713,000000,5.56667,5.8,5.56667,5.66667,1077,0
BQ.US,D,20230714,000000,5.5,5.70067,5.5,5.63367,1621.2,0
BQ.US,D,20230717,000000,5.53333,5.66667,5.53333,5.6,764.4,0
BQ.US,D,20230718,000000,5.53333,5.60033,5.33333,5.5,8951.4,0
BQ.US,D,20230719,000000,5.43333,5.53333,5.43333,5.43333,2607.9,0
BQ.US,D,20230720,000000,5.36667,5.46667,5.36667,5.43333,5158.8,0
BQ.US,D,20230721,000000,5.36667,5.4,5.33333,5.33333,2714.1,0
BQ.US,D,20230724,000000,5.5,5.5,5.27133,5.4,1940.3999999999999,0
BQ.US,D,20230725,000000,5.3,5.4,5.13333,5.13333,7482.599999999999,0
BQ.US,D,20230726,000000,5.06667,5.16633,5.06667,5.08333,1939.1999999999998,0
BQ.US,D,20230727,000000,5,5,4.9,4.9,642,0
BQ.US,D,20230728,000000,5.06533,5.06533,4.86667,5.03333,2667.9,0
BQ.US,D,20230731,000000,5.26667,5.26667,4.93333,4.99933,2363.7,0
BQ.US,D,20230801,000000,5.1,5.1,5.1,5.1,93,0
BQ.US,D,20230802,000000,5.4,5.4,4.8,4.9,1144.2,0
BQ.US,D,20230803,000000,4.63333,4.96633,4.63333,4.881,442.2,0
BQ.US,D,20230804,000000,4.76667,4.96633,4.43333,4.65267,6607.5,0
BQ.US,D,20230807,000000,4.53333,4.53333,4.43333,4.43333,1963.5,0
BQ.US,D,20230808,000000,4.33333,4.33333,4.13333,4.13333,384,0
BQ.US,D,20230809,000000,4.26667,4.52633,3.73333,3.96667,6333.599999999999,0
BQ.US,D,20230810,000000,4.406,4.93333,4.06667,4.86667,3123.2999999999997,0
BQ.US,D,20230811,000000,5.23333,5.23333,4.33333,4.83333,8220.9,0
BQ.US,D,20230814,000000,4.63333,4.83333,4.44267,4.66667,3549.9,0
BQ.US,D,20230815,000000,4.66667,4.66667,4.43333,4.66667,6640.5,0
BQ.US,D,20230816,000000,4.46667,4.83333,4.36667,4.66667,6746.7,0
BQ.US,D,20230817,000000,4.66667,4.66667,4.43333,4.66667,4287.599999999999,0
BQ.US,D,20230818,000000,4.53367,4.63333,4.40033,4.6,9037.5,0
BQ.US,D,20230821,000000,5.2,5.5,4.28,4.48,12533,0
BQ.US,D,20230822,000000,4.42,4.47,4.15,4.3,15019,0
BQ.US,D,20230823,000000,4.26,4.26,3.92,3.92,5162,0
BQ.US,D,20230824,000000,3.92,4.005,3.65,3.66,43392,0
BQ.US,D,20230825,000000,3.6,3.6,3.09,3.33,20395,0
BQ.US,D,20230828,000000,3.45,3.5228,3.27,3.27,9963,0
BQ.US,D,20230829,000000,3.1849,3.3,3.1834,3.3,2358,0
BQ.US,D,20230830,000000,3.21,3.36,3.2063,3.3,4268,0
BQ.US,D,20230831,000000,3.31,3.59,3.2601,3.58,3227,0
BQ.US,D,20230901,000000,3.54,3.72,3.54,3.62,1402,0
BQ.US,D,20230905,000000,3.73,3.7499,3.72,3.7499,1257,0
BQ.US,D,20230906,000000,3.45,3.45,3.3429,3.3429,1320,0
BQ.US,D,20230907,000000,3.53,3.5399,3.28,3.4899,1262,0
BQ.US,D,20230908,000000,3.45,3.7034,3.45,3.67,1532,0
BQ.US,D,20230911,000000,3.45,3.498,3.45,3.49,661,0
BQ.US,D,20230912,000000,3.62,3.62,3.03,3.3,3721,0
BQ.US,D,20230913,000000,3.34,3.48,3.26,3.26,1997,0
BQ.US,D,20230914,000000,3.27,3.51,3.2,3.2,738,0
BQ.US,D,20230915,000000,3.39,3.4526,3.26,3.3199,2297,0
BQ.US,D,20230918,000000,3.35,3.4997,3.32,3.32,1617,0
BQ.US,D,20230919,000000,3.28,3.2999,3.28,3.2999,551,0
BQ.US,D,20230920,000000,3.31,3.4699,3.3,3.3,567,0
BQ.US,D,20230921,000000,3.49,3.49,3.28,3.2999,568,0
BQ.US,D,20230922,000000,3.4999,3.4999,3.2602,3.2603,1227,0
BQ.US,D,20230925,000000,3.26,3.3834,3.26,3.3834,1659,0
BQ.US,D,20230926,000000,3.26,3.4029,3.26,3.35,1903,0
BQ.US,D,20230927,000000,3.42,3.4399,3.4,3.4,837,0
BQ.US,D,20230928,000000,3.26,3.38,3.26,3.38,762,0
BQ.US,D,20230929,000000,3.5,3.5,3.26,3.4095,994,0
BQ.US,D,20231002,000000,3.32,3.4512,3.13,3.4512,2360,0
BQ.US,D,20231003,000000,3.49,3.49,3.3999,3.4,600,0
BQ.US,D,20231004,000000,3.4,3.4,3.15,3.275,1204,0
BQ.US,D,20231005,000000,3.3,3.44,3.2,3.44,2184,0
BQ.US,D,20231006,000000,3.42,3.64,3.28,3.35,5206,0
BQ.US,D,20231009,000000,3.25,3.35,3.25,3.35,748,0
BQ.US,D,20231010,000000,3.197,3.2244,3.197,3.22,712,0
BQ.US,D,20231011,000000,2.8,3.235,2.8,3.21,4251,0
BQ.US,D,20231012,000000,3.12,3.26,3.08,3.089,4451,0
BQ.US,D,20231013,000000,3.04,3.07,2.99,3,9161,0
BQ.US,D,20231017,000000,2.6,3.39,2.6,2.9,16085,0
BQ.US,D,20231018,000000,2.89,3.12,2.85,3.03,3451,0
BQ.US,D,20231019,000000,3.02,3.02,3.02,3.02,369,0
BQ.US,D,20231020,000000,3.03,3.03,2.93,2.93,332,0
BQ.US,D,20231023,000000,2.81,2.905,2.81,2.905,1116,0
BQ.US,D,20231024,000000,3,3,2.91,2.92,1364,0
BQ.US,D,20231025,000000,2.805,2.99,2.805,2.99,1105,0
BQ.US,D,20231026,000000,2.925,2.925,2.925,2.925,751,0
BQ.US,D,20231027,000000,3,3,2.8903,2.8903,649,0
BQ.US,D,20231030,000000,2.9,2.9,2.9,2.9,428,0
BQ.US,D,20231101,000000,2.8927,3,2.8927,3,1237,0
BQ.US,D,20231102,000000,2.9,2.9,2.9,2.9,284,0
BQ.US,D,20231103,000000,2.93,2.93,2.93,2.93,290,0
BQ.US,D,20231107,000000,2.94,2.94,2.94,2.94,566,0
BQ.US,D,20231108,000000,3,3,3,3,239,0
BQ.US,D,20231110,000000,2.83,2.83,2.81,2.81,1049,0
BQ.US,D,20231113,000000,2.67,2.89,2.66,2.68,6936,0
BQ.US,D,20231114,000000,2.77,2.81,2.6304,2.76,6739,0
BQ.US,D,20231115,000000,2.9,2.9,2.69,2.81,5394,0
BQ.US,D,20231116,000000,2.7379,2.83,2.66,2.8,6386,0
BQ.US,D,20231117,000000,2.72,2.75,2.54,2.54,14619,0
BQ.US,D,20231120,000000,2.44,2.5,2.3001,2.4335,9102,0
BQ.US,D,20231121,000000,2.49,2.49,2.27,2.34,15277,0
BQ.US,D,20231122,000000,2.4,2.45,2.2057,2.3,23394,0
BQ.US,D,20231124,000000,2.31,2.31,2.31,2.31,484,0
BQ.US,D,20231127,000000,2.32,2.405,2.31,2.405,1282,0
BQ.US,D,20231128,000000,2.3645,2.3645,2.31,2.33,1236,0
BQ.US,D,20231129,000000,2.27,2.3,2.2,2.21,8132,0
BQ.US,D,20231130,000000,2.22,2.3899,2.015,2.17,39702,0
BQ.US,D,20231201,000000,2.14,2.4,2.13,2.23,14879,0
BQ.US,D,20231204,000000,2.31,2.4,2.06,2.33,16700,0
BQ.US,D,20231205,000000,2.32,2.35,2.14,2.1794,11860,0
BQ.US,D,20231206,000000,2.22,2.22,2.1,2.11,2742,0
BQ.US,D,20231207,000000,2.12,2.2199,2.04,2.15,3951,0
BQ.US,D,20231208,000000,2.13,2.23,2.1,2.16,6271,0
BQ.US,D,20231211,000000,2.16,3.5,2.01,2.22,912832,0
BQ.US,D,20231212,000000,2.28,2.4299,0.63,1,1358479,0
BQ.US,D,20231213,000000,1.15,1.16,0.345,0.4241,3764132,0
BQ.US,D,20231214,000000,0.4412,0.45,0.381,0.3956,653969,0
BQ.US,D,20231215,000000,0.41,0.54,0.3901,0.460899,632647,0
BQ.US,D,20231218,000000,0.49,0.5623,0.49,0.495,314750,0
BQ.US,D,20231219,000000,0.471,0.538299,0.471,0.51,123288,0
BQ.US,D,20231220,000000,0.5671,0.5671,0.46,0.50455,179580,0
BQ.US,D,20231221,000000,0.5,0.505,0.4627,0.4704,79132,0
BQ.US,D,20231222,000000,0.499,0.51,0.43011,0.45,78274,0
BQ.US,D,20231226,000000,0.39,0.4501,0.39,0.4188,73118,0
BQ.US,D,20231227,000000,0.4036,0.45,0.4,0.44,84930,0
BQ.US,D,20231228,000000,0.4305,0.4578,0.41,0.4279,74647,0
BQ.US,D,20231229,000000,0.41,0.67,0.41,0.4615,2943696,0
BQ.US,D,20240102,000000,0.476,0.55,0.401,0.47,186743,0
BQ.US,D,20240103,000000,0.47,0.47,0.431,0.4399,113490,0
BQ.US,D,20240104,000000,0.4399,0.52,0.4399,0.511,126564,0
BQ.US,D,20240105,000000,0.4949,0.517,0.4565,0.5,51561,0
BQ.US,D,20240108,000000,0.5,0.5,0.4502,0.46,28314,0
BQ.US,D,20240109,000000,0.479,0.479,0.4401,0.4401,17880,0
BQ.US,D,20240110,000000,0.442201,0.4799,0.42,0.4201,113732,0
BQ.US,D,20240111,000000,0.42,0.42,0.38,0.4,71816,0
BQ.US,D,20240112,000000,0.38,0.448886,0.38,0.400101,55896,0
BQ.US,D,20240116,000000,0.406,0.406,0.3701,0.3701,25429,0
BQ.US,D,20240117,000000,0.35,0.3942,0.35,0.3645,76090,0
BQ.US,D,20240118,000000,0.3827,0.39,0.350201,0.36,6327,0
BQ.US,D,20240119,000000,0.378,0.3899,0.3509,0.38,74015,0
BQ.US,D,20240122,000000,0.3605,0.41,0.321001,0.404343,133599,0
BQ.US,D,20240123,000000,0.41,0.41,0.3601,0.4099,36218,0
BQ.US,D,20240124,000000,0.41,0.41,0.3872,0.3999,24147,0
BQ.US,D,20240125,000000,0.38,0.39,0.36,0.3701,10342,0
BQ.US,D,20240126,000000,0.383,0.383,0.3506,0.3679,8619,0
BQ.US,D,20240129,000000,0.3998,0.4005,0.350001,0.36,28321,0
BQ.US,D,20240130,000000,0.35,0.3691,0.35,0.3682,3910,0
BQ.US,D,20240131,000000,0.39,0.39,0.292,0.334,567326,0
BQ.US,D,20240201,000000,0.2821,0.3111,0.2735,0.2957,66322,0
BQ.US,D,20240202,000000,0.3,0.3089,0.2732,0.2899,97058,0
BQ.US,D,20240205,000000,0.29,0.29,0.27,0.2803,35378,0
BQ.US,D,20240206,000000,0.275,0.3,0.2719,0.2824,35247,0
BQ.US,D,20240207,000000,0.28,0.2949,0.28,0.282,30656,0
BQ.US,D,20240208,000000,0.29,0.3273,0.2858,0.3188,536783,0
BQ.US,D,20240209,000000,0.292,0.32,0.29,0.3,177989,0
BQ.US,D,20240212,000000,0.31,0.31,0.2894,0.2951,128396,0
BQ.US,D,20240213,000000,0.31,0.32,0.2833,0.29,164583,0
BQ.US,D,20240214,000000,0.3,0.32,0.2787,0.3047,322618,0
BQ.US,D,20240215,000000,0.3065,0.3186,0.224,0.2899,7545297,0
BQ.US,D,20240216,000000,0.4,0.4,0.312,0.323,12089598,0
BQ.US,D,20240220,000000,0.33,0.43,0.3102,0.349,2600695,0
BQ.US,D,20240221,000000,0.36,0.36,0.3111,0.32,797398,0
BQ.US,D,20240222,000000,0.29,0.3199,0.28,0.284,581294,0
BQ.US,D,20240223,000000,0.308,0.3373,0.281,0.2889,417192,0
BQ.US,D,20240226,000000,0.309,0.31,0.2899,0.297,197525,0
BQ.US,D,20240227,000000,0.3,0.3072,0.29,0.2958,236124,0
BQ.US,D,20240228,000000,0.2925,0.2926,0.271,0.28151,353961,0
BQ.US,D,20240229,000000,0.281,0.2963,0.271,0.275358,238758,0
BQ.US,D,20240301,000000,0.28,0.2847,0.26,0.269,166737,0
BQ.US,D,20240304,000000,0.2731,0.289,0.23569,0.2435,496650,0
BQ.US,D,20240305,000000,0.2455,0.258,0.236,0.25,177487,0
BQ.US,D,20240306,000000,0.236,0.2679,0.236,0.2482,92569,0
BQ.US,D,20240307,000000,0.2513,0.2642,0.2402,0.255,54928,0
BQ.US,D,20240308,000000,0.256,0.2699,0.2416,0.258,109598,0
BQ.US,D,20240311,000000,0.2699,0.2699,0.245,0.2557,67730,0
BQ.US,D,20240312,000000,0.247,0.251,0.241,0.2436,49591,0
BQ.US,D,20240313,000000,0.24,0.2524,0.24,0.2408,53578,0
BQ.US,D,20240314,000000,0.249,0.2499,0.2322,0.2447,139271,0
BQ.US,D,20240315,000000,0.263,0.263,0.24,0.2497,36144,0
BQ.US,D,20240318,000000,0.245,0.27705,0.245,0.2566,248262,0
BQ.US,D,20240319,000000,0.259,0.2657,0.2316,0.249,192447,0
BQ.US,D,20240320,000000,0.24,0.266,0.24,0.2577,69411,0
BQ.US,D,20240321,000000,0.26,0.2699,0.24895,0.2512,53345,0
BQ.US,D,20240322,000000,0.2515,0.2737,0.24,0.2707,263931,0
BQ.US,D,20240325,000000,0.26,0.28,0.25,0.259,91681,0
BQ.US,D,20240326,000000,0.2615,0.2627,0.2412,0.25,100363,0
BQ.US,D,20240327,000000,0.24,0.2658,0.24,0.2409,171143,0
BQ.US,D,20240328,000000,0.259,0.259,0.2401,0.2435,48347,0
BQ.US,D,20240401,000000,0.2556,0.26,0.244,0.2469,33359,0
BQ.US,D,20240402,000000,0.246,0.25,0.2367,0.2411,60012,0
BQ.US,D,20240403,000000,0.249,0.249,0.24285,0.2432,60019,0
BQ.US,D,20240404,000000,0.25,0.25,0.24,0.2401,57425,0
BQ.US,D,20240405,000000,0.25,0.25,0.24,0.2406,16901,0
BQ.US,D,20240408,000000,0.25,0.25,0.2402,0.2412,78616,0
BQ.US,D,20240409,000000,0.251,0.251,0.2402,0.2456,38490,0
BQ.US,D,20240410,000000,0.249,0.251,0.2421,0.2422,24487,0
BQ.US,D,20240411,000000,0.2422,0.279,0.2422,0.2599,112393,0
BQ.US,D,20240412,000000,0.2528,0.286,0.251,0.258601,14943,0
BQ.US,D,20240415,000000,0.25,0.2699,0.2419,0.2429,102426,0
BQ.US,D,20240416,000000,0.25,0.255,0.2428,0.2501,22437,0
BQ.US,D,20240417,000000,0.258,0.258,0.2423,0.2462,91954,0
BQ.US,D,20240418,000000,0.2512,0.2701,0.2462,0.265,551739,0
BQ.US,D,20240419,000000,0.282,0.309,0.25,0.2978,1065896,0
BQ.US,D,20240422,000000,0.2999,0.3,0.241,0.272899,343783,0
BQ.US,D,20240423,000000,0.256,0.2729,0.2514,0.25301,176140,0
BQ.US,D,20240424,000000,0.252,0.2725,0.252,0.26,367105,0
BQ.US,D,20240425,000000,0.264,0.33389,0.26,0.2821,974188,0
BQ.US,D,20240426,000000,0.29,0.31,0.2825,0.3,388758,0
BQ.US,D,20240429,000000,0.28,0.31,0.28,0.29,202026,0
BQ.US,D,20240430,000000,0.2902,0.32,0.281,0.2976,284178,0
BQ.US,D,20240501,000000,0.3,0.31,0.28253,0.297,253393,0
BQ.US,D,20240502,000000,0.31,0.3339,0.2863,0.3152,353096,0
BQ.US,D,20240503,000000,0.31,0.369,0.31,0.325,1032712,0
BQ.US,D,20240506,000000,0.345,0.3587,0.3111,0.3199,819280,0
BQ.US,D,20240507,000000,0.322,0.375,0.3001,0.346,781778,0
BQ.US,D,20240508,000000,0.36,0.375399,0.3151,0.3698,594544,0
BQ.US,D,20240509,000000,0.3502,0.371,0.325,0.34,448166,0
BQ.US,D,20240510,000000,0.365,0.365,0.335,0.35,475998,0
BQ.US,D,20240513,000000,0.3321,0.377,0.3321,0.351,182870,0
BQ.US,D,20240514,000000,0.34,0.3777,0.3251,0.35,352026,0
BQ.US,D,20240515,000000,0.3594,0.376,0.322,0.36,319945,0
BQ.US,D,20240516,000000,0.3635,0.377,0.34,0.3633,259241,0
BQ.US,D,20240517,000000,0.39,0.4125,0.36,0.39,3282811,0
BQ.US,D,20240520,000000,0.418,0.43,0.3516,0.363,2021879,0
BQ.US,D,20240521,000000,0.37,0.4,0.35,0.385,1517070,0
BQ.US,D,20240522,000000,0.394,0.44,0.365,0.43,1290783,0
BQ.US,D,20240523,000000,0.421,0.47,0.3818,0.4687,2104421,0
BQ.US,D,20240524,000000,0.45,0.4686,0.36,0.4,1551565,0
BQ.US,D,20240528,000000,0.42,0.4582,0.36,0.399,1916256,0
BQ.US,D,20240529,000000,0.415,0.44,0.3315,0.3511,2223091,0
BQ.US,D,20240530,000000,0.342,0.44,0.3115,0.44,2326551,0
BQ.US,D,20240531,000000,0.4,0.49,0.3711,0.471,1601330,0
BQ.US,D,20240603,000000,0.4935,0.51,0.4113,0.4451,1705359,0
BQ.US,D,20240604,000000,0.42,0.5125,0.42,0.479,1481027,0
BQ.US,D,20240605,000000,0.49,0.52,0.43,0.5,1869156,0
BQ.US,D,20240606,000000,0.5,0.52,0.3813,0.39,1387542,0
BQ.US,D,20240607,000000,0.399,0.4152,0.34,0.36,2039906,0
BQ.US,D,20240610,000000,0.37,0.38,0.339,0.365,693143,0
BQ.US,D,20240611,000000,0.375,0.49,0.334,0.451503,4367766,0
BQ.US,D,20240612,000000,0.411,0.51,0.411,0.5048,3809857,0
BQ.US,D,20240613,000000,0.514,0.53,0.442,0.528,2666017,0
BQ.US,D,20240614,000000,0.517,0.56,0.4801,0.536,1926265,0
BQ.US,D,20240617,000000,0.5319,0.54869,0.39,0.49,1992544,0
BQ.US,D,20240618,000000,0.49,0.5301,0.4401,0.5101,2424495,0
BQ.US,D,20240620,000000,0.51,0.56,0.49,0.5477,2366603,0
BQ.US,D,20240621,000000,0.56,0.59,0.501,0.561,2933518,0
BQ.US,D,20240624,000000,0.584,0.584,0.436,0.5589,2631102,0
BQ.US,D,20240625,000000,0.5,0.55,0.4721,0.52,1667370,0
BQ.US,D,20240626,000000,0.511,0.579,0.4822,0.577,1928380,0
BQ.US,D,20240627,000000,0.5198,0.55,0.4771,0.549,1344805,0
BQ.US,D,20240628,000000,0.5201,0.575,0.509,0.52701,1883333,0
BQ.US,D,20240701,000000,0.493,0.56,0.4526,0.4949,3226223,0
BQ.US,D,20240702,000000,0.5099,0.548,0.4945,0.514,1687688,0
BQ.US,D,20240703,000000,0.519,0.519,0.4314,0.4392,860244,0
BQ.US,D,20240705,000000,0.429,0.4399,0.3913,0.4115,642942,0
BQ.US,D,20240708,000000,0.419,0.483,0.3731,0.4496,2279198,0
BQ.US,D,20240709,000000,0.471,0.488,0.401,0.4576,2965458,0
BQ.US,D,20240710,000000,0.46,0.539,0.4338,0.5188,4509513,0
BQ.US,D,20240711,000000,0.55,0.55,0.403,0.43,1632570,0
BQ.US,D,20240712,000000,0.43,0.43,0.38,0.40455,1296734,0
BQ.US,D,20240715,000000,0.393,0.409,0.393,0.4075,52985,0
BQ.US,D,20240716,000000,0.419,0.419,0.382,0.39,63329,0
BQ.US,D,20240717,000000,0.399,0.4,0.385,0.399,64957,0
BQ.US,D,20240718,000000,0.383,0.399699,0.383,0.38554,85185,0
BQ.US,D,20240719,000000,0.3804,0.39005,0.37,0.38,82350,0
BQ.US,D,20240722,000000,0.3999,0.3999,0.355,0.37,226553,0
BQ.US,D,20240723,000000,0.36,0.38,0.35,0.35,34941,0
BQ.US,D,20240724,000000,0.351,0.3645,0.35,0.3639,236087,0
BQ.US,D,20240725,000000,0.37,0.37,0.35,0.352,93464,0
BQ.US,D,20240726,000000,0.3495,0.3578,0.34,0.35,85491,0
BQ.US,D,20240729,000000,0.359,0.359,0.341701,0.342,50754,0
BQ.US,D,20240730,000000,0.335,0.348,0.33,0.3344,112852,0
BQ.US,D,20240731,000000,0.349,0.349,0.306,0.3134,365792,0
BQ.US,D,20240801,000000,0.305,0.31,0.281,0.2899,511435,0
BQ.US,D,20240802,000000,0.28,0.2898,0.262,0.27,144670,0
BQ.US,D,20240805,000000,0.26,0.2699,0.255,0.2699,93121,0
BQ.US,D,20240806,000000,0.27,0.279,0.2603,0.275,40645,0
BQ.US,D,20240807,000000,0.275,0.285,0.2604,0.284,245010,0
BQ.US,D,20240808,000000,0.284,0.3,0.27,0.3,37984,0
BQ.US,D,20240809,000000,0.287,0.3,0.2686,0.2773,207813,0
BQ.US,D,20240812,000000,0.284,0.284899,0.268701,0.28,69124,0
BQ.US,D,20240813,000000,0.2606,0.2815,0.2606,0.2734,16728,0
BQ.US,D,20240814,000000,0.28,0.2858,0.2701,0.2804,20118,0
BQ.US,D,20240815,000000,0.275201,0.299,0.2752,0.2839,64542,0
BQ.US,D,20240816,000000,0.28,0.2999,0.28,0.2947,21507,0
BQ.US,D,20240819,000000,0.31,0.3225,0.2866,0.315,236461,0
BQ.US,D,20240820,000000,0.29,0.34,0.29,0.335,221875,0
BQ.US,D,20240821,000000,0.3385,0.3385,0.3001,0.3192,115598,0
BQ.US,D,20240822,000000,0.325,0.325,0.3001,0.3004,34100,0
BQ.US,D,20240823,000000,0.3107,0.3231,0.3107,0.32,34724,0
BQ.US,D,20240826,000000,0.32,0.33,0.31,0.3127,10837,0
BQ.US,D,20240827,000000,0.3,0.3286,0.3,0.31,75655,0
BQ.US,D,20240828,000000,0.311,0.3188,0.2867,0.3003,16099,0
BQ.US,D,20240829,000000,0.3004,0.3162,0.285,0.3102,115295,0
BQ.US,D,20240830,000000,0.3101,0.3101,0.2878,0.3006,22914,0
BQ.US,D,20240903,000000,0.2848,0.3098,0.2848,0.308,23030,0
BQ.US,D,20240904,000000,0.31,0.3204,0.296,0.299,154514,0
BQ.US,D,20240905,000000,0.3299,0.3299,0.2978,0.3055,70749,0
BQ.US,D,20240906,000000,0.3055,0.3201,0.3,0.305,31913,0
BQ.US,D,20240909,000000,0.303,0.309,0.2988,0.309,24390,0
BQ.US,D,20240910,000000,0.31,0.319,0.298,0.3133,139864,0
BQ.US,D,20240911,000000,0.3264,0.42,0.3195,0.4098,9286531,0
BQ.US,D,20240912,000000,0.355,0.3796,0.341,0.3413,986289,0
BQ.US,D,20240913,000000,0.357,0.3688,0.3311,0.355,183288,0
BQ.US,D,20240916,000000,0.345,0.389,0.345,0.385,303223,0
BQ.US,D,20240917,000000,0.3695,0.391,0.3516,0.36,374427,0
BQ.US,D,20240918,000000,0.378,0.387,0.358,0.3796,386328,0
BQ.US,D,20240919,000000,0.375,0.409,0.357,0.3825,738740,0
BQ.US,D,20240920,000000,0.375,0.395,0.3715,0.3756,600030,0
BQ.US,D,20240923,000000,0.3885,0.3885,0.361,0.37,399928,0
BQ.US,D,20240924,000000,0.379,0.389,0.361,0.37,749003,0
BQ.US,D,20240925,000000,0.371,0.4,0.361,0.3898,1222652,0
BQ.US,D,20240926,000000,0.3901,0.4372,0.3781,0.41,1309521,0
BQ.US,D,20240927,000000,0.4101,0.44,0.3841,0.393,1533470,0
BQ.US,D,20240930,000000,0.4001,0.4199,0.384,0.4016,324364,0
BQ.US,D,20241001,000000,0.4004,0.435,0.3848,0.395,1246848,0
BQ.US,D,20241002,000000,0.42,0.51,0.3908,0.49,2832027,0
BQ.US,D,20241003,000000,0.46,0.5,0.4314,0.4606,1078451,0
BQ.US,D,20241004,000000,0.46,0.639,0.4401,0.6197,3223843,0
BQ.US,D,20241007,000000,0.6,0.74,0.6,0.71,2840405,0
BQ.US,D,20241008,000000,0.6567,0.739,0.57995,0.61,1811162,0
BQ.US,D,20241009,000000,0.5416,0.7199,0.471,0.519,2257400,0
BQ.US,D,20241010,000000,0.535,0.548899,0.461,0.476,571053,0
BQ.US,D,20241011,000000,0.442,0.51,0.421,0.4652,517347,0
BQ.US,D,20241014,000000,0.472,0.5197,0.42111,0.46,455378,0
BQ.US,D,20241015,000000,0.4213,0.58,0.42,0.54,1685842,0
BQ.US,D,20241016,000000,0.58,0.632,0.47,0.608,1485942,0
BQ.US,D,20241017,000000,0.6501,0.6698,0.525,0.53,1517971,0
BQ.US,D,20241018,000000,0.53,0.62,0.526,0.5475,1868999,0
BQ.US,D,20241021,000000,0.51,0.645,0.51,0.5895,1612839,0
BQ.US,D,20241022,000000,0.6191,0.6229,0.465,0.498,1045868,0
BQ.US,D,20241023,000000,0.498,0.4997,0.453,0.46905,215278,0
BQ.US,D,20241024,000000,0.469,0.4778,0.445,0.4574,121114,0
BQ.US,D,20241025,000000,0.4303,0.4598,0.4005,0.4285,258745,0
BQ.US,D,20241028,000000,0.445,0.458499,0.401,0.4158,162183,0
BQ.US,D,20241029,000000,0.42,0.42,0.401,0.4051,182665,0
BQ.US,D,20241030,000000,0.4017,0.4242,0.4015,0.405,96409,0
BQ.US,D,20241031,000000,0.4139,0.415,0.3816,0.3962,256862,0
BQ.US,D,20241101,000000,0.3962,0.427,0.3962,0.4003,12418,0
BQ.US,D,20241104,000000,0.42,0.458,0.409,0.4202,73796,0
BQ.US,D,20241105,000000,0.36,0.4729,0.36,0.425,175594,0
BQ.US,D,20241106,000000,0.4249,0.48898,0.401,0.465,594865,0
BQ.US,D,20241107,000000,0.5,0.51,0.4364,0.495,349891,0
BQ.US,D,20241108,000000,0.47,0.5188,0.47,0.501,504799,0
BQ.US,D,20241111,000000,0.475,0.561,0.475,0.49,808194,0
BQ.US,D,20241112,000000,0.5282,0.549,0.462,0.54,695689,0
BQ.US,D,20241113,000000,0.5117,0.5531,0.4642,0.5002,771193,0
BQ.US,D,20241114,000000,0.4802,0.5189,0.401,0.4822,293799,0
BQ.US,D,20241115,000000,0.4301,0.4936,0.403,0.474,276103,0
BQ.US,D,20241118,000000,0.4857,0.5099,0.47,0.4988,171877,0
BQ.US,D,20241119,000000,0.483,0.55,0.43,0.53,309970,0
BQ.US,D,20241120,000000,0.5201,0.56,0.48,0.524,753754,0
BQ.US,D,20241121,000000,0.5001,0.54,0.47,0.509,482250,0
BQ.US,D,20241122,000000,0.505,0.53,0.455,0.4949,269373,0
BQ.US,D,20241125,000000,0.4398,0.4899,0.43,0.4484,195721,0
BQ.US,D,20241126,000000,0.4462,0.47,0.41,0.44,41685,0
BQ.US,D,20241127,000000,0.4301,0.4603,0.420201,0.4425,92135,0
BQ.US,D,20241129,000000,0.401,0.45,0.3838,0.3985,222224,0
BQ.US,D,20241202,000000,0.4112,0.439,0.3867,0.42,121642,0
BQ.US,D,20241203,000000,0.3978,0.44,0.3813,0.4039,232090,0
BQ.US,D,20241204,000000,0.41,0.41,0.3701,0.3701,132981,0
BQ.US,D,20241205,000000,0.37,0.3886,0.351,0.362,203531,0
BQ.US,D,20241206,000000,0.351,0.3679,0.3317,0.3353,118313,0
BQ.US,D,20241209,000000,0.3508,0.3806,0.341,0.36,288082,0
BQ.US,D,20241210,000000,0.3629,0.38,0.3428,0.3428,137326,0
BQ.US,D,20241211,000000,0.3411,0.36,0.331,0.3422,22646,0
BQ.US,D,20241212,000000,0.3418,0.3562,0.3311,0.34,60563,0
BQ.US,D,20241213,000000,0.34,0.3499,0.321,0.3364,56272,0
BQ.US,D,20241216,000000,0.3263,0.3427,0.316,0.3227,55359,0
BQ.US,D,20241217,000000,0.33,0.332,0.3221,0.3221,63103,0
BQ.US,D,20241218,000000,0.3238,0.3391,0.3,0.3,86916,0
BQ.US,D,20241219,000000,0.2998,0.3255,0.282,0.2858,121960,0
BQ.US,D,20241220,000000,0.3,0.33,0.2852,0.2913,132894,0
BQ.US,D,20241223,000000,0.32629,0.32629,0.2862,0.297951,129879,0
BQ.US,D,20241224,000000,0.2922,0.3059,0.2913,0.3001,406727,0
BQ.US,D,20241226,000000,0.36799,0.4,0.3324,0.3649,1395560,0
BQ.US,D,20241227,000000,0.379,0.4,0.34,0.34,459582,0
BQ.US,D,20241230,000000,0.3601,0.4029,0.36,0.3812,126094,0
BQ.US,D,20241231,000000,0.383,0.3924,0.35,0.36,112629,0
BQ.US,D,20250102,000000,0.368,0.3909,0.35,0.3799,132037,0
BQ.US,D,20250103,000000,0.4,0.4,0.3543,0.3601,39369,0
BQ.US,D,20250106,000000,0.394,0.4,0.3728,0.3769,147714,0
BQ.US,D,20250107,000000,0.385,0.41,0.37,0.388218,271202,0
BQ.US,D,20250108,000000,0.371,0.388,0.3431,0.35,157738,0
BQ.US,D,20250110,000000,0.35,0.35,0.3105,0.3397,243075,0
