<TICKER>,<PER>,<DATE>,<TIME>,<OPEN>,<HIGH>,<LOW>,<CLOSE>,<VOL>,<OPENINT>
CSAN.US,D,20210312,000000,14.754,15.629,14.517,15.505,6182496,0
CSAN.US,D,20210315,000000,15.068,15.467,14.849,15.372,692703,0
CSAN.US,D,20210316,000000,15.61,15.619,14.869,15.048,702096,0
CSAN.US,D,20210317,000000,15.088,16.208,15.048,16.198,827537,0
CSAN.US,D,20210318,000000,16.018,16.437,15.732,15.828,932735,0
CSAN.US,D,20210319,000000,16.018,16.57,15.923,15.923,1481128,0
CSAN.US,D,20210322,000000,16.095,16.171,15.581,15.639,742668,0
CSAN.US,D,20210323,000000,15.762,16.142,15.715,15.781,864145,0
CSAN.US,D,20210324,000000,15.81,16.047,15.334,15.61,703584,0
CSAN.US,D,20210325,000000,15.096,15.561,15.02,15.561,396080,0
CSAN.US,D,20210326,000000,15.39,15.496,14.763,15.105,419782,0
CSAN.US,D,20210329,000000,15.001,15.068,14.626,14.678,193911,0
CSAN.US,D,20210330,000000,15.201,15.453,15.096,15.163,373004,0
CSAN.US,D,20210331,000000,15.163,15.476,14.992,15.353,171770,0
CSAN.US,D,20210401,000000,15.268,15.496,15.125,15.276,236634,0
CSAN.US,D,20210405,000000,15.629,15.629,15.144,15.486,121938,0
CSAN.US,D,20210406,000000,15.686,15.732,15.382,15.39,266700,0
CSAN.US,D,20210407,000000,15.515,15.576,14.869,14.897,170399,0
CSAN.US,D,20210408,000000,15.154,15.496,15.01,15.353,241007,0
CSAN.US,D,20210409,000000,14.992,15.144,14.925,14.992,132786,0
CSAN.US,D,20210412,000000,15.105,15.191,14.802,14.877,134879,0
CSAN.US,D,20210413,000000,14.754,15.134,14.725,14.859,87503,0
CSAN.US,D,20210414,000000,14.944,15.325,14.944,15.04,185027,0
CSAN.US,D,20210415,000000,15.344,15.439,15.048,15.382,2538605,0
CSAN.US,D,20210416,000000,15.229,15.686,14.906,15.058,761102,0
CSAN.US,D,20210419,000000,15.115,15.571,15.115,15.4,203340,0
CSAN.US,D,20210420,000000,15.857,15.961,15.619,15.781,156826,0
CSAN.US,D,20210421,000000,15.781,16.161,15.705,16.027,110133,0
CSAN.US,D,20210422,000000,15.971,16.351,15.933,16.313,159735,0
CSAN.US,D,20210423,000000,16.276,16.437,15.515,15.534,254133,0
CSAN.US,D,20210426,000000,15.952,15.952,15.557,15.752,202191,0
CSAN.US,D,20210427,000000,15.838,16.085,15.534,15.534,237604,0
CSAN.US,D,20210428,000000,15.838,16.132,15.79,16.027,173547,0
CSAN.US,D,20210429,000000,16.161,16.456,16.152,16.284,109918,0
CSAN.US,D,20210430,000000,16.19,16.276,15.571,15.571,339529,0
CSAN.US,D,20210503,000000,15.742,15.933,15.496,15.923,148232,0
CSAN.US,D,20210504,000000,15.771,15.79,15.382,15.382,118629,0
CSAN.US,D,20210505,000000,15.561,15.752,15.457,15.695,117155,0
CSAN.US,D,20210506,000000,15.771,15.876,15.369,15.581,102257,0
CSAN.US,D,20210507,000000,15.81,16.067,15.752,16.018,130320,0
CSAN.US,D,20210510,000000,15.99,16.152,15.8,16.123,153914,0
CSAN.US,D,20210511,000000,15.544,15.866,15.439,15.686,158870,0
CSAN.US,D,20210512,000000,15.561,15.734,15.255,15.283,150430,0
CSAN.US,D,20210513,000000,15.61,15.859,15.398,15.696,143503,0
CSAN.US,D,20210514,000000,15.985,16.494,15.85,16.484,166530,0
CSAN.US,D,20210517,000000,16.1,16.58,15.879,16.464,332180,0
CSAN.US,D,20210518,000000,16.416,16.522,16.253,16.253,299268,0
CSAN.US,D,20210519,000000,16.225,16.522,15.965,16.205,117701,0
CSAN.US,D,20210520,000000,16.09,16.148,15.773,16.08,1337783,0
CSAN.US,D,20210521,000000,16.052,16.08,15.696,15.716,177132,0
CSAN.US,D,20210524,000000,15.639,16.2,15.571,16.1,121595,0
CSAN.US,D,20210525,000000,16.128,16.128,15.533,15.533,125556,0
CSAN.US,D,20210526,000000,15.475,15.831,15.428,15.658,89650,0
CSAN.US,D,20210527,000000,15.706,15.985,15.571,15.792,150074,0
CSAN.US,D,20210528,000000,15.859,16.186,15.821,16.157,105065,0
CSAN.US,D,20210601,000000,17.291,18.266,17.243,17.838,627870,0
CSAN.US,D,20210602,000000,17.714,18.309,17.665,18.098,334405,0
CSAN.US,D,20210603,000000,18.251,18.251,17.417,17.82,145963,0
CSAN.US,D,20210604,000000,18.386,18.78,18.271,18.54,484696,0
CSAN.US,D,20210607,000000,18.299,19.02,18.261,18.828,408833,0
CSAN.US,D,20210608,000000,18.597,19.087,18.396,18.722,941118,0
CSAN.US,D,20210609,000000,19.02,19.154,18.635,18.665,307647,0
CSAN.US,D,20210610,000000,18.655,19.193,18.472,19.02,362459,0
CSAN.US,D,20210611,000000,19.116,19.279,18.674,19.279,807206,0
CSAN.US,D,20210614,000000,19.317,19.404,18.981,19.126,496919,0
CSAN.US,D,20210615,000000,19.087,19.184,18.741,19.116,141952,0
CSAN.US,D,20210616,000000,19.078,19.592,18.732,18.933,314536,0
CSAN.US,D,20210617,000000,18.963,19.207,18.732,19.097,517234,0
CSAN.US,D,20210618,000000,18.886,18.914,18.357,18.386,488453,0
CSAN.US,D,20210621,000000,18.828,19.347,18.683,19.068,347291,0
CSAN.US,D,20210622,000000,19.193,19.587,18.703,19.404,321270,0
CSAN.US,D,20210623,000000,19.193,19.385,18.924,18.953,154563,0
CSAN.US,D,20210624,000000,19.241,19.558,19.154,19.472,197063,0
CSAN.US,D,20210625,000000,19.693,19.75,18.511,19.058,287137,0
CSAN.US,D,20210628,000000,19.087,19.212,18.683,19.011,269926,0
CSAN.US,D,20210629,000000,18.713,18.818,18.435,18.472,160240,0
CSAN.US,D,20210630,000000,18.117,18.386,18.011,18.271,224515,0
CSAN.US,D,20210701,000000,18.405,18.434,17.781,18.242,176768,0
CSAN.US,D,20210702,000000,18.338,18.655,18.098,18.578,207825,0
CSAN.US,D,20210706,000000,18.319,18.329,17.79,17.925,185512,0
CSAN.US,D,20210707,000000,17.905,18.232,17.569,18.165,629291,0
CSAN.US,D,20210708,000000,17.81,18.069,17.772,17.905,462575,0
CSAN.US,D,20210709,000000,17.953,18.367,17.953,18.357,62835,0
CSAN.US,D,20210712,000000,18.559,19.577,18.482,19.414,516880,0
CSAN.US,D,20210713,000000,19.231,19.971,19.078,19.635,277514,0
CSAN.US,D,20210714,000000,19.913,20.317,19.779,20.202,272107,0
CSAN.US,D,20210715,000000,20.077,20.345,19.875,20.115,202374,0
CSAN.US,D,20210716,000000,20.211,20.317,19.76,19.933,150027,0
CSAN.US,D,20210719,000000,19.184,19.241,18.856,19.02,131169,0
CSAN.US,D,20210720,000000,18.799,19.126,18.78,18.943,362646,0
CSAN.US,D,20210721,000000,18.943,19.538,18.645,19.52,206076,0
CSAN.US,D,20210722,000000,19.433,20.145,19.299,19.981,221371,0
CSAN.US,D,20210723,000000,19.923,19.942,19.568,19.808,88897,0
CSAN.US,D,20210726,000000,19.884,20.192,19.702,19.836,156774,0
CSAN.US,D,20210727,000000,19.577,19.741,19.154,19.385,206545,0
CSAN.US,D,20210728,000000,19.711,20.047,19.395,19.999,654569,0
CSAN.US,D,20210729,000000,20.403,20.461,19.831,19.991,197448,0
CSAN.US,D,20210730,000000,19.596,19.702,18.462,18.866,359755,0
CSAN.US,D,20210802,000000,19.164,19.606,19.049,19.126,149161,0
CSAN.US,D,20210803,000000,18.454,19.02,18.108,19.011,255229,0
CSAN.US,D,20210804,000000,18.569,18.626,17.742,18.088,203299,0
CSAN.US,D,20210805,000000,18.309,18.53,17.79,17.935,306177,0
CSAN.US,D,20210806,000000,17.886,17.944,17.474,17.637,132698,0
CSAN.US,D,20210809,000000,17.762,18.001,17.444,17.79,118884,0
CSAN.US,D,20210810,000000,17.723,18.211,17.569,18.021,148708,0
CSAN.US,D,20210811,000000,17.848,18.011,17.521,17.838,125046,0
CSAN.US,D,20210812,000000,17.55,17.79,17.454,17.531,228177,0
CSAN.US,D,20210813,000000,17.435,17.579,17.185,17.195,186865,0
CSAN.US,D,20210816,000000,17.06,17.195,16.513,16.637,294216,0
CSAN.US,D,20210817,000000,16.157,16.551,15.821,16.436,291058,0
CSAN.US,D,20210818,000000,16.128,16.436,15.716,15.946,231599,0
CSAN.US,D,20210819,000000,15.466,16.138,15.428,15.946,233151,0
CSAN.US,D,20210820,000000,15.456,16.157,15.388,16.138,206911,0
CSAN.US,D,20210823,000000,16.09,16.11,15.726,15.869,159774,0
CSAN.US,D,20210824,000000,16.464,16.762,16.359,16.388,149874,0
CSAN.US,D,20210825,000000,16.177,16.532,16.177,16.532,157140,0
CSAN.US,D,20210826,000000,16.205,16.235,15.927,16.225,120518,0
CSAN.US,D,20210827,000000,16.235,16.619,16.1,16.532,122360,0
CSAN.US,D,20210830,000000,16.426,16.464,16.263,16.359,138609,0
CSAN.US,D,20210831,000000,16.464,16.676,16.119,16.388,177846,0
CSAN.US,D,20210901,000000,16.196,16.849,16.128,16.667,331609,0
CSAN.US,D,20210902,000000,16.455,16.667,16.283,16.436,116927,0
CSAN.US,D,20210903,000000,16.464,16.494,16.196,16.235,174314,0
CSAN.US,D,20210907,000000,16.667,16.667,16.157,16.369,84892,0
CSAN.US,D,20210908,000000,16.196,16.215,15.571,15.716,191282,0
CSAN.US,D,20210909,000000,15.812,16.388,15.437,16.062,266604,0
CSAN.US,D,20210910,000000,16.388,16.503,15.85,15.85,130099,0
CSAN.US,D,20210913,000000,16.436,16.82,16.248,16.667,182912,0
CSAN.US,D,20210914,000000,17.022,17.31,16.897,17.166,174331,0
CSAN.US,D,20210915,000000,17.012,17.349,16.753,17.262,200162,0
CSAN.US,D,20210916,000000,17.358,17.454,17.118,17.185,211941,0
CSAN.US,D,20210917,000000,16.907,17.051,16.522,16.965,137751,0
CSAN.US,D,20210920,000000,16.81,16.81,16.177,16.667,237850,0
CSAN.US,D,20210921,000000,16.705,17.08,16.609,16.83,103999,0
CSAN.US,D,20210922,000000,17.032,17.262,16.859,16.897,143529,0
CSAN.US,D,20210923,000000,17.214,17.377,17.09,17.166,141871,0
CSAN.US,D,20210924,000000,16.859,17.148,16.81,17.051,78218,0
CSAN.US,D,20210927,000000,17.08,17.118,16.58,16.792,148777,0
CSAN.US,D,20210928,000000,16.599,16.714,16.08,16.292,175419,0
CSAN.US,D,20210929,000000,16.225,16.474,16.09,16.311,118783,0
CSAN.US,D,20210930,000000,16.398,16.446,15.955,16.09,287506,0
CSAN.US,D,20211001,000000,16.484,16.935,16.398,16.849,154612,0
CSAN.US,D,20211004,000000,16.301,16.494,15.937,16.474,209554,0
CSAN.US,D,20211005,000000,16.369,16.398,16.119,16.215,114069,0
CSAN.US,D,20211006,000000,15.859,16.067,15.571,16.004,128805,0
CSAN.US,D,20211007,000000,15.744,16.263,15.485,16.138,247213,0
CSAN.US,D,20211008,000000,16.311,16.637,16.186,16.292,109379,0
CSAN.US,D,20211011,000000,16.253,16.464,15.734,15.744,373895,0
CSAN.US,D,20211012,000000,15.812,15.927,15.558,15.561,52198,0
CSAN.US,D,20211013,000000,16.013,16.378,15.98,16.273,170112,0
CSAN.US,D,20211014,000000,16.321,16.378,16.205,16.273,81788,0
CSAN.US,D,20211015,000000,16.157,16.522,16.123,16.311,74189,0
CSAN.US,D,20211018,000000,15.994,16.378,15.85,16.157,81055,0
CSAN.US,D,20211019,000000,15.869,15.985,15.283,15.504,203879,0
CSAN.US,D,20211020,000000,15.428,15.619,15.168,15.273,152317,0
CSAN.US,D,20211021,000000,14.879,14.899,13.967,14.303,266987,0
CSAN.US,D,20211022,000000,14.073,14.418,13.054,14.303,852029,0
CSAN.US,D,20211025,000000,14.543,15.187,14.543,15.034,208233,0
CSAN.US,D,20211026,000000,14.813,14.822,14.14,14.207,343123,0
CSAN.US,D,20211027,000000,14.361,14.469,14.064,14.169,144745,0
CSAN.US,D,20211028,000000,13.948,14.14,13.631,13.688,163751,0
CSAN.US,D,20211029,000000,13.775,13.813,13.357,13.439,150036,0
CSAN.US,D,20211101,000000,13.525,13.765,13.497,13.621,81865,0
CSAN.US,D,20211102,000000,13.545,13.67,13.247,13.295,67738,0
CSAN.US,D,20211103,000000,13.42,14.189,13.362,14.14,158774,0
CSAN.US,D,20211104,000000,13.881,14.073,13.679,13.843,102689,0
CSAN.US,D,20211105,000000,14.197,14.645,14.14,14.467,115711,0
CSAN.US,D,20211108,000000,14.265,14.495,14.236,14.332,86308,0
CSAN.US,D,20211109,000000,14.64,14.986,14.62,14.698,92738,0
CSAN.US,D,20211110,000000,14.918,15.245,14.813,14.909,98775,0
CSAN.US,D,20211111,000000,15.485,15.859,15.485,15.553,109598,0
CSAN.US,D,20211112,000000,15.082,15.168,14.774,14.889,76342,0
CSAN.US,D,20211115,000000,14.889,15.109,14.813,14.986,57883,0
CSAN.US,D,20211116,000000,14.37,14.611,14.082,14.582,195499,0
CSAN.US,D,20211117,000000,14.563,14.803,14.189,14.505,149542,0
CSAN.US,D,20211118,000000,14.678,14.736,14.361,14.457,100324,0
CSAN.US,D,20211119,000000,14.784,14.861,14.284,14.515,85166,0
CSAN.US,D,20211122,000000,14.659,14.784,14.131,14.189,92076,0
CSAN.US,D,20211123,000000,14.207,14.716,14.054,14.553,109325,0
CSAN.US,D,20211124,000000,14.543,14.706,14.428,14.428,55863,0
CSAN.US,D,20211126,000000,14.448,14.486,14.246,14.38,120307,0
CSAN.US,D,20211129,000000,14.746,14.899,14.533,14.668,129780,0
CSAN.US,D,20211130,000000,14.755,14.879,14.169,14.457,195899,0
CSAN.US,D,20211201,000000,14.683,14.836,14.217,14.275,240786,0
CSAN.US,D,20211202,000000,14.851,15.004,14.706,14.879,95880,0
CSAN.US,D,20211203,000000,15.187,15.428,14.879,15.12,120273,0
CSAN.US,D,20211206,000000,14.947,15.024,14.668,14.822,100283,0
CSAN.US,D,20211207,000000,14.871,15.024,14.746,14.976,66644,0
CSAN.US,D,20211208,000000,15.245,15.509,15.216,15.36,82136,0
CSAN.US,D,20211209,000000,15.312,15.312,14.986,15.13,100188,0
CSAN.US,D,20211210,000000,15.207,15.449,15.149,15.168,83760,0
CSAN.US,D,20211213,000000,15.1,15.197,14.861,14.986,103567,0
CSAN.US,D,20211214,000000,15.225,15.37,14.918,14.995,98783,0
CSAN.US,D,20211215,000000,14.659,15.091,14.553,15.014,108433,0
CSAN.US,D,20211216,000000,15.36,15.419,15.194,15.302,140286,0
CSAN.US,D,20211217,000000,15.116,15.302,15.047,15.145,78324,0
CSAN.US,D,20211220,000000,14.666,14.764,14.53,14.745,105610,0
CSAN.US,D,20211221,000000,14.647,14.686,14.471,14.51,85036,0
CSAN.US,D,20211222,000000,14.383,14.793,14.334,14.725,82853,0
CSAN.US,D,20211223,000000,14.588,14.627,14.373,14.442,52568,0
CSAN.US,D,20211227,000000,14.715,14.93,14.627,14.901,61923,0
CSAN.US,D,20211228,000000,14.774,14.94,14.754,14.823,78793,0
CSAN.US,D,20211229,000000,14.823,14.832,14.578,14.774,139703,0
CSAN.US,D,20211230,000000,15.018,15.253,15.018,15.145,66533,0
CSAN.US,D,20211231,000000,15.145,15.399,15.096,15.311,38890,0
CSAN.US,D,20220103,000000,14.813,14.813,14.525,14.569,105653,0
CSAN.US,D,20220104,000000,14.451,14.901,14.422,14.657,102567,0
CSAN.US,D,20220105,000000,14.461,14.657,13.807,13.836,135006,0
CSAN.US,D,20220106,000000,13.719,13.816,13.474,13.533,75926,0
CSAN.US,D,20220107,000000,13.562,13.821,13.552,13.738,52315,0
CSAN.US,D,20220110,000000,13.689,13.699,13.289,13.64,107043,0
CSAN.US,D,20220111,000000,14.051,14.432,13.973,14.363,96660,0
CSAN.US,D,20220112,000000,14.745,15.018,14.735,15.018,117579,0
CSAN.US,D,20220113,000000,14.989,15.106,14.793,14.842,54123,0
CSAN.US,D,20220114,000000,14.793,15.067,14.784,15.047,80817,0
CSAN.US,D,20220118,000000,15.047,15.057,14.735,14.96,103863,0
CSAN.US,D,20220119,000000,15.702,15.907,15.468,15.829,112424,0
CSAN.US,D,20220120,000000,16.191,16.445,15.995,16.054,986110,0
CSAN.US,D,20220121,000000,15.863,15.937,15.575,15.683,197289,0
CSAN.US,D,20220124,000000,15.487,15.585,15.214,15.389,189586,0
CSAN.US,D,20220125,000000,15.468,15.79,15.282,15.712,138560,0
CSAN.US,D,20220126,000000,16.142,16.582,15.956,16.044,204396,0
CSAN.US,D,20220127,000000,16.669,16.826,16.494,16.826,253086,0
CSAN.US,D,20220128,000000,16.806,16.963,16.66,16.855,184723,0
CSAN.US,D,20220131,000000,17.031,17.735,17.021,17.402,258200,0
CSAN.US,D,20220201,000000,17.295,17.596,17.246,17.48,162566,0
CSAN.US,D,20220202,000000,17.578,17.578,17.258,17.461,279281,0
CSAN.US,D,20220203,000000,17.285,17.52,17.197,17.393,232549,0
CSAN.US,D,20220204,000000,16.689,17.031,16.621,16.982,98138,0
CSAN.US,D,20220207,000000,16.806,16.899,16.63,16.63,109911,0
CSAN.US,D,20220208,000000,16.572,16.611,16.152,16.425,97061,0
CSAN.US,D,20220209,000000,16.357,16.855,16.318,16.611,102772,0
CSAN.US,D,20220210,000000,16.523,16.875,16.508,16.542,111275,0
CSAN.US,D,20220211,000000,16.66,16.904,16.337,16.425,78512,0
CSAN.US,D,20220214,000000,16.748,16.943,16.474,16.542,281022,0
CSAN.US,D,20220215,000000,16.689,16.836,16.474,16.816,81598,0
CSAN.US,D,20220216,000000,17.129,17.5,17.129,17.432,117003,0
CSAN.US,D,20220217,000000,17.373,17.422,17.129,17.187,284841,0
CSAN.US,D,20220218,000000,16.826,16.854,16.313,16.415,122647,0
CSAN.US,D,20220222,000000,15.849,16.24,15.79,15.868,174619,0
CSAN.US,D,20220223,000000,15.937,16.073,15.712,15.956,101837,0
CSAN.US,D,20220224,000000,15.37,15.8,15.262,15.614,162171,0
CSAN.US,D,20220225,000000,15.761,16.005,15.487,15.956,114107,0
CSAN.US,D,20220228,000000,15.81,16.034,15.751,15.937,59850,0
CSAN.US,D,20220301,000000,15.985,16.591,15.985,16.318,86826,0
CSAN.US,D,20220302,000000,16.367,16.787,16.191,16.669,191413,0
CSAN.US,D,20220303,000000,17.129,17.393,17.041,17.353,294349,0
CSAN.US,D,20220304,000000,17.051,17.256,17.021,17.197,121558,0
CSAN.US,D,20220307,000000,17.178,17.217,16.699,16.796,167356,0
CSAN.US,D,20220308,000000,16.904,17.212,16.845,17.08,135788,0
CSAN.US,D,20220309,000000,17.451,17.813,17.451,17.617,206446,0
CSAN.US,D,20220310,000000,17.187,17.324,16.816,17.158,150618,0
CSAN.US,D,20220311,000000,17.226,17.285,16.367,16.542,176617,0
CSAN.US,D,20220314,000000,16.562,16.562,15.81,16.025,129035,0
CSAN.US,D,20220315,000000,15.946,15.956,15.585,15.79,112668,0
CSAN.US,D,20220316,000000,15.81,15.956,15.546,15.946,83819,0
CSAN.US,D,20220317,000000,16.22,16.963,16.21,16.933,76434,0
CSAN.US,D,20220318,000000,16.777,17.695,16.767,17.402,163976,0
CSAN.US,D,20220321,000000,17.695,17.92,17.656,17.832,125963,0
CSAN.US,D,20220322,000000,18.37,18.819,18.194,18.497,238806,0
CSAN.US,D,20220323,000000,18.663,19.298,18.594,18.956,226571,0
CSAN.US,D,20220324,000000,19.386,19.953,19.239,19.806,288886,0
CSAN.US,D,20220325,000000,20.158,20.382,19.889,20.099,789718,0
CSAN.US,D,20220328,000000,20.031,20.177,19.679,20.08,238670,0
CSAN.US,D,20220329,000000,20.412,20.49,19.747,19.826,287555,0
CSAN.US,D,20220330,000000,19.865,20.177,19.619,19.757,104111,0
CSAN.US,D,20220331,000000,19.806,19.884,19.317,19.347,134089,0
CSAN.US,D,20220401,000000,19.718,19.933,19.503,19.865,158542,0
CSAN.US,D,20220404,000000,20.06,20.197,19.796,19.992,195123,0
CSAN.US,D,20220405,000000,19.894,20.08,19.454,19.552,229651,0
CSAN.US,D,20220406,000000,19.239,19.444,18.985,19.2,109568,0
CSAN.US,D,20220407,000000,18.927,19.073,18.604,18.956,100045,0
CSAN.US,D,20220408,000000,18.712,19.327,18.506,19.171,210898,0
CSAN.US,D,20220411,000000,19.523,19.552,19.024,19.132,137257,0
CSAN.US,D,20220412,000000,19.669,19.728,19.327,19.347,200983,0
CSAN.US,D,20220413,000000,19.542,19.611,19.093,19.142,262525,0
CSAN.US,D,20220414,000000,18.946,19.181,18.712,19.132,103832,0
CSAN.US,D,20220418,000000,19.327,19.503,19.142,19.357,214708,0
CSAN.US,D,20220419,000000,19.181,19.278,18.633,18.995,204390,0
CSAN.US,D,20220420,000000,18.829,19.835,18.751,19.093,291772,0
CSAN.US,D,20220421,000000,19.171,19.22,18.238,18.389,106407,0
CSAN.US,D,20220422,000000,18.594,18.819,17.744,17.842,172211,0
CSAN.US,D,20220425,000000,17.441,17.744,17.08,17.588,139880,0
CSAN.US,D,20220426,000000,17.334,17.353,16.884,16.904,123869,0
CSAN.US,D,20220427,000000,16.953,17.099,16.718,16.884,435959,0
CSAN.US,D,20220428,000000,16.767,17.021,16.445,16.806,128393,0
CSAN.US,D,20220429,000000,17.246,17.48,16.464,16.591,170007,0
CSAN.US,D,20220502,000000,16.132,16.161,15.419,15.575,198881,0
CSAN.US,D,20220503,000000,15.458,15.614,15.135,15.438,194028,0
CSAN.US,D,20220504,000000,15.389,15.868,14.882,15.839,274715,0
CSAN.US,D,20220505,000000,15.487,15.497,14.666,14.872,197545,0
CSAN.US,D,20220506,000000,14.784,14.803,14.119,14.256,155438,0
CSAN.US,D,20220509,000000,13.9,13.91,13.24,13.6,253894,0
CSAN.US,D,20220510,000000,14,14.06,13.56,13.86,325070,0
CSAN.US,D,20220511,000000,13.82,14.5,13.81,14.16,224302,0
CSAN.US,D,20220512,000000,14,14.35,13.77,14.32,214475,0
CSAN.US,D,20220513,000000,14.69,15.16,14.64,15.04,338790,0
CSAN.US,D,20220516,000000,15.06,15.12,14.5,14.72,175779,0
CSAN.US,D,20220517,000000,15.29,15.51,15.17,15.32,144196,0
CSAN.US,D,20220518,000000,15.14,15.16,14.51,14.53,225777,0
CSAN.US,D,20220519,000000,14.79,15.1,14.7,14.84,409126,0
CSAN.US,D,20220520,000000,14.93,15.27,14.82,15.27,382518,0
CSAN.US,D,20220523,000000,15.59,16.08,15.5,16,137199,0
CSAN.US,D,20220524,000000,16.3,16.34,15.71,16.27,247785,0
CSAN.US,D,20220525,000000,16.05,16.65,16.02,16.53,140106,0
CSAN.US,D,20220526,000000,16.63,17.96,16.62,17.87,242703,0
CSAN.US,D,20220527,000000,17.8,18.57,17.74,18.24,231552,0
CSAN.US,D,20220531,000000,18.27,18.55,18.05,18.16,308356,0
CSAN.US,D,20220601,000000,18.18,18.32,17.98,17.98,239447,0
CSAN.US,D,20220602,000000,18.31,18.6,17.8,18.41,478772,0
CSAN.US,D,20220603,000000,18.19,18.265,17.76,17.81,297130,0
CSAN.US,D,20220606,000000,17.95,18.01,17.53,17.63,129398,0
CSAN.US,D,20220607,000000,17.22,17.28,16.83,16.83,171607,0
CSAN.US,D,20220608,000000,16.78,16.94,16.3,16.52,209568,0
CSAN.US,D,20220609,000000,16.39,16.7,16.19,16.2,203138,0
CSAN.US,D,20220610,000000,15.61,16.01,15.47,15.76,133550,0
CSAN.US,D,20220613,000000,15.25,15.27,14.67,14.81,160093,0
CSAN.US,D,20220614,000000,14.69,14.76,14.12,14.2,190649,0
CSAN.US,D,20220615,000000,14.53,15.07,14.45,14.93,170186,0
CSAN.US,D,20220616,000000,14.51,14.74,14.0113,14.2,102823,0
CSAN.US,D,20220617,000000,14.49,14.55,14.18,14.26,135706,0
CSAN.US,D,20220621,000000,14.2,14.36,14.09,14.22,388429,0
CSAN.US,D,20220622,000000,14.07,14.53,14.01,14.18,111182,0
CSAN.US,D,20220623,000000,14.36,14.45,13.77,13.84,164563,0
CSAN.US,D,20220624,000000,13.7,14.05,13.57,13.88,245356,0
CSAN.US,D,20220627,000000,14.14,14.44,14.09,14.14,293435,0
CSAN.US,D,20220628,000000,14.41,14.6,14.06,14.19,641796,0
CSAN.US,D,20220629,000000,14.31,14.42,14.11,14.2,225833,0
CSAN.US,D,20220630,000000,13.93,14.15,13.79,13.9,198620,0
CSAN.US,D,20220701,000000,13.41,13.55,13.17,13.39,231677,0
CSAN.US,D,20220705,000000,12.79,12.79,12.565,12.77,245506,0
CSAN.US,D,20220706,000000,12.65,12.65,12.08,12.52,198997,0
CSAN.US,D,20220707,000000,12.88,13.26,12.88,13.06,168570,0
CSAN.US,D,20220708,000000,13.44,13.5,13.155,13.41,221404,0
CSAN.US,D,20220711,000000,13.01,13.15,12.87,12.94,143077,0
CSAN.US,D,20220712,000000,12.63,12.81,12.525,12.56,97516,0
CSAN.US,D,20220713,000000,12.36,12.651,12.35,12.35,133465,0
CSAN.US,D,20220714,000000,12.15,12.72,11.95,12.53,213554,0
CSAN.US,D,20220715,000000,12.41,12.81,12.26,12.69,118467,0
CSAN.US,D,20220718,000000,12.94,13.17,12.7,12.8,142189,0
CSAN.US,D,20220719,000000,13,13.1,12.77,12.83,112713,0
CSAN.US,D,20220720,000000,12.89,13.05,12.75,12.85,520307,0
CSAN.US,D,20220721,000000,12.52,12.95,12.44,12.95,536936,0
CSAN.US,D,20220722,000000,12.99,13.06,12.58,12.66,1314168,0
CSAN.US,D,20220725,000000,12.94,13.21,12.86,13.13,153259,0
CSAN.US,D,20220726,000000,13.21,13.41,12.96,13.09,123018,0
CSAN.US,D,20220727,000000,13.33,13.95,13.29,13.89,199069,0
CSAN.US,D,20220728,000000,14.19,14.37,13.86,14.36,215362,0
CSAN.US,D,20220729,000000,14.31,14.62,14.19,14.44,218353,0
CSAN.US,D,20220801,000000,14.31,14.61,14.24,14.47,151878,0
CSAN.US,D,20220802,000000,14.42,14.62,14.28,14.38,173297,0
CSAN.US,D,20220803,000000,14.54,14.68,14.28,14.52,145763,0
CSAN.US,D,20220804,000000,14.81,15.52,14.7,15.32,264187,0
CSAN.US,D,20220805,000000,15.15,15.54,15.14,15.39,132999,0
CSAN.US,D,20220808,000000,15.49,15.79,15.3,15.62,189912,0
CSAN.US,D,20220809,000000,15.73,15.77,15.45,15.47,93753,0
CSAN.US,D,20220810,000000,16.15,16.6149,16.02,16.4,167340,0
CSAN.US,D,20220811,000000,16.43,16.47,15.58,15.7,129628,0
CSAN.US,D,20220812,000000,16.36,16.49,16.21,16.4,140823,0
CSAN.US,D,20220815,000000,16.28,16.65,16.24,16.49,213092,0
CSAN.US,D,20220816,000000,16.36,16.43,15.99,16.27,133545,0
CSAN.US,D,20220817,000000,16.1,16.6,16.1,16.44,151679,0
CSAN.US,D,20220818,000000,16.51,16.7,16.33,16.43,149219,0
CSAN.US,D,20220819,000000,16.06,16.11,15.83,16.08,131097,0
CSAN.US,D,20220822,000000,15.89,15.89,15.7,15.83,172259,0
CSAN.US,D,20220823,000000,15.97,16.27,15.88,16.13,152979,0
CSAN.US,D,20220824,000000,16.16,16.55,16.15,16.3,165952,0
CSAN.US,D,20220825,000000,16.28,16.3,16.04,16.24,107069,0
CSAN.US,D,20220826,000000,16.18,16.3,15.76,15.95,90170,0
CSAN.US,D,20220829,000000,16,16.78,15.98,16.45,178509,0
CSAN.US,D,20220830,000000,16.17,16.21,15.64,15.76,311892,0
CSAN.US,D,20220831,000000,15.29,15.63,15.21,15.24,183463,0
CSAN.US,D,20220901,000000,15.09,15.26,14.81,15.01,174238,0
CSAN.US,D,20220902,000000,15.15,15.3,14.9,15.08,123351,0
CSAN.US,D,20220906,000000,14.72,14.73,14.16,14.32,157074,0
CSAN.US,D,20220907,000000,14.15,14.54,13.93,14.49,84281,0
CSAN.US,D,20220908,000000,14.43,14.53,14.08,14.23,143119,0
CSAN.US,D,20220909,000000,14.32,14.71,14.32,14.57,117614,0
CSAN.US,D,20220912,000000,14.78,15.08,14.74,15.02,148119,0
CSAN.US,D,20220913,000000,14.5,14.76,14.11,14.18,121366,0
CSAN.US,D,20220914,000000,14.13,14.5,14.12,14.39,88630,0
CSAN.US,D,20220915,000000,14.17,14.17,13.57,13.57,110455,0
CSAN.US,D,20220916,000000,13.42,13.67,13.27,13.55,151730,0
CSAN.US,D,20220919,000000,13.4,14.15,13.4,14.06,120623,0
CSAN.US,D,20220920,000000,13.94,14.39,13.93,14.26,85903,0
CSAN.US,D,20220921,000000,14.29,14.385,14.01,14.08,134321,0
CSAN.US,D,20220922,000000,14.24,15.16,14.14,14.98,199548,0
CSAN.US,D,20220923,000000,14.26,14.26,13.695,13.89,199100,0
CSAN.US,D,20220926,000000,13.53,13.64,13.01,13.2,149997,0
CSAN.US,D,20220927,000000,13.25,13.5,12.91,12.98,643887,0
CSAN.US,D,20220928,000000,12.94,13.02,12.65,12.96,430835,0
CSAN.US,D,20220929,000000,12.62,12.79,12.35,12.77,552593,0
CSAN.US,D,20220930,000000,12.52,13.15,12.49,12.88,708057,0
CSAN.US,D,20221003,000000,13.9,14.41,13.85,14.3,384456,0
CSAN.US,D,20221004,000000,14.6,14.67,13.95,14.19,357632,0
CSAN.US,D,20221005,000000,14.02,14.13,13.53,13.9,309887,0
CSAN.US,D,20221006,000000,13.89,14.13,13.85,14,251985,0
CSAN.US,D,20221007,000000,13.83,13.93,12.63,12.79,1247930,0
CSAN.US,D,20221010,000000,12.29,12.4,11.83,11.97,1795717,0
CSAN.US,D,20221011,000000,11.92,12.25,11.76,11.89,1041001,0
CSAN.US,D,20221012,000000,11.74,11.74,11.36,11.53,250500,0
CSAN.US,D,20221013,000000,11.54,12.34,11.49,12.09,446727,0
CSAN.US,D,20221014,000000,12.07,12.12,11.67,11.67,431929,0
CSAN.US,D,20221017,000000,11.88,12.4,11.88,12.13,357512,0
CSAN.US,D,20221018,000000,12.5,12.63,12.28,12.43,161770,0
CSAN.US,D,20221019,000000,12.38,12.56,12.325,12.46,316961,0
CSAN.US,D,20221020,000000,12.67,12.96,12.52,12.64,215707,0
CSAN.US,D,20221021,000000,12.61,13.32,12.56,13.27,241367,0
CSAN.US,D,20221024,000000,12.83,12.9,12.68,12.73,295163,0
CSAN.US,D,20221025,000000,12.53,12.82,12.18,12.2,367718,0
CSAN.US,D,20221026,000000,12.03,12.54,12,12.23,299041,0
CSAN.US,D,20221027,000000,12.36,12.69,12.31,12.42,281038,0
CSAN.US,D,20221028,000000,12.2,12.3,11.99,12.25,237421,0
CSAN.US,D,20221031,000000,12.09,13.04,12.07,12.92,310597,0
CSAN.US,D,20221101,000000,13.2,13.94,13.04,13.62,387580,0
CSAN.US,D,20221102,000000,13.38,13.43,12.84,12.88,169708,0
CSAN.US,D,20221103,000000,13.31,14.21,13.27,14.1,429955,0
CSAN.US,D,20221104,000000,14.57,15.07,14.27,14.8,995553,0
CSAN.US,D,20221107,000000,14.74,14.74,13.79,13.83,300445,0
CSAN.US,D,20221108,000000,14.1,14.42,13.92,14.08,403172,0
CSAN.US,D,20221109,000000,14.03,14.28,13.73,13.74,253084,0
CSAN.US,D,20221110,000000,13.06,13.32,12.7,12.84,477712,0
CSAN.US,D,20221111,000000,13.16,13.7,13.15,13.5,356393,0
CSAN.US,D,20221114,000000,13.07,13.56,12.99,13.32,291561,0
CSAN.US,D,20221115,000000,13.6,14.06,13.31,13.37,110780,0
CSAN.US,D,20221116,000000,13.15,13.27,12.58,12.63,295431,0
CSAN.US,D,20221117,000000,12.22,12.67,12.1085,12.56,275451,0
CSAN.US,D,20221118,000000,12.96,13.13,12.57,12.69,297998,0
CSAN.US,D,20221121,000000,12.63,12.66,12.18,12.59,234356,0
CSAN.US,D,20221122,000000,12.49,12.51,12.22,12.48,292067,0
CSAN.US,D,20221123,000000,12.28,12.51,12.12,12.26,319471,0
CSAN.US,D,20221125,000000,12.63,12.86,12.46,12.49,238208,0
CSAN.US,D,20221128,000000,12.59,12.715,12.5,12.61,209232,0
CSAN.US,D,20221129,000000,13.2,13.37,12.93,13.02,307243,0
CSAN.US,D,20221130,000000,13.21,13.84,13.13,13.83,396319,0
CSAN.US,D,20221201,000000,13.56,13.69,13.31,13.33,294222,0
CSAN.US,D,20221202,000000,13.69,13.87,13.44,13.46,177973,0
CSAN.US,D,20221205,000000,13.15,13.29,12.91,12.94,223612,0
CSAN.US,D,20221206,000000,13.09,13.27,12.78,12.96,226414,0
CSAN.US,D,20221207,000000,12.9,12.96,12.5752,12.76,311114,0
CSAN.US,D,20221208,000000,12.73,12.845,12.53,12.6,269137,0
CSAN.US,D,20221209,000000,12.53,12.85,12.45,12.61,171033,0
CSAN.US,D,20221212,000000,12.13,12.48,11.87,12.48,347960,0
CSAN.US,D,20221213,000000,12.52,12.56,11.97,12,444624,0
CSAN.US,D,20221214,000000,11.85,12.07,11.68,11.96,373415,0
CSAN.US,D,20221215,000000,11.93,12.1724,11.78,11.86,242217,0
CSAN.US,D,20221216,000000,11.81,11.98,11.68,11.8,200865,0
CSAN.US,D,20221219,000000,11.89,12.24,11.89,12.23,195367,0
CSAN.US,D,20221220,000000,12.73,13.04,12.7,12.83,287972,0
CSAN.US,D,20221221,000000,12.91,12.96,12.71,12.89,131335,0
CSAN.US,D,20221222,000000,12.94,13.12,12.73,12.95,913509,0
CSAN.US,D,20221223,000000,13.17,13.54,13.17,13.54,911246,0
CSAN.US,D,20221227,000000,12.76,12.89,12.66,12.83,961280,0
CSAN.US,D,20221228,000000,13.03,13.475,13,13.26,1059780,0
CSAN.US,D,20221229,000000,13.41,13.46,12.9,13.09,146094,0
CSAN.US,D,20221230,000000,12.95,13.27,12.93,13.06,116336,0
CSAN.US,D,20230103,000000,12.09,12.2,11.4101,11.47,541779,0
CSAN.US,D,20230104,000000,11.44,11.72,11.375,11.6,340292,0
CSAN.US,D,20230105,000000,11.5,12,11.5,11.95,313228,0
CSAN.US,D,20230106,000000,12.39,12.72,12.29,12.69,236517,0
CSAN.US,D,20230109,000000,12.28,12.67,12.21,12.54,328995,0
CSAN.US,D,20230110,000000,12.8,13.2,12.69,13.14,205065,0
CSAN.US,D,20230111,000000,13.26,13.44,12.99,13.38,227494,0
CSAN.US,D,20230112,000000,13.48,14.19,13.29,13.93,434945,0
CSAN.US,D,20230113,000000,13.61,13.71,13.33,13.48,347455,0
CSAN.US,D,20230117,000000,13.09,13.53,13.08,13.46,327350,0
CSAN.US,D,20230118,000000,13.76,13.94,13.3,13.42,551133,0
CSAN.US,D,20230119,000000,13.29,13.55,13.02,13.38,812773,0
CSAN.US,D,20230120,000000,12.89,12.96,12.67,12.83,880382,0
CSAN.US,D,20230123,000000,12.57,12.785,12.315,12.35,1068095,0
CSAN.US,D,20230124,000000,12.55,13.03,12.44,12.88,288166,0
CSAN.US,D,20230125,000000,13,13.52,12.9,13.3,405278,0
CSAN.US,D,20230126,000000,13.26,13.36,13.12,13.36,291562,0
CSAN.US,D,20230127,000000,13.2,13.31,13.01,13.15,289279,0
CSAN.US,D,20230130,000000,13.13,13.13,12.67,12.9,884157,0
CSAN.US,D,20230131,000000,13.21,13.26,12.92,13.17,251938,0
CSAN.US,D,20230201,000000,13.13,13.2,12.73,13.01,272845,0
CSAN.US,D,20230202,000000,13.48,13.52,12.67,12.81,321041,0
CSAN.US,D,20230203,000000,12.55,12.72,12.27,12.44,247911,0
CSAN.US,D,20230206,000000,12.2,12.4,12.08,12.34,189340,0
CSAN.US,D,20230207,000000,12.45,12.55,12.26,12.33,221338,0
CSAN.US,D,20230208,000000,12.42,12.565,12.23,12.4,164883,0
CSAN.US,D,20230209,000000,12.21,12.27,11.775,11.8,276192,0
CSAN.US,D,20230210,000000,11.92,12.11,11.89,12.01,155230,0
CSAN.US,D,20230213,000000,12.08,12.4,12.08,12.16,187330,0
CSAN.US,D,20230214,000000,11.99,12.15,11.7553,11.92,235526,0
CSAN.US,D,20230215,000000,12.02,12.16,11.84,12.07,391357,0
CSAN.US,D,20230216,000000,11.92,12.33,11.92,12.15,169149,0
CSAN.US,D,20230217,000000,12.17,12.325,12,12.06,271901,0
CSAN.US,D,20230221,000000,12,12.29,11.58,11.58,114729,0
CSAN.US,D,20230222,000000,11.6,11.95,11.48,11.83,791854,0
CSAN.US,D,20230223,000000,12.13,12.18,11.705,11.88,378040,0
CSAN.US,D,20230224,000000,11.72,11.72,11.27,11.34,595942,0
CSAN.US,D,20230227,000000,11.43,11.57,11.22,11.51,375384,0
CSAN.US,D,20230228,000000,11.5,11.55,11.27,11.45,1112768,0
CSAN.US,D,20230301,000000,11.52,11.59,11.24,11.35,389046,0
CSAN.US,D,20230302,000000,11.36,11.65,11.26,11.27,308597,0
CSAN.US,D,20230303,000000,11.46,11.5,11.32,11.35,324249,0
CSAN.US,D,20230306,000000,11.18,11.75,11.14,11.75,423521,0
CSAN.US,D,20230307,000000,11.65,11.71,11.46,11.7,355097,0
CSAN.US,D,20230308,000000,11.91,12.16,11.84,12.02,464026,0
CSAN.US,D,20230309,000000,12.13,12.25,11.93,11.94,208481,0
CSAN.US,D,20230310,000000,11.57,11.73,11.42,11.47,335781,0
CSAN.US,D,20230313,000000,11.18,11.35,10.86,10.87,606153,0
CSAN.US,D,20230314,000000,11.22,11.46,10.98,11.07,261508,0
CSAN.US,D,20230315,000000,10.74,10.99,10.49,10.76,559533,0
CSAN.US,D,20230316,000000,10.77,10.93,10.53,10.85,1094550,0
CSAN.US,D,20230317,000000,10.69,10.775,10.52,10.7,372435,0
CSAN.US,D,20230320,000000,10.75,10.88,10.59,10.75,230681,0
CSAN.US,D,20230321,000000,10.67,10.84,10.48,10.49,242686,0
CSAN.US,D,20230322,000000,10.49,10.78,10.445,10.47,232121,0
CSAN.US,D,20230323,000000,10.53,10.55,10.13,10.28,380196,0
CSAN.US,D,20230324,000000,10.36,10.71,10.3,10.56,365107,0
CSAN.US,D,20230327,000000,10.7,10.93,10.6,10.84,302670,0
CSAN.US,D,20230328,000000,10.96,11.41,10.96,11.29,336002,0
CSAN.US,D,20230329,000000,11.34,11.83,11.24,11.75,805434,0
CSAN.US,D,20230330,000000,12.45,12.51,11.83,12.17,602462,0
CSAN.US,D,20230331,000000,12.3,12.34,11.79,11.82,562241,0
CSAN.US,D,20230403,000000,11.8,11.9599,11.74,11.89,243292,0
CSAN.US,D,20230404,000000,11.89,11.96,11.72,11.73,1089094,0
CSAN.US,D,20230405,000000,11.72,11.73,11.4,11.55,1037049,0
CSAN.US,D,20230406,000000,11.48,11.67,11.42,11.61,195250,0
CSAN.US,D,20230410,000000,11.71,11.77,11.575,11.65,242100,0
CSAN.US,D,20230411,000000,12.17,12.49,11.93,12.44,753145,0
CSAN.US,D,20230412,000000,12.75,13.05,12.69,12.89,710947,0
CSAN.US,D,20230413,000000,12.79,12.93,12.71,12.73,365621,0
CSAN.US,D,20230414,000000,12.58,12.87,12.53,12.77,323137,0
CSAN.US,D,20230417,000000,12.77,12.77,12.55,12.7,415196,0
CSAN.US,D,20230418,000000,12.43,12.68,12.415,12.52,920394,0
CSAN.US,D,20230419,000000,12.4,12.4,11.99,12.03,335854,0
CSAN.US,D,20230420,000000,12,12.24,11.98,12.15,220161,0
CSAN.US,D,20230421,000000,12.17,12.17,11.75,11.85,185705,0
CSAN.US,D,20230424,000000,11.91,12.26,11.84,12.23,258572,0
CSAN.US,D,20230425,000000,12.09,12.09,11.75,11.91,380856,0
CSAN.US,D,20230426,000000,11.89,11.94,11.51,11.54,331234,0
CSAN.US,D,20230427,000000,11.64,11.7876,11.56,11.72,280554,0
CSAN.US,D,20230428,000000,11.55,11.94,11.51,11.88,310028,0
CSAN.US,D,20230501,000000,11.84,11.9211,11.66,11.79,126756,0
CSAN.US,D,20230502,000000,11.82,11.85,11.435,11.44,377445,0
CSAN.US,D,20230503,000000,11.44,11.57,11.3,11.46,330842,0
CSAN.US,D,20230504,000000,11.58,11.63,11.195,11.32,332184,0
CSAN.US,D,20230505,000000,11.58,11.95,11.58,11.91,456844,0
CSAN.US,D,20230508,000000,12.03,12.24,11.95,12.11,478806,0
CSAN.US,D,20230509,000000,12.17,12.55,12.14,12.49,223403,0
CSAN.US,D,20230510,000000,12.79,12.81,12.5,12.74,180719,0
CSAN.US,D,20230511,000000,12.61,13.27,12.61,13.12,396778,0
CSAN.US,D,20230512,000000,13.12,13.325,13.07,13.2,389364,0
CSAN.US,D,20230515,000000,13.08,13.24,12.89,13.17,212808,0
CSAN.US,D,20230516,000000,13.24,13.32,12.76,12.77,239279,0
CSAN.US,D,20230517,000000,12.91,13.27,12.795,13.16,338760,0
CSAN.US,D,20230518,000000,13.05,13.08,12.86,13.02,238537,0
CSAN.US,D,20230519,000000,12.5,12.75,12.42,12.65,441602,0
CSAN.US,D,20230522,000000,12.82,13.03,12.68,12.82,227411,0
CSAN.US,D,20230523,000000,12.88,13.12,12.67,12.71,353575,0
CSAN.US,D,20230524,000000,12.73,12.81,12.54,12.61,768361,0
CSAN.US,D,20230525,000000,12.57,12.6,12.28,12.37,267351,0
CSAN.US,D,20230526,000000,12.38,12.53,12.14,12.43,283929,0
CSAN.US,D,20230530,000000,12.1,12.1,11.77,11.99,682537,0
CSAN.US,D,20230531,000000,11.94,11.99,11.71,11.85,832809,0
CSAN.US,D,20230601,000000,11.91,12.28,11.87,12.24,382554,0
CSAN.US,D,20230602,000000,12.94,13.36,12.885,13.31,448716,0
CSAN.US,D,20230605,000000,13.5,13.71,13.2,13.52,341684,0
CSAN.US,D,20230606,000000,13.58,14.11,13.58,13.94,437958,0
CSAN.US,D,20230607,000000,14.14,14.21,13.82,14.06,342977,0
CSAN.US,D,20230608,000000,13.9,14.12,13.9,14.06,148819,0
CSAN.US,D,20230609,000000,14.28,14.75,14.2,14.47,507868,0
CSAN.US,D,20230612,000000,14.46,14.61,14.38,14.43,438356,0
CSAN.US,D,20230613,000000,14.53,14.545,14.22,14.31,306153,0
CSAN.US,D,20230614,000000,14.37,14.85,14.34,14.8,719066,0
CSAN.US,D,20230615,000000,14.675,14.78,14.52,14.75,653848,0
CSAN.US,D,20230616,000000,14.51,14.73,14.37,14.58,657571,0
CSAN.US,D,20230620,000000,14.9,14.91,14.55,14.64,952354,0
CSAN.US,D,20230621,000000,14.56,15.1,14.51,15.05,1053806,0
CSAN.US,D,20230622,000000,14.8,14.91,14.695,14.87,524916,0
CSAN.US,D,20230623,000000,14.6,15.14,14.59,15.05,553844,0
CSAN.US,D,20230626,000000,15,15.21,14.95,15.06,379618,0
CSAN.US,D,20230627,000000,15.12,15.12,14.49,14.7,371378,0
CSAN.US,D,20230628,000000,14.57,14.64,14.38,14.51,281206,0
CSAN.US,D,20230629,000000,14.61,14.7,14.48,14.7,230452,0
CSAN.US,D,20230630,000000,14.85,15.1,14.77,14.92,359096,0
CSAN.US,D,20230703,000000,15.05,15.43,15.01,15.29,157737,0
CSAN.US,D,20230705,000000,15.06,15.46,15.01,15.29,1071261,0
CSAN.US,D,20230706,000000,14.97,15.165,14.65,14.76,360084,0
CSAN.US,D,20230707,000000,15.1,15.75,15.04,15.56,658741,0
CSAN.US,D,20230710,000000,15.46,15.67,15.36,15.43,361275,0
CSAN.US,D,20230711,000000,15.01,15.735,14.88,15.64,562713,0
CSAN.US,D,20230712,000000,15.9,16.24,15.86,15.88,482222,0
CSAN.US,D,20230713,000000,16.11,16.51,16,16.47,523946,0
CSAN.US,D,20230714,000000,16.46,16.46,15.96,16.1,423268,0
CSAN.US,D,20230717,000000,15.92,16.24,15.79,16.24,225779,0
CSAN.US,D,20230718,000000,16.18,16.375,16.015,16.18,190664,0
CSAN.US,D,20230719,000000,16.12,16.26,15.84,16.09,197210,0
CSAN.US,D,20230720,000000,16.13,16.2,15.96,16.13,226858,0
CSAN.US,D,20230721,000000,16.43,16.57,16.4,16.46,449780,0
CSAN.US,D,20230724,000000,16.62,17.04,16.46,16.85,501715,0
CSAN.US,D,20230725,000000,17.13,17.505,17.04,17.19,516220,0
CSAN.US,D,20230726,000000,17.15,17.25,16.94,17.15,408957,0
CSAN.US,D,20230727,000000,17.07,17.07,16.51,16.55,602086,0
CSAN.US,D,20230728,000000,16.64,16.72,16.5,16.71,304286,0
CSAN.US,D,20230731,000000,16.78,16.86,16.69,16.78,242340,0
CSAN.US,D,20230801,000000,16.51,16.64,16.36,16.57,338211,0
CSAN.US,D,20230802,000000,16.54,16.63,16.22,16.51,228935,0
CSAN.US,D,20230803,000000,16.44,16.57,16.24,16.33,459282,0
CSAN.US,D,20230804,000000,16.45,16.56,16.13,16.19,349678,0
CSAN.US,D,20230807,000000,16.08,16.09,15.92,15.99,246146,0
CSAN.US,D,20230808,000000,15.61,16,15.49,16,583718,0
CSAN.US,D,20230809,000000,15.8,15.95,15.595,15.75,198679,0
CSAN.US,D,20230810,000000,16.02,16.19,15.8,15.81,204700,0
CSAN.US,D,20230811,000000,15.8,15.87,15.5,15.61,234652,0
CSAN.US,D,20230814,000000,15.25,15.38,15.09,15.27,625914,0
CSAN.US,D,20230815,000000,15.31,15.44,14.74,14.75,430126,0
CSAN.US,D,20230816,000000,14.66,14.93,14.56,14.66,415166,0
CSAN.US,D,20230817,000000,14.81,14.81,14.37,14.42,320854,0
CSAN.US,D,20230818,000000,14.31,14.64,14.31,14.55,271894,0
CSAN.US,D,20230821,000000,14.41,14.47,14.2242,14.45,366746,0
CSAN.US,D,20230822,000000,14.7,14.81,14.57,14.77,252459,0
CSAN.US,D,20230823,000000,14.92,15.21,14.81,15.05,318119,0
CSAN.US,D,20230824,000000,14.98,15.1,14.715,14.74,227854,0
CSAN.US,D,20230825,000000,14.72,14.82,14.56,14.73,196215,0
CSAN.US,D,20230828,000000,14.68,14.76,14.495,14.76,249453,0
CSAN.US,D,20230829,000000,14.76,14.95,14.71,14.95,296060,0
CSAN.US,D,20230830,000000,15.11,15.15,14.87,14.94,242801,0
CSAN.US,D,20230831,000000,14.7,14.71,14.16,14.21,324898,0
CSAN.US,D,20230901,000000,14.64,14.7,14.48,14.49,226680,0
CSAN.US,D,20230905,000000,14.12,14.385,14.12,14.25,357893,0
CSAN.US,D,20230906,000000,14.2,14.465,14.02,14.1,348897,0
CSAN.US,D,20230907,000000,14,14.11,13.93,13.93,124682,0
CSAN.US,D,20230908,000000,14.02,14.04,13.85,13.92,266623,0
CSAN.US,D,20230911,000000,14.22,14.385,14.035,14.35,144792,0
CSAN.US,D,20230912,000000,14.27,14.53,14.27,14.4,132825,0
CSAN.US,D,20230913,000000,14.54,14.75,14.5,14.58,147795,0
CSAN.US,D,20230914,000000,14.75,15.2,14.75,15.13,206318,0
CSAN.US,D,20230915,000000,15.27,15.47,15.1,15.29,591532,0
CSAN.US,D,20230918,000000,15.47,15.5,15.14,15.3,152194,0
CSAN.US,D,20230919,000000,15.21,15.255,15.02,15.1,187741,0
CSAN.US,D,20230920,000000,15.23,15.42,15.165,15.19,141091,0
CSAN.US,D,20230921,000000,14.78,14.87,14.52,14.55,146414,0
CSAN.US,D,20230922,000000,14.51,14.67,14.44,14.54,173050,0
CSAN.US,D,20230925,000000,14.44,14.47,14.185,14.28,145492,0
CSAN.US,D,20230926,000000,14.17,14.23,13.82,13.83,148598,0
CSAN.US,D,20230927,000000,13.87,13.89,13.11,13.29,310093,0
CSAN.US,D,20230928,000000,13.25,13.5,13.13,13.39,356290,0
CSAN.US,D,20230929,000000,13.7,13.7,13.37,13.59,234467,0
CSAN.US,D,20231002,000000,13.52,13.52,12.95,13,175213,0
CSAN.US,D,20231003,000000,12.93,13.01,12.51,12.61,340837,0
CSAN.US,D,20231004,000000,12.63,12.775,12.42,12.67,211633,0
CSAN.US,D,20231005,000000,12.57,12.635,12.23,12.36,426892,0
CSAN.US,D,20231006,000000,12.17,12.37,11.85,12.3,588418,0
CSAN.US,D,20231009,000000,12.33,12.705,12.22,12.59,437309,0
CSAN.US,D,20231010,000000,12.84,13.15,12.76,13.12,316494,0
CSAN.US,D,20231011,000000,13.12,13.19,12.97,13.13,243630,0
CSAN.US,D,20231012,000000,13.09,13.1,12.63,12.66,95693,0
CSAN.US,D,20231013,000000,12.98,13.03,12.56,12.72,301434,0
CSAN.US,D,20231016,000000,12.81,12.88,12.48,12.65,193604,0
CSAN.US,D,20231017,000000,12.53,12.915,12.49,12.54,233466,0
CSAN.US,D,20231018,000000,12.45,12.52,12.22,12.27,255966,0
CSAN.US,D,20231019,000000,12.34,12.67,12.3,12.42,226997,0
CSAN.US,D,20231020,000000,12.37,12.4,12.12,12.33,269668,0
CSAN.US,D,20231023,000000,12.26,12.64,12.22,12.46,150810,0
CSAN.US,D,20231024,000000,12.88,13.07,12.74,12.97,329388,0
CSAN.US,D,20231025,000000,12.96,13.01,12.69,12.72,228800,0
CSAN.US,D,20231026,000000,12.83,13.11,12.75,13.06,312063,0
CSAN.US,D,20231027,000000,13.36,13.37,12.69,12.79,237078,0
CSAN.US,D,20231030,000000,12.89,12.91,12.39,12.48,227301,0
CSAN.US,D,20231031,000000,12.4,12.59,12.38,12.52,206058,0
CSAN.US,D,20231101,000000,12.77,13.42,12.77,13.33,456555,0
CSAN.US,D,20231102,000000,13.42,13.85,13.38,13.73,233109,0
CSAN.US,D,20231103,000000,13.9,14.14,13.85,14.02,548116,0
CSAN.US,D,20231106,000000,14.07,14.2,13.905,14.2,235510,0
CSAN.US,D,20231107,000000,14.67,14.75,14.545,14.6,339885,0
CSAN.US,D,20231108,000000,14.63,14.66,14.14,14.31,265021,0
CSAN.US,D,20231109,000000,14.42,14.6,14.025,14.1,229134,0
CSAN.US,D,20231110,000000,14.4,14.55,14.21,14.55,281348,0
CSAN.US,D,20231113,000000,14.3,14.67,14.27,14.59,369868,0
CSAN.US,D,20231114,000000,15.12,15.33,14.71,14.72,450104,0
CSAN.US,D,20231115,000000,14.76,15.12,14.75,14.78,146712,0
CSAN.US,D,20231116,000000,14.93,15.09,14.75,14.94,454327,0
CSAN.US,D,20231117,000000,14.76,14.87,14.61,14.62,165853,0
CSAN.US,D,20231120,000000,14.71,15.105,14.71,15.1,260827,0
CSAN.US,D,20231121,000000,14.78,14.85,14.62,14.65,161297,0
CSAN.US,D,20231122,000000,14.85,14.96,14.53,14.73,266637,0
CSAN.US,D,20231124,000000,14.65,14.79,14.6352,14.79,66857,0
CSAN.US,D,20231127,000000,14.63,14.63,14.27,14.36,283189,0
CSAN.US,D,20231128,000000,14.3,14.635,14.29,14.55,150510,0
CSAN.US,D,20231129,000000,14.3,14.43,14.23,14.27,224079,0
CSAN.US,D,20231130,000000,14.25,14.54,14.07,14.54,323397,0
CSAN.US,D,20231201,000000,14.15,14.68,14.12,14.59,172094,0
CSAN.US,D,20231204,000000,14.4,14.53,14.275,14.32,274326,0
CSAN.US,D,20231205,000000,14.21,14.43,13.82,13.83,600827,0
CSAN.US,D,20231206,000000,14.17,14.19,13.86,13.87,321498,0
CSAN.US,D,20231207,000000,13.85,13.92,13.67,13.73,205085,0
CSAN.US,D,20231208,000000,13.73,14.28,13.7,14.26,322180,0
CSAN.US,D,20231211,000000,14.03,14.07,13.86,13.99,233139,0
CSAN.US,D,20231212,000000,13.95,13.95,13.71,13.79,121576,0
CSAN.US,D,20231213,000000,14.06,14.77,13.87,14.66,382761,0
CSAN.US,D,20231214,000000,15.41,15.62,14.99,15.1,444739,0
CSAN.US,D,20231215,000000,15.22,15.24,14.88,14.97,312138,0
CSAN.US,D,20231218,000000,15.14,15.27,15,15.21,152512,0
CSAN.US,D,20231219,000000,15.35,15.43,15.18,15.38,172494,0
CSAN.US,D,20231220,000000,15.44,15.53,15.155,15.17,456006,0
CSAN.US,D,20231221,000000,15.57,15.63,15.37,15.57,556160,0
CSAN.US,D,20231222,000000,15.58,15.87,15.58,15.82,327186,0
CSAN.US,D,20231226,000000,15.82,16.105,15.79,16.06,593710,0
CSAN.US,D,20231227,000000,15.97,16.25,15.925,16.24,813043,0
CSAN.US,D,20231228,000000,16.09,16.21,15.87,15.87,355031,0
CSAN.US,D,20231229,000000,15.87,15.87,15.66,15.66,105851,0
CSAN.US,D,20240102,000000,15.82,15.94,15.53,15.58,209476,0
CSAN.US,D,20240103,000000,15.6,15.905,15.6,15.71,198666,0
CSAN.US,D,20240104,000000,15.44,15.57,15.38,15.49,241085,0
CSAN.US,D,20240105,000000,15.63,15.9,15.6,15.7,138014,0
CSAN.US,D,20240108,000000,15.69,15.98,15.67,15.93,169748,0
CSAN.US,D,20240109,000000,15.94,16.03,15.81,15.81,141898,0
CSAN.US,D,20240110,000000,15.73,15.81,15.6,15.69,232584,0
CSAN.US,D,20240111,000000,15.95,16.069,15.76,15.77,234892,0
CSAN.US,D,20240112,000000,16.305,16.45,16,16.06,161792,0
CSAN.US,D,20240116,000000,15.53,15.56,14.945,14.95,295058,0
CSAN.US,D,20240117,000000,14.7,14.86,14.675,14.75,166408,0
CSAN.US,D,20240118,000000,14.56,14.58,14.31,14.53,289424,0
CSAN.US,D,20240119,000000,14.33,14.74,14.19,14.68,230473,0
CSAN.US,D,20240122,000000,14.59,14.78,14.37,14.46,227159,0
CSAN.US,D,20240123,000000,14.79,15.06,14.6,14.93,147122,0
CSAN.US,D,20240124,000000,15.26,15.27,14.89,14.9,217016,0
CSAN.US,D,20240125,000000,14.99,15.16,14.91,15.05,199685,0
CSAN.US,D,20240126,000000,15.06,15.16,14.97,15.12,80414,0
CSAN.US,D,20240129,000000,15.11,15.12,14.64,14.82,210252,0
CSAN.US,D,20240130,000000,14.68,14.785,14.42,14.72,247677,0
CSAN.US,D,20240131,000000,14.95,15.22,14.755,14.78,214627,0
CSAN.US,D,20240201,000000,14.9,15.11,14.77,15.09,236207,0
CSAN.US,D,20240202,000000,14.85,14.9,14.47,14.49,250506,0
CSAN.US,D,20240205,000000,14.49,14.62,14.23,14.54,209135,0
CSAN.US,D,20240206,000000,14.74,15,14.71,14.96,279339,0
CSAN.US,D,20240207,000000,15.02,15.17,14.89,14.91,163513,0
CSAN.US,D,20240208,000000,14.8,14.81,14.55,14.7,204996,0
CSAN.US,D,20240209,000000,14.8,15.1,14.665,14.9,265601,0
CSAN.US,D,20240212,000000,14.84,14.99,14.755,14.89,178290,0
CSAN.US,D,20240213,000000,14.6,14.6,13.89,13.96,198703,0
CSAN.US,D,20240214,000000,14.03,14.79,14,14.58,545841,0
CSAN.US,D,20240215,000000,14.89,14.98,14.83,14.85,373616,0
CSAN.US,D,20240216,000000,15.01,15.24,14.88,15.19,213582,0
CSAN.US,D,20240220,000000,15.13,15.25,15.06,15.08,251760,0
CSAN.US,D,20240221,000000,15.04,15.12,14.85,14.97,189281,0
CSAN.US,D,20240222,000000,14.89,14.89,14.55,14.57,131575,0
CSAN.US,D,20240223,000000,14.43,14.49,14.19,14.21,177119,0
CSAN.US,D,20240226,000000,14.33,14.425,14.19,14.33,168857,0
CSAN.US,D,20240227,000000,14.62,14.81,14.62,14.74,119966,0
CSAN.US,D,20240228,000000,14.43,14.44,14.03,14.07,162527,0
CSAN.US,D,20240229,000000,13.74,13.82,13.57,13.72,303627,0
CSAN.US,D,20240301,000000,13.63,13.71,13.475,13.6,328537,0
CSAN.US,D,20240304,000000,13.56,13.57,13.41,13.42,186392,0
CSAN.US,D,20240305,000000,13.18,13.31,13.12,13.21,211316,0
CSAN.US,D,20240306,000000,13.22,13.3,13.0702,13.1,291717,0
CSAN.US,D,20240307,000000,13.19,13.22,12.98,13.06,211274,0
CSAN.US,D,20240308,000000,13.06,13.28,13.055,13.19,226609,0
CSAN.US,D,20240311,000000,13.22,13.45,13.21,13.28,200160,0
CSAN.US,D,20240312,000000,13.34,13.45,13.25,13.38,138876,0
CSAN.US,D,20240313,000000,13.39,13.52,13.33,13.4,188646,0
CSAN.US,D,20240314,000000,13.4,13.45,13.25,13.28,160036,0
CSAN.US,D,20240315,000000,13.37,13.42,13.07,13.08,182595,0
CSAN.US,D,20240318,000000,13.11,13.16,12.92,12.92,156074,0
CSAN.US,D,20240319,000000,12.98,13.21,12.97,13.13,83190,0
CSAN.US,D,20240320,000000,13.13,13.5,13.13,13.45,251311,0
CSAN.US,D,20240321,000000,13.43,13.43,13.2413,13.3,109704,0
CSAN.US,D,20240322,000000,13.17,13.26,13.08,13.11,83431,0
CSAN.US,D,20240325,000000,13.01,13.07,12.948,13.03,130802,0
CSAN.US,D,20240326,000000,12.94,12.95,12.81,12.83,255866,0
CSAN.US,D,20240327,000000,12.82,13.03,12.705,13.02,572315,0
CSAN.US,D,20240328,000000,13.12,13.24,12.78,12.95,413153,0
CSAN.US,D,20240401,000000,12.94,12.94,12.3622,12.5,762574,0
CSAN.US,D,20240402,000000,12.45,12.54,12.19,12.26,814812,0
CSAN.US,D,20240403,000000,12.13,12.32,12.015,12.31,1096522,0
CSAN.US,D,20240404,000000,12.43,12.6799,12.17,12.21,669292,0
CSAN.US,D,20240405,000000,12.24,12.25,11.985,12.05,640857,0
CSAN.US,D,20240408,000000,12.06,12.58,12.06,12.51,488453,0
CSAN.US,D,20240409,000000,12.77,12.77,12.5701,12.65,719419,0
CSAN.US,D,20240410,000000,12.35,12.4,12.2,12.3,441990,0
CSAN.US,D,20240411,000000,12.15,12.15,11.79,11.8,809317,0
CSAN.US,D,20240412,000000,11.7,11.91,11.64,11.65,479075,0
CSAN.US,D,20240415,000000,11.34,11.43,10.99,11.15,715973,0
CSAN.US,D,20240416,000000,10.84,10.92,10.7,10.72,593271,0
CSAN.US,D,20240417,000000,10.87,11.09,10.82,10.92,530496,0
CSAN.US,D,20240418,000000,10.99,11.18,10.8,10.91,602346,0
CSAN.US,D,20240419,000000,10.99,11.11,10.99,11.08,249899,0
CSAN.US,D,20240422,000000,11.1,11.4,11.04,11.24,584297,0
CSAN.US,D,20240423,000000,11.13,11.405,11.09,11.25,1046031,0
CSAN.US,D,20240424,000000,11.22,11.25,11.03,11.14,1022321,0
CSAN.US,D,20240425,000000,10.98,11.17,10.965,11.07,230289,0
CSAN.US,D,20240426,000000,11.37,11.595,11.37,11.43,287734,0
CSAN.US,D,20240429,000000,11.44,11.52,11.35,11.41,315094,0
CSAN.US,D,20240430,000000,11.22,11.3,11.09,11.09,218876,0
CSAN.US,D,20240501,000000,11.05,11.36,11.005,11.18,209955,0
CSAN.US,D,20240502,000000,11.52,11.61,11.31,11.33,547012,0
CSAN.US,D,20240503,000000,11.7,11.75,11.47,11.56,358638,0
CSAN.US,D,20240506,000000,11.5,11.6,11.1821,11.2,550552,0
CSAN.US,D,20240507,000000,11.32,11.575,11.32,11.46,321712,0
CSAN.US,D,20240508,000000,11.34,11.545,11.34,11.5,249534,0
CSAN.US,D,20240509,000000,11.14,11.34,10.99,11.25,432401,0
CSAN.US,D,20240510,000000,11.32,11.33,11.05,11.06,306534,0
CSAN.US,D,20240513,000000,11.15,11.2376,11.01,11.17,403656,0
CSAN.US,D,20240514,000000,11.21,11.2899,11.145,11.19,231978,0
CSAN.US,D,20240515,000000,11.18,11.275,11.045,11.15,274926,0
CSAN.US,D,20240516,000000,11.25,11.28,11.11,11.23,319664,0
CSAN.US,D,20240517,000000,11.22,11.22,11.04,11.14,311040,0
CSAN.US,D,20240520,000000,11.08,11.3,11.04,11.23,547983,0
CSAN.US,D,20240521,000000,11.27,11.4,11.16,11.21,276226,0
CSAN.US,D,20240522,000000,11.13,11.18,10.875,10.89,294420,0
CSAN.US,D,20240523,000000,10.95,10.99,10.715,10.72,266571,0
CSAN.US,D,20240524,000000,10.95,11.029,10.78,10.79,263883,0
CSAN.US,D,20240528,000000,10.95,10.9933,10.67,10.71,221112,0
CSAN.US,D,20240529,000000,10.52,10.715,10.47,10.6,482634,0
CSAN.US,D,20240530,000000,10.58,10.715,10.38,10.62,300637,0
CSAN.US,D,20240531,000000,10.73,10.78,10.41,10.48,450239,0
CSAN.US,D,20240603,000000,10.38,10.56,10.33,10.41,339913,0
CSAN.US,D,20240604,000000,10.22,10.25,10.03,10.09,510199,0
CSAN.US,D,20240605,000000,10.09,10.1,9.925,9.96,373406,0
CSAN.US,D,20240606,000000,9.95,10.27,9.935,10.27,339019,0
CSAN.US,D,20240607,000000,10.02,10.16,9.84,9.91,417305,0
CSAN.US,D,20240610,000000,9.51,9.58,9.38,9.47,285783,0
CSAN.US,D,20240611,000000,9.56,9.61,9.44,9.54,262421,0
CSAN.US,D,20240612,000000,9.48,9.5,9.075,9.11,733018,0
CSAN.US,D,20240613,000000,9.15,9.3261,9.06,9.23,542002,0
CSAN.US,D,20240614,000000,9.15,9.5092,9.15,9.45,409929,0
CSAN.US,D,20240617,000000,9.3,9.3,9.17,9.19,481968,0
CSAN.US,D,20240618,000000,9.18,9.39,9.15,9.17,470691,0
CSAN.US,D,20240620,000000,9.42,9.515,9.21,9.25,511014,0
CSAN.US,D,20240621,000000,9.35,9.54,9.33,9.5,432024,0
CSAN.US,D,20240624,000000,9.68,9.85,9.61,9.78,453123,0
CSAN.US,D,20240625,000000,9.81,9.8206,9.575,9.65,414753,0
CSAN.US,D,20240626,000000,9.51,9.74,9.48,9.66,426216,0
CSAN.US,D,20240627,000000,9.74,10.01,9.65,9.97,417773,0
CSAN.US,D,20240628,000000,9.91,9.91,9.6,9.74,512636,0
CSAN.US,D,20240701,000000,9.81,9.89,9.59,9.62,484816,0
CSAN.US,D,20240702,000000,9.61,9.68,9.45,9.54,454061,0
CSAN.US,D,20240703,000000,9.82,10.075,9.785,10.07,286948,0
CSAN.US,D,20240705,000000,10.31,10.35,10.14,10.33,677919,0
CSAN.US,D,20240708,000000,10.19,10.265,10.07,10.14,308288,0
CSAN.US,D,20240709,000000,10.15,10.45,10.15,10.38,364940,0
CSAN.US,D,20240710,000000,10.59,10.59,10.271,10.36,335362,0
CSAN.US,D,20240711,000000,10.52,10.61,10.38,10.49,476170,0
CSAN.US,D,20240712,000000,10.36,10.52,10.31,10.5,346652,0
CSAN.US,D,20240715,000000,10.49,10.51,10.34,10.5,348256,0
CSAN.US,D,20240716,000000,10.59,10.64,10.39,10.54,284802,0
CSAN.US,D,20240717,000000,10.45,10.535,10.375,10.44,593484,0
CSAN.US,D,20240718,000000,10.18,10.23,9.86,9.87,866745,0
CSAN.US,D,20240719,000000,10.11,10.15,9.91,9.93,1184605,0
CSAN.US,D,20240722,000000,10,10.155,9.98,10.02,189969,0
CSAN.US,D,20240723,000000,9.93,9.95,9.76,9.79,188022,0
CSAN.US,D,20240724,000000,9.63,9.75,9.53,9.54,323198,0
CSAN.US,D,20240725,000000,9.49,9.67,9.445,9.55,199253,0
CSAN.US,D,20240726,000000,9.51,9.815,9.48,9.67,912556,0
CSAN.US,D,20240729,000000,9.63,9.65,9.455,9.56,247716,0
CSAN.US,D,20240730,000000,9.41,9.5293,9.39,9.51,388416,0
CSAN.US,D,20240731,000000,9.51,9.575,9.355,9.42,513476,0
CSAN.US,D,20240801,000000,9.49,9.57,9.06,9.09,489528,0
CSAN.US,D,20240802,000000,9.18,9.18,8.93,9.04,863375,0
CSAN.US,D,20240805,000000,8.72,8.97,8.685,8.89,522647,0
CSAN.US,D,20240806,000000,8.96,9.285,8.865,9.16,682701,0
CSAN.US,D,20240807,000000,9.24,9.34,9.13,9.28,636481,0
CSAN.US,D,20240808,000000,9.35,9.545,9.27,9.52,446828,0
CSAN.US,D,20240809,000000,9.76,9.87,9.635,9.78,455945,0
CSAN.US,D,20240812,000000,9.93,9.96,9.73,9.78,353525,0
CSAN.US,D,20240813,000000,9.89,10.06,9.84,10.01,592488,0
CSAN.US,D,20240814,000000,9.85,9.94,9.755,9.82,684832,0
CSAN.US,D,20240815,000000,9.8,10.12,9.8,10,939625,0
CSAN.US,D,20240816,000000,10.11,10.12,9.79,9.85,331769,0
CSAN.US,D,20240819,000000,9.9,10.36,9.8801,10.33,385939,0
CSAN.US,D,20240820,000000,10.17,10.22,10.065,10.11,324592,0
CSAN.US,D,20240821,000000,10.3,10.34,10.085,10.17,584679,0
CSAN.US,D,20240822,000000,10,10.04,9.77,9.79,323032,0
CSAN.US,D,20240823,000000,10,10.265,9.875,10.15,439072,0
CSAN.US,D,20240826,000000,10.16,10.275,10.11,10.19,678498,0
CSAN.US,D,20240827,000000,10.22,10.269,10.105,10.12,393152,0
CSAN.US,D,20240828,000000,9.93,9.95,9.75,9.83,214331,0
CSAN.US,D,20240829,000000,9.68,9.68,9.46,9.56,322290,0
CSAN.US,D,20240830,000000,9.37,9.53,9.335,9.5,567521,0
CSAN.US,D,20240903,000000,9.42,9.43,9.23,9.28,776585,0
CSAN.US,D,20240904,000000,9.38,9.5691,9.35,9.5,483666,0
CSAN.US,D,20240905,000000,9.57,9.6,9.43,9.58,479075,0
CSAN.US,D,20240906,000000,9.63,9.64,9.19,9.23,431695,0
CSAN.US,D,20240909,000000,9.21,9.25,9.105,9.11,539547,0
CSAN.US,D,20240910,000000,9.05,9.055,8.76,8.85,556421,0
CSAN.US,D,20240911,000000,9.02,9.165,8.86,9.13,562782,0
CSAN.US,D,20240912,000000,8.98,9.21,8.97,9.2,879489,0
CSAN.US,D,20240913,000000,9.38,9.53,9.3433,9.38,464855,0
CSAN.US,D,20240916,000000,9.51,9.58,9.41,9.52,424895,0
CSAN.US,D,20240917,000000,9.62,9.74,9.545,9.7,647354,0
CSAN.US,D,20240918,000000,9.74,9.87,9.53,9.56,720131,0
CSAN.US,D,20240919,000000,9.75,9.76,9.53,9.56,379306,0
CSAN.US,D,20240920,000000,9.44,9.45,8.98,9,542944,0
CSAN.US,D,20240923,000000,8.94,8.95,8.82,8.85,612189,0
CSAN.US,D,20240924,000000,9.23,9.3583,9.16,9.29,648751,0
CSAN.US,D,20240925,000000,9.26,9.26,9.085,9.12,780933,0
CSAN.US,D,20240926,000000,9.42,9.565,9.3,9.49,526909,0
CSAN.US,D,20240927,000000,9.57,9.72,9.47,9.67,979027,0
CSAN.US,D,20240930,000000,9.68,9.78,9.54,9.56,594591,0
CSAN.US,D,20241001,000000,9.58,9.775,9.475,9.77,957189,0
CSAN.US,D,20241002,000000,10.05,10.12,9.88,9.9,544027,0
CSAN.US,D,20241003,000000,9.58,9.58,9.32,9.55,432717,0
CSAN.US,D,20241004,000000,9.52,9.65,9.4534,9.63,438384,0
CSAN.US,D,20241007,000000,9.6,9.76,9.42,9.49,328573,0
CSAN.US,D,20241008,000000,9.31,9.33,9.15,9.23,734549,0
CSAN.US,D,20241009,000000,9.02,9.12,8.785,8.86,1017811,0
CSAN.US,D,20241010,000000,8.82,8.96,8.755,8.9,522286,0
CSAN.US,D,20241011,000000,8.7,8.71,8.465,8.62,704227,0
CSAN.US,D,20241014,000000,8.58,8.7887,8.54,8.76,461842,0
CSAN.US,D,20241015,000000,8.64,8.65,8.51,8.52,607393,0
CSAN.US,D,20241016,000000,8.44,8.615,8.41,8.53,479588,0
CSAN.US,D,20241017,000000,8.35,8.45,8.295,8.44,517190,0
CSAN.US,D,20241018,000000,8.52,8.52,8.27,8.28,321013,0
CSAN.US,D,20241021,000000,8.27,8.29,8.2,8.2,548497,0
CSAN.US,D,20241022,000000,8.2,8.235,8.03,8.16,691517,0
CSAN.US,D,20241023,000000,8.09,8.195,8.01,8.16,607325,0
CSAN.US,D,20241024,000000,8.15,8.296,8.09,8.28,329250,0
CSAN.US,D,20241025,000000,8.2,8.27,8.15,8.21,437463,0
CSAN.US,D,20241028,000000,8.32,8.61,8.315,8.46,584725,0
CSAN.US,D,20241029,000000,8.46,8.525,8.33,8.33,523889,0
CSAN.US,D,20241030,000000,8.36,8.5,8.32,8.33,475233,0
CSAN.US,D,20241031,000000,8.34,8.375,8.13,8.13,442556,0
CSAN.US,D,20241101,000000,8.07,8.13,7.8,7.81,638525,0
CSAN.US,D,20241104,000000,8.09,8.43,8.09,8.31,599749,0
CSAN.US,D,20241105,000000,8.16,8.3899,8.15,8.3,463901,0
CSAN.US,D,20241106,000000,8.18,8.5,8.14,8.44,436922,0
CSAN.US,D,20241107,000000,8.58,8.64,8.43,8.43,359952,0
CSAN.US,D,20241108,000000,8.19,8.2,7.975,8.14,415196,0
CSAN.US,D,20241111,000000,7.92,8.1,7.89,8.07,677823,0
CSAN.US,D,20241112,000000,7.86,7.93,7.775,7.87,586192,0
CSAN.US,D,20241113,000000,7.81,7.88,7.73,7.82,590616,0
CSAN.US,D,20241114,000000,7.91,8.0084,7.75,7.78,542012,0
CSAN.US,D,20241115,000000,8.0258,8.15,7.85,7.86,429192,0
CSAN.US,D,20241118,000000,7.91,8.06,7.69,7.73,1000282,0
CSAN.US,D,20241119,000000,7.6,7.74,7.58,7.63,511413,0
CSAN.US,D,20241120,000000,7.645,7.71,7.59,7.61,311937,0
CSAN.US,D,20241121,000000,7.35,7.41,7.22,7.22,1041383,0
CSAN.US,D,20241122,000000,7.42,7.735,7.405,7.6,1323408,0
CSAN.US,D,20241125,000000,7.79,7.815,7.61,7.73,569328,0
CSAN.US,D,20241126,000000,7.74,7.745,7.535,7.61,498747,0
CSAN.US,D,20241127,000000,7.54,7.62,7.29,7.32,1214187,0
CSAN.US,D,20241129,000000,6.28,6.79,6.23,6.61,1932156,0
CSAN.US,D,20241202,000000,6.6,6.7398,6.54,6.57,1038723,0
CSAN.US,D,20241203,000000,6.52,6.57,6.43,6.56,944496,0
CSAN.US,D,20241204,000000,6.51,6.575,6.39,6.48,1226126,0
CSAN.US,D,20241205,000000,6.65,6.6833,6.4617,6.5,939859,0
CSAN.US,D,20241206,000000,6.39,6.3978,6.0797,6.19,1334437,0
CSAN.US,D,20241209,000000,6.29,6.39,6.15,6.16,1113977,0
CSAN.US,D,20241210,000000,6.29,6.39,6.22,6.35,913120,0
CSAN.US,D,20241211,000000,6.34,6.685,6.1501,6.53,2307266,0
CSAN.US,D,20241212,000000,6.32,6.33,6.02,6.12,1473647,0
CSAN.US,D,20241213,000000,6.0705,6.08,5.9,5.91,1419993,0
CSAN.US,D,20241216,000000,5.79,5.925,5.63,5.67,1485731,0
CSAN.US,D,20241217,000000,5.64,5.89,5.57,5.85,1439780,0
CSAN.US,D,20241218,000000,5.63,5.645,5.295,5.37,2343247,0
CSAN.US,D,20241219,000000,5.48,5.555,5.395,5.45,1362264,0
CSAN.US,D,20241220,000000,5.52,5.698244,5.42,5.62,1408775,0
CSAN.US,D,20241223,000000,5.58,5.605,5.5,5.59,1138917,0
CSAN.US,D,20241224,000000,5.61,5.61,5.55,5.6,88254,0
CSAN.US,D,20241226,000000,5.5,5.615,5.46,5.51,909429,0
CSAN.US,D,20241227,000000,5.4,5.5099,5.315,5.38,1381977,0
CSAN.US,D,20241230,000000,5.37,5.39,5.245,5.37,1266818,0
CSAN.US,D,20241231,000000,5.37,5.495,5.37,5.44,876450,0
CSAN.US,D,20250102,000000,5.2,5.48,5.09,5.34,1465939,0
CSAN.US,D,20250103,000000,5.26,5.32,5.21,5.23,1226618,0
CSAN.US,D,20250106,000000,5.425,5.635,5.37,5.56,1146223,0
CSAN.US,D,20250107,000000,5.57,5.79,5.56,5.61,1590506,0
CSAN.US,D,20250108,000000,5.455,5.46,5.35,5.4,1265385,0
CSAN.US,D,20250110,000000,5.43,5.43,5.265,5.28,655771,0
