<TICKER>,<PER>,<DATE>,<TIME>,<OPEN>,<HIGH>,<LOW>,<CLOSE>,<VOL>,<OPENINT>
EVTL.US,D,20211217,000000,11.16,13.43,10.2334,12.84,860023,0
EVTL.US,D,20211220,000000,11.675,12.67,11.03,11.18,460115,0
EVTL.US,D,20211221,000000,11.79,11.79,8.54,9.15,467174,0
EVTL.US,D,20211222,000000,9.15,18.44,9.15,10.14,2544629,0
EVTL.US,D,20211223,000000,10.24,10.94,9.3975,10.05,489479,0
EVTL.US,D,20211227,000000,9.47,10.16,9.04,9.17,390407,0
EVTL.US,D,20211228,000000,9.36,9.36,8.5,8.61,181251,0
EVTL.US,D,20211229,000000,8.9,8.9,7.16,7.34,394531,0
EVTL.US,D,20211230,000000,7.26,7.39,6.76,7.04,317417,0
EVTL.US,D,20211231,000000,7.08,7.18,6.73,6.73,257374,0
EVTL.US,D,20220103,000000,6.98,7.3899,6.81,6.88,136601,0
EVTL.US,D,20220104,000000,6.99,7.25,6.8,7.01,124093,0
EVTL.US,D,20220105,000000,7.28,12.64,7.05,9.05,8554367,0
EVTL.US,D,20220106,000000,8.42,9.75,8.24,8.7,1086348,0
EVTL.US,D,20220107,000000,8.53,9.31,8.53,8.87,365912,0
EVTL.US,D,20220110,000000,9.04,9.85,8.75,9.66,500447,0
EVTL.US,D,20220111,000000,10,10.69,9.3745,10.3,484074,0
EVTL.US,D,20220112,000000,10.08,10.48,9,9.06,150589,0
EVTL.US,D,20220113,000000,8.95,9.46,8.95,9.05,453448,0
EVTL.US,D,20220114,000000,9.32,9.4397,8.5,8.69,179834,0
EVTL.US,D,20220118,000000,8.4,8.9,7.1,7.63,419968,0
EVTL.US,D,20220119,000000,7.51,7.87,7.19,7.36,171103,0
EVTL.US,D,20220120,000000,7.4,10.7199,7.4,8.22,9554076,0
EVTL.US,D,20220121,000000,7.79,8.44,7.68,8.21,600075,0
EVTL.US,D,20220124,000000,7.95,8.5038,7.15,7.52,407039,0
EVTL.US,D,20220125,000000,7.49,8.38,7.4,8.01,236040,0
EVTL.US,D,20220126,000000,8.15,8.7,8.01,8.45,318787,0
EVTL.US,D,20220127,000000,8.68,8.68,8,8.02,130528,0
EVTL.US,D,20220128,000000,7.75,7.9,7.0748,7.55,528560,0
EVTL.US,D,20220131,000000,7.43,7.6275,7.25,7.5,182518,0
EVTL.US,D,20220201,000000,7.6,7.79,7.39,7.67,178662,0
EVTL.US,D,20220202,000000,7.5,7.6,7.05,7.1,182749,0
EVTL.US,D,20220203,000000,7.12,7.33,7.0154,7.06,79846,0
EVTL.US,D,20220204,000000,7.01,7.61,7,7.54,101866,0
EVTL.US,D,20220207,000000,7.49,7.79,7.17,7.52,127062,0
EVTL.US,D,20220208,000000,7.46,7.69,7.37,7.51,132282,0
EVTL.US,D,20220209,000000,7.35,7.6,7.1303,7.31,107365,0
EVTL.US,D,20220210,000000,7.14,7.4899,7.04,7.14,97336,0
EVTL.US,D,20220211,000000,7.15,7.4,7.06,7.25,66755,0
EVTL.US,D,20220214,000000,7.29,7.43,6.88,7.01,141310,0
EVTL.US,D,20220215,000000,6.9,7.24,6.9,7.08,83617,0
EVTL.US,D,20220216,000000,7.5,7.55,7.12,7.41,173182,0
EVTL.US,D,20220217,000000,7.05,7.61,7.05,7.61,126477,0
EVTL.US,D,20220218,000000,7.48,7.64,7.3,7.46,111160,0
EVTL.US,D,20220222,000000,7.3,7.4,7.03,7.26,113250,0
EVTL.US,D,20220223,000000,7.08,7.37,6.8,6.82,68770,0
EVTL.US,D,20220224,000000,6.74,7.23,6.66,7.06,102023,0
EVTL.US,D,20220225,000000,6.86,7.4,6.86,7.1,159704,0
EVTL.US,D,20220228,000000,7.09,7.45,7.01,7.41,96885,0
EVTL.US,D,20220301,000000,7.23,7.57,7.2,7.44,328961,0
EVTL.US,D,20220302,000000,7.48,7.5,7.21,7.48,60421,0
EVTL.US,D,20220303,000000,7.48,7.49,7,7.44,106981,0
EVTL.US,D,20220304,000000,7.4,7.48,6.78,6.78,111484,0
EVTL.US,D,20220307,000000,6.75,7.06,6.45,6.49,41365,0
EVTL.US,D,20220308,000000,6.4,6.84,6.29,6.74,30037,0
EVTL.US,D,20220309,000000,6.81,6.98,6.63,6.87,120356,0
EVTL.US,D,20220310,000000,6.8,7,6.68,6.97,37148,0
EVTL.US,D,20220311,000000,6.89,7.215,6.69,7.1,35594,0
EVTL.US,D,20220314,000000,7.18,7.19,6.7,6.91,37547,0
EVTL.US,D,20220315,000000,7.08,7.08,6.9,7.03,17385,0
EVTL.US,D,20220316,000000,7.1,7.45,7.08,7.44,51908,0
EVTL.US,D,20220317,000000,7.44,7.5,7.064,7.41,65253,0
EVTL.US,D,20220318,000000,7.4,7.52,7.26,7.38,105904,0
EVTL.US,D,20220321,000000,7.27,7.5,7.2,7.46,59650,0
EVTL.US,D,20220322,000000,7.49,7.5,7.3,7.49,19678,0
EVTL.US,D,20220323,000000,7.49,7.58,7.3665,7.48,86827,0
EVTL.US,D,20220324,000000,7.5,7.62,7.3116,7.39,42302,0
EVTL.US,D,20220325,000000,7.42,7.5,7.21,7.27,28591,0
EVTL.US,D,20220328,000000,7.48,7.48,6.93,6.93,27843,0
EVTL.US,D,20220329,000000,7.735,7.735,7.17,7.21,223557,0
EVTL.US,D,20220330,000000,7.4,7.4865,7.15,7.21,72128,0
EVTL.US,D,20220331,000000,7.43,7.43,6.95,6.97,31245,0
EVTL.US,D,20220401,000000,7.04,7.267,6.95,6.99,36431,0
EVTL.US,D,20220404,000000,7.1,7.33,7.015,7.11,34707,0
EVTL.US,D,20220405,000000,7.36,7.36,6.9,7.17,29881,0
EVTL.US,D,20220406,000000,7.11,7.19,6.9,7.05,22444,0
EVTL.US,D,20220407,000000,6.93,7.29,6.93,7.29,27744,0
EVTL.US,D,20220408,000000,7.27,7.33,7.07,7.29,21551,0
EVTL.US,D,20220411,000000,7.29,7.5,7.2576,7.5,39038,0
EVTL.US,D,20220412,000000,7.41,11.95,7.2553,9.82,18479380,0
EVTL.US,D,20220413,000000,8.7,9.75,8,8.63,2386169,0
EVTL.US,D,20220414,000000,8.6,9.13,8.07,8.21,750613,0
EVTL.US,D,20220418,000000,8.02,8.41,7.07,8.09,477730,0
EVTL.US,D,20220419,000000,8.04,8.19,7.86,7.88,260985,0
EVTL.US,D,20220420,000000,7.9,8.05,7.41,7.64,207922,0
EVTL.US,D,20220421,000000,8.4,8.4,7.2701,7.29,169219,0
EVTL.US,D,20220422,000000,7.25,7.6,6.81,6.82,186662,0
EVTL.US,D,20220425,000000,6.99,7.45,6.9038,7.4,134196,0
EVTL.US,D,20220426,000000,7.66,7.66,7.2112,7.23,41936,0
EVTL.US,D,20220427,000000,7.32,7.5323,7.2,7.35,53711,0
EVTL.US,D,20220428,000000,7.38,7.55,7.2,7.5,57497,0
EVTL.US,D,20220429,000000,7.43,7.55,7.2677,7.27,48049,0
EVTL.US,D,20220502,000000,7.52,7.52,7.17,7.33,47695,0
EVTL.US,D,20220503,000000,7.46,7.48,7.32,7.41,17136,0
EVTL.US,D,20220504,000000,7.41,8,7.25,7.75,71859,0
EVTL.US,D,20220505,000000,7.56,7.77,7.5134,7.6,58715,0
EVTL.US,D,20220506,000000,7.53,7.715,7.12,7.14,19122,0
EVTL.US,D,20220509,000000,7.15,7.1947,6.72,6.76,74947,0
EVTL.US,D,20220510,000000,6.86,6.86,5.92,6.09,110560,0
EVTL.US,D,20220511,000000,6.03,6.3616,5.8,6.03,93815,0
EVTL.US,D,20220512,000000,6.12,6.4,5.8678,6,84028,0
EVTL.US,D,20220513,000000,6,6.3,6,6.19,21678,0
EVTL.US,D,20220516,000000,6.25,6.44,6.02,6.15,30430,0
EVTL.US,D,20220517,000000,6.16,6.32,6.01,6.07,19395,0
EVTL.US,D,20220518,000000,6.14,6.34,6.1,6.34,56552,0
EVTL.US,D,20220519,000000,6.38,6.6,6.34,6.47,40082,0
EVTL.US,D,20220520,000000,6.52,6.52,5.84,5.92,29760,0
EVTL.US,D,20220523,000000,5.98,6.05,5.35,5.42,112915,0
EVTL.US,D,20220524,000000,5.4,5.42,4.9107,4.98,43115,0
EVTL.US,D,20220525,000000,5.04,5.15,4.7101,4.86,41905,0
EVTL.US,D,20220526,000000,4.95,5.21,4.88,5.07,43369,0
EVTL.US,D,20220527,000000,5.13,5.38,5.07,5.33,40322,0
EVTL.US,D,20220531,000000,5.33,5.4599,5,5.18,38423,0
EVTL.US,D,20220601,000000,5.16,5.3,4.9,5.04,30616,0
EVTL.US,D,20220602,000000,5.04,5.25,5.04,5.14,30995,0
EVTL.US,D,20220603,000000,5.26,5.37,4.73,4.79,79083,0
EVTL.US,D,20220606,000000,5.05,5.15,4.7,4.82,64318,0
EVTL.US,D,20220607,000000,4.74,5.05,4.7,4.79,101425,0
EVTL.US,D,20220608,000000,4.72,4.9,4.6,4.77,63064,0
EVTL.US,D,20220609,000000,4.78,4.99,4.5336,4.82,55006,0
EVTL.US,D,20220610,000000,4.95,4.95,4.43,4.86,76953,0
EVTL.US,D,20220613,000000,4.7,5.3,4.46,4.69,332852,0
EVTL.US,D,20220614,000000,4.6,5,4.43,4.58,411991,0
EVTL.US,D,20220615,000000,4.77,4.77,4.23,4.4,152320,0
EVTL.US,D,20220616,000000,4.25,4.65,4.25,4.52,39335,0
EVTL.US,D,20220617,000000,4.53,4.565,4.3,4.35,31135,0
EVTL.US,D,20220621,000000,4.37,4.4771,3.95,4.13,79052,0
EVTL.US,D,20220622,000000,4.13,4.18,3.95,4.13,180707,0
EVTL.US,D,20220623,000000,4.08,4.08,3.66,3.9,58912,0
EVTL.US,D,20220624,000000,4.02,4.1,3.78,3.88,38830,0
EVTL.US,D,20220627,000000,3.94,4.09,3.75,3.8,31373,0
EVTL.US,D,20220628,000000,3.99,3.99,3.35,3.42,72041,0
EVTL.US,D,20220629,000000,3.46,3.46,3.35,3.38,47792,0
EVTL.US,D,20220630,000000,3.38,3.38,3.1,3.15,80805,0
EVTL.US,D,20220701,000000,3.2,3.2,2.8,3.01,87718,0
EVTL.US,D,20220705,000000,3.05,3.1099,2.86,2.95,39118,0
EVTL.US,D,20220706,000000,2.93,2.93,2.72,2.81,112535,0
EVTL.US,D,20220707,000000,2.8,2.95,2.8,2.86,97334,0
EVTL.US,D,20220708,000000,2.89,2.94,2.75,2.84,66891,0
EVTL.US,D,20220711,000000,2.98,3.07,2.86,3.04,91871,0
EVTL.US,D,20220712,000000,3.01,3.08,2.95,3.04,57664,0
EVTL.US,D,20220713,000000,2.93,3.02,2.83,2.94,27513,0
EVTL.US,D,20220714,000000,3,3,2.86,2.9,25892,0
EVTL.US,D,20220715,000000,3.52,5.39,3.25,5,73867792,0
EVTL.US,D,20220718,000000,5.25,6.05,4.58,5.19,34954358,0
EVTL.US,D,20220719,000000,5,5.65,4.79,5.51,6560544,0
EVTL.US,D,20220720,000000,5.49,6.45,5.49,6.01,6162790,0
EVTL.US,D,20220721,000000,6.27,8.96,6.13,8.07,20124211,0
EVTL.US,D,20220722,000000,8.08,8.3,6.52,6.9,3174944,0
EVTL.US,D,20220725,000000,6.7,8.31,6.7,8.2,4726381,0
EVTL.US,D,20220726,000000,8.02,8.24,7.5,8.04,1900713,0
EVTL.US,D,20220727,000000,8.488,8.9999,7.4,7.99,2451485,0
EVTL.US,D,20220728,000000,7.75,8.949,7.75,8.65,1854789,0
EVTL.US,D,20220729,000000,8.87,9.19,7.98,8.04,1219012,0
EVTL.US,D,20220801,000000,8.04,8.42,7.85,8.02,834375,0
EVTL.US,D,20220802,000000,7.81,8.9,7.72,8.41,714346,0
EVTL.US,D,20220803,000000,8.5,8.55,8.02,8.19,329313,0
EVTL.US,D,20220804,000000,8.33,8.4625,7.95,8.01,273406,0
EVTL.US,D,20220805,000000,8.2,8.27,7.81,8.04,274519,0
EVTL.US,D,20220808,000000,8.24,9.11,7.92,8.06,989157,0
EVTL.US,D,20220809,000000,8.23,8.53,7.82,8.18,310712,0
EVTL.US,D,20220810,000000,8.35,8.9,8.0001,8.05,484904,0
EVTL.US,D,20220811,000000,8.26,8.29,7.83,8.03,280512,0
EVTL.US,D,20220812,000000,8.1,8.22,7.87,7.98,305048,0
EVTL.US,D,20220815,000000,7.96,8.15,7.26,7.55,506165,0
EVTL.US,D,20220816,000000,7.67,7.67,6.93,7.32,351846,0
EVTL.US,D,20220817,000000,7.3,7.34,6.95,7.22,104567,0
EVTL.US,D,20220818,000000,7.13,7.13,6.8,6.95,159096,0
EVTL.US,D,20220819,000000,6.8,7.1,6.28,6.35,242747,0
EVTL.US,D,20220822,000000,6.23,6.38,5.691,5.89,292856,0
EVTL.US,D,20220823,000000,5.91,6.25,5.8,6.03,195065,0
EVTL.US,D,20220824,000000,5.94,6.44,5.9,6.27,187140,0
EVTL.US,D,20220825,000000,6.29,6.5,5.99,6.09,132172,0
EVTL.US,D,20220826,000000,6.02,6.12,5.91,6.04,75327,0
EVTL.US,D,20220829,000000,5.9,5.97,5.6,5.63,122724,0
EVTL.US,D,20220830,000000,5.77,5.77,5.37,5.59,127483,0
EVTL.US,D,20220831,000000,5.56,6.25,5.56,5.61,230007,0
EVTL.US,D,20220901,000000,5.55,5.72,5.17,5.22,163165,0
EVTL.US,D,20220902,000000,5.24,5.3612,5.08,5.17,88133,0
EVTL.US,D,20220906,000000,5.25,5.3959,5.09,5.19,124094,0
EVTL.US,D,20220907,000000,5.18,5.27,5.02,5.18,80219,0
EVTL.US,D,20220908,000000,5.1,5.47,5.095,5.35,88665,0
EVTL.US,D,20220909,000000,5.41,5.8467,5.41,5.75,154814,0
EVTL.US,D,20220912,000000,5.8,5.93,5.3921,5.9,208462,0
EVTL.US,D,20220913,000000,5.83,5.94,5.47,5.58,78896,0
EVTL.US,D,20220914,000000,5.6,6.06,5.51,5.99,119961,0
EVTL.US,D,20220915,000000,5.95,6.22,5.8301,6.03,56185,0
EVTL.US,D,20220916,000000,5.93,6.18,5.66,6.18,144429,0
EVTL.US,D,20220919,000000,5.9,6.25,5.82,6.23,65849,0
EVTL.US,D,20220920,000000,6.05,6.1652,5.85,5.96,37684,0
EVTL.US,D,20220921,000000,5.95,6,5.75,5.88,113280,0
EVTL.US,D,20220922,000000,5.78,6.27,5.6312,6.27,114795,0
EVTL.US,D,20220923,000000,6.46,8.87,6.43,8.28,4695546,0
EVTL.US,D,20220926,000000,8.07,8.3,6.5,6.62,843978,0
EVTL.US,D,20220927,000000,6.83,7.39,6.65,7.24,926417,0
EVTL.US,D,20220928,000000,7.18,7.84,7.02,7.58,770533,0
EVTL.US,D,20220929,000000,7.35,9.79,7.35,9.64,3976520,0
EVTL.US,D,20220930,000000,9.2,9.55,8.55,9.36,1486811,0
EVTL.US,D,20221003,000000,9.08,10.25,8.92,9.69,692768,0
EVTL.US,D,20221004,000000,9.87,11.24,9.8299,10.76,1362353,0
EVTL.US,D,20221005,000000,10.88,11.47,10.47,11.05,747640,0
EVTL.US,D,20221006,000000,11.05,11.58,10.76,10.89,520335,0
EVTL.US,D,20221007,000000,10.65,10.86,10.2,10.32,629133,0
EVTL.US,D,20221010,000000,10.26,10.51,10.11,10.33,513197,0
EVTL.US,D,20221011,000000,10.26,10.26,9.44,10.12,454346,0
EVTL.US,D,20221012,000000,10.05,10.33,9.77,9.79,217204,0
EVTL.US,D,20221013,000000,9.72,10.43,9.37,10.08,298409,0
EVTL.US,D,20221014,000000,10.01,10.5,9.62,10.25,216853,0
EVTL.US,D,20221017,000000,10.41,10.4823,9.59,9.67,393439,0
EVTL.US,D,20221018,000000,9.58,9.85,9.23,9.25,408722,0
EVTL.US,D,20221019,000000,9.07,9.18,7.8,8.01,529100,0
EVTL.US,D,20221020,000000,7.9,8.02,7.16,7.29,366628,0
EVTL.US,D,20221021,000000,7.17,7.395,6.69,6.76,521203,0
EVTL.US,D,20221024,000000,6.72,6.76,6.1,6.3,352578,0
EVTL.US,D,20221025,000000,6.48,6.67,6.21,6.42,317286,0
EVTL.US,D,20221026,000000,6.29,6.41,5.57,5.76,450883,0
EVTL.US,D,20221027,000000,5.8,5.8,5.485,5.56,261334,0
EVTL.US,D,20221028,000000,5.45,5.5,5,5.16,434197,0
EVTL.US,D,20221031,000000,5.07,5.14,4.85,5.12,337797,0
EVTL.US,D,20221101,000000,5.21,5.21,4.55,4.66,392187,0
EVTL.US,D,20221102,000000,4.69,4.93,4.3992,4.58,303937,0
EVTL.US,D,20221103,000000,4.52,4.64,4.3118,4.41,221403,0
EVTL.US,D,20221104,000000,4.58,4.58,4.1,4.24,277734,0
EVTL.US,D,20221107,000000,4.23,4.43,4.03,4.25,269626,0
EVTL.US,D,20221108,000000,4.22,4.37,4.09,4.14,186419,0
EVTL.US,D,20221109,000000,4.08,4.12,3.58,3.74,268803,0
EVTL.US,D,20221110,000000,3.87,4.23,3.84,4.05,191519,0
EVTL.US,D,20221111,000000,4.1,4.1,3.82,3.96,185966,0
EVTL.US,D,20221114,000000,3.94,3.99,3.58,3.73,233748,0
EVTL.US,D,20221115,000000,3.8,4.13,3.7,4.1,402172,0
EVTL.US,D,20221116,000000,4.07,4.1,3.655,3.77,275090,0
EVTL.US,D,20221117,000000,3.76,3.87,3.66,3.74,136799,0
EVTL.US,D,20221118,000000,3.75,3.8631,3.6,3.67,215288,0
EVTL.US,D,20221121,000000,3.68,3.7,3.38,3.53,221772,0
EVTL.US,D,20221122,000000,3.52,3.6,3.32,3.47,102373,0
EVTL.US,D,20221123,000000,3.46,3.7,3.35,3.65,107862,0
EVTL.US,D,20221125,000000,3.7,4.54,3.6469,4.03,869491,0
EVTL.US,D,20221128,000000,3.93,4.01,3.65,3.74,272731,0
EVTL.US,D,20221129,000000,3.71,3.7699,3.5,3.63,136473,0
EVTL.US,D,20221130,000000,3.58,3.77,3.4,3.73,245671,0
EVTL.US,D,20221201,000000,3.7,3.7,3.5,3.62,172137,0
EVTL.US,D,20221202,000000,3.53,3.5821,3.34,3.43,238185,0
EVTL.US,D,20221205,000000,3.42,3.45,3.25,3.35,200747,0
EVTL.US,D,20221206,000000,3.41,3.41,3.21,3.36,125171,0
EVTL.US,D,20221207,000000,3.28,3.41,3.15,3.34,137333,0
EVTL.US,D,20221208,000000,3.3,3.5812,3.3,3.55,161900,0
EVTL.US,D,20221209,000000,3.52,3.52,3.31,3.43,93817,0
EVTL.US,D,20221212,000000,3.4,3.45,3.2833,3.39,78238,0
EVTL.US,D,20221213,000000,3.47,3.68,3.41,3.5,201132,0
EVTL.US,D,20221214,000000,3.5,3.94,3.42,3.87,373767,0
EVTL.US,D,20221215,000000,3.79,4.4899,3.65,3.78,1225715,0
EVTL.US,D,20221216,000000,3.67,3.75,3.4,3.62,375922,0
EVTL.US,D,20221219,000000,3.59,3.59,3.3001,3.41,158180,0
EVTL.US,D,20221220,000000,3.39,3.49,3.31,3.4,102948,0
EVTL.US,D,20221221,000000,3.43,3.435,3.3215,3.38,114637,0
EVTL.US,D,20221222,000000,3.45,3.68,3.36,3.46,543585,0
EVTL.US,D,20221223,000000,3.45,3.51,3.3,3.4,191521,0
EVTL.US,D,20221227,000000,3.39,3.78,3.33,3.56,583905,0
EVTL.US,D,20221228,000000,3.61,4.16,3.6,3.73,557599,0
EVTL.US,D,20221229,000000,3.8,3.9,3.35,3.37,1813409,0
EVTL.US,D,20221230,000000,3.4,3.43,3.29,3.39,260556,0
EVTL.US,D,20230103,000000,3.43,3.47,3.26,3.37,255143,0
EVTL.US,D,20230104,000000,3.32,3.4182,3.27,3.38,201487,0
EVTL.US,D,20230105,000000,3.35,3.4,3.15,3.16,253752,0
EVTL.US,D,20230106,000000,3.15,3.22,3,3.12,280045,0
EVTL.US,D,20230109,000000,3.12,3.2,3.03,3.18,280041,0
EVTL.US,D,20230110,000000,3.2,3.25,3,3.03,225821,0
EVTL.US,D,20230111,000000,3.03,3.04,2.78,2.81,409663,0
EVTL.US,D,20230112,000000,2.82,2.8452,2.7,2.75,544161,0
EVTL.US,D,20230113,000000,2.75,2.75,2.58,2.66,762815,0
EVTL.US,D,20230117,000000,2.74,2.74,2.55,2.6,477756,0
EVTL.US,D,20230118,000000,2.63,2.9,2.51,2.52,1396160,0
EVTL.US,D,20230119,000000,2.54,2.5637,2.34,2.39,519422,0
EVTL.US,D,20230120,000000,2.43,2.44,2.22,2.26,556927,0
EVTL.US,D,20230123,000000,2.24,2.275,2.17,2.2,624913,0
EVTL.US,D,20230124,000000,2.19,2.25,2.14,2.19,309852,0
EVTL.US,D,20230125,000000,2.18,2.205,2.14,2.14,388729,0
EVTL.US,D,20230126,000000,2.17,2.2,2.11,2.12,306268,0
EVTL.US,D,20230127,000000,2.17,2.58,2.1,2.17,2456712,0
EVTL.US,D,20230130,000000,2.22,2.25,1.99,2.06,1295111,0
EVTL.US,D,20230131,000000,2.07,2.11,2,2.07,651333,0
EVTL.US,D,20230201,000000,2.07,2.09,2,2.07,534156,0
EVTL.US,D,20230202,000000,2.09,2.21,2.08,2.1,805226,0
EVTL.US,D,20230203,000000,2.1,2.13,2,2.03,750657,0
EVTL.US,D,20230206,000000,2,2.015,1.96,1.97,576008,0
EVTL.US,D,20230207,000000,2,2.0399,1.97,2,613861,0
EVTL.US,D,20230208,000000,2.01,2.05,1.99,2.02,413393,0
EVTL.US,D,20230209,000000,2.05,2.05,1.95,1.97,483986,0
EVTL.US,D,20230210,000000,2,2,1.88,1.91,419708,0
EVTL.US,D,20230213,000000,1.91,1.94,1.8282,1.88,398255,0
EVTL.US,D,20230214,000000,1.87,1.98,1.83,1.94,299990,0
EVTL.US,D,20230215,000000,1.97,2.03,1.93,2.02,258238,0
EVTL.US,D,20230216,000000,2.02,2.0299,1.8809,1.91,261939,0
EVTL.US,D,20230217,000000,1.95,1.95,1.86,1.89,196600,0
EVTL.US,D,20230221,000000,1.92,1.92,1.86,1.88,162305,0
EVTL.US,D,20230222,000000,1.88,1.96,1.835,1.96,237380,0
EVTL.US,D,20230223,000000,1.97,2.05,1.94,2.01,360980,0
EVTL.US,D,20230224,000000,1.95,1.988,1.9,1.93,320925,0
EVTL.US,D,20230227,000000,1.99,2.02,1.87,2.02,375897,0
EVTL.US,D,20230228,000000,2,2.0605,1.98,2.02,536566,0
EVTL.US,D,20230301,000000,2.01,2.03,1.94,2,304856,0
EVTL.US,D,20230302,000000,1.96,1.97,1.88,1.94,205416,0
EVTL.US,D,20230303,000000,1.94,1.9592,1.88,1.9,243617,0
EVTL.US,D,20230306,000000,1.89,1.94,1.87,1.93,218926,0
EVTL.US,D,20230307,000000,1.88,1.93,1.85,1.9,205734,0
EVTL.US,D,20230308,000000,1.9,1.9,1.69,1.74,563721,0
EVTL.US,D,20230309,000000,1.74,1.74,1.66,1.67,189063,0
EVTL.US,D,20230310,000000,1.66,1.67,1.49,1.56,308620,0
EVTL.US,D,20230313,000000,1.46,1.51,1.42,1.47,293369,0
EVTL.US,D,20230314,000000,1.5,1.59,1.43,1.57,357007,0
EVTL.US,D,20230315,000000,1.52,1.52,1.42,1.44,266239,0
EVTL.US,D,20230316,000000,1.52,1.52,1.41,1.47,247848,0
EVTL.US,D,20230317,000000,1.62,1.69,1.47,1.48,312321,0
EVTL.US,D,20230320,000000,1.5,1.6,1.43,1.45,249166,0
EVTL.US,D,20230321,000000,1.49,1.61,1.45,1.58,311744,0
EVTL.US,D,20230322,000000,1.59,1.63,1.525,1.56,180178,0
EVTL.US,D,20230323,000000,1.58,1.79,1.55,1.77,543165,0
EVTL.US,D,20230324,000000,1.8,1.9045,1.66,1.7,495027,0
EVTL.US,D,20230327,000000,1.75,1.86,1.66,1.68,508917,0
EVTL.US,D,20230328,000000,1.7,2.35,1.65,1.7,3383833,0
EVTL.US,D,20230329,000000,1.76,2.08,1.72,2.03,1729860,0
EVTL.US,D,20230330,000000,2.02,2.2,2.02,2.15,6738701,0
EVTL.US,D,20230331,000000,2.14,2.285,2.06,2.12,905893,0
EVTL.US,D,20230403,000000,2.1,2.1199,1.84,1.86,1035027,0
EVTL.US,D,20230404,000000,1.91,2,1.845,1.95,367201,0
EVTL.US,D,20230405,000000,1.99,2.02,1.9,1.98,257865,0
EVTL.US,D,20230406,000000,1.95,2.03,1.9313,1.99,246083,0
EVTL.US,D,20230410,000000,1.99,2.11,1.97,2.02,265495,0
EVTL.US,D,20230411,000000,2.02,2.18,2.02,2.18,397761,0
EVTL.US,D,20230412,000000,2.24,2.28,2.14,2.19,527488,0
EVTL.US,D,20230413,000000,2.2,2.2,2.02,2.09,239387,0
EVTL.US,D,20230414,000000,2.06,2.17,2.06,2.1,198951,0
EVTL.US,D,20230417,000000,2.1,2.14,2,2.02,138213,0
EVTL.US,D,20230418,000000,2.02,2.1001,1.8,1.87,275241,0
EVTL.US,D,20230419,000000,1.89,2.08,1.88,2.06,246856,0
EVTL.US,D,20230420,000000,2.06,2.1,2.01,2.04,132909,0
EVTL.US,D,20230421,000000,2.05,2.05,1.93,1.95,114606,0
EVTL.US,D,20230424,000000,1.96,2.11,1.96,2.05,172699,0
EVTL.US,D,20230425,000000,2.02,2.05,1.9108,1.92,119829,0
EVTL.US,D,20230426,000000,2,2.015,1.92,1.94,178765,0
EVTL.US,D,20230427,000000,1.95,2.005,1.94,1.95,83664,0
EVTL.US,D,20230428,000000,1.97,2.01,1.76,1.84,322898,0
EVTL.US,D,20230501,000000,1.84,1.9,1.8,1.83,160097,0
EVTL.US,D,20230502,000000,1.82,1.83,1.77,1.81,122208,0
EVTL.US,D,20230503,000000,1.78,1.96,1.78,1.91,212416,0
EVTL.US,D,20230504,000000,1.99,1.99,1.77,1.8,301062,0
EVTL.US,D,20230505,000000,1.87,1.87,1.77,1.83,185049,0
EVTL.US,D,20230508,000000,1.79,1.84,1.69,1.7,254771,0
EVTL.US,D,20230509,000000,1.74,1.74,1.57,1.57,242838,0
EVTL.US,D,20230510,000000,1.63,1.7184,1.63,1.63,136319,0
EVTL.US,D,20230511,000000,1.69,1.79,1.64,1.73,234052,0
EVTL.US,D,20230512,000000,1.71,1.75,1.59,1.61,169694,0
EVTL.US,D,20230515,000000,1.6,1.765,1.6,1.73,201283,0
EVTL.US,D,20230516,000000,1.73,1.76,1.61,1.63,154281,0
EVTL.US,D,20230517,000000,1.75,1.98,1.65,1.9,558837,0
EVTL.US,D,20230518,000000,1.95,1.95,1.87,1.94,206380,0
EVTL.US,D,20230519,000000,1.94,2,1.785,1.83,237113,0
EVTL.US,D,20230522,000000,1.94,2.005,1.841,1.94,387071,0
EVTL.US,D,20230523,000000,2,2,1.85,1.87,486352,0
EVTL.US,D,20230524,000000,1.85,1.92,1.81,1.91,185323,0
EVTL.US,D,20230525,000000,1.87,1.9,1.76,1.8,233400,0
EVTL.US,D,20230526,000000,1.82,1.885,1.8,1.85,200207,0
EVTL.US,D,20230530,000000,1.81,1.9,1.76,1.9,322968,0
EVTL.US,D,20230531,000000,1.84,2,1.8232,2,319333,0
EVTL.US,D,20230601,000000,1.85,1.9584,1.85,1.92,280028,0
EVTL.US,D,20230602,000000,1.93,1.99,1.9,1.92,161838,0
EVTL.US,D,20230605,000000,1.9,1.99,1.9,1.99,257699,0
EVTL.US,D,20230606,000000,2,2,1.925,1.94,207014,0
EVTL.US,D,20230607,000000,1.9,1.9792,1.9,1.94,144289,0
EVTL.US,D,20230608,000000,1.93,1.93,1.84,1.88,236282,0
EVTL.US,D,20230609,000000,1.92,1.93,1.835,1.89,261979,0
EVTL.US,D,20230612,000000,1.92,1.94,1.84,1.94,325756,0
EVTL.US,D,20230613,000000,1.94,1.95,1.775,1.83,984811,0
EVTL.US,D,20230614,000000,1.85,1.87,1.8,1.87,434644,0
EVTL.US,D,20230615,000000,1.87,1.87,1.78,1.8,425589,0
EVTL.US,D,20230616,000000,1.84,1.85,1.76,1.77,453770,0
EVTL.US,D,20230620,000000,1.78,1.85,1.76,1.77,382481,0
EVTL.US,D,20230621,000000,1.8,1.815,1.76,1.79,265847,0
EVTL.US,D,20230622,000000,1.76,1.8,1.73,1.75,165569,0
EVTL.US,D,20230623,000000,1.77,1.83,1.73,1.82,318201,0
EVTL.US,D,20230626,000000,1.81,1.84,1.77,1.82,265132,0
EVTL.US,D,20230627,000000,1.79,1.83,1.77,1.79,234060,0
EVTL.US,D,20230628,000000,1.78,1.96,1.78,1.9,1077349,0
EVTL.US,D,20230629,000000,1.99,2.04,1.88,1.99,1685081,0
EVTL.US,D,20230630,000000,2,2.05,1.93,1.97,523608,0
EVTL.US,D,20230703,000000,2,2.09,1.98,2,689798,0
EVTL.US,D,20230705,000000,2,2,1.91,1.95,332787,0
EVTL.US,D,20230706,000000,1.98,1.98,1.75,1.82,647934,0
EVTL.US,D,20230707,000000,1.78,1.865,1.75,1.8,369493,0
EVTL.US,D,20230710,000000,1.84,1.915,1.78,1.88,311211,0
EVTL.US,D,20230711,000000,1.91,1.91,1.83,1.89,243605,0
EVTL.US,D,20230712,000000,1.89,1.95,1.87,1.92,219066,0
EVTL.US,D,20230713,000000,1.96,1.98,1.85,1.89,371591,0
EVTL.US,D,20230714,000000,1.9,1.91,1.705,1.77,742473,0
EVTL.US,D,20230717,000000,1.81,1.84,1.7294,1.84,288958,0
EVTL.US,D,20230718,000000,1.82,2,1.82,1.91,1587244,0
EVTL.US,D,20230719,000000,1.93,1.94,1.8,1.82,406476,0
EVTL.US,D,20230720,000000,1.85,1.85,1.78,1.84,262648,0
EVTL.US,D,20230721,000000,1.8,1.8365,1.73,1.76,394381,0
EVTL.US,D,20230724,000000,1.79,1.79,1.73,1.76,182403,0
EVTL.US,D,20230725,000000,1.76,1.79,1.74,1.78,176991,0
EVTL.US,D,20230726,000000,1.78,1.78,1.69,1.74,369813,0
EVTL.US,D,20230727,000000,1.74,1.76,1.7,1.72,227529,0
EVTL.US,D,20230728,000000,1.74,1.75,1.69,1.73,220346,0
EVTL.US,D,20230731,000000,1.78,1.89,1.73,1.88,564484,0
EVTL.US,D,20230801,000000,1.88,1.88,1.7985,1.82,216533,0
EVTL.US,D,20230802,000000,1.84,1.84,1.72,1.81,204487,0
EVTL.US,D,20230803,000000,1.76,1.81,1.72,1.76,161027,0
EVTL.US,D,20230804,000000,1.77,1.7899,1.69,1.72,200863,0
EVTL.US,D,20230807,000000,1.7,1.77,1.66,1.73,293961,0
EVTL.US,D,20230808,000000,1.73,1.755,1.69,1.73,160236,0
EVTL.US,D,20230809,000000,1.69,1.74,1.44,1.56,868179,0
EVTL.US,D,20230810,000000,1.51,1.69,1.49,1.53,329869,0
EVTL.US,D,20230811,000000,1.61,1.65,1.53,1.54,329575,0
EVTL.US,D,20230814,000000,1.55,1.59,1.54,1.57,183059,0
EVTL.US,D,20230815,000000,1.57,1.57,1.44,1.45,272429,0
EVTL.US,D,20230816,000000,1.46,1.49,1.31,1.32,480961,0
EVTL.US,D,20230817,000000,1.33,1.4,1.265,1.28,373684,0
EVTL.US,D,20230818,000000,1.25,1.32,1.19,1.23,402282,0
EVTL.US,D,20230821,000000,1.27,1.28,1.05,1.08,1016305,0
EVTL.US,D,20230822,000000,1.08,1.1098,1,1.02,470557,0
EVTL.US,D,20230823,000000,1.04,1.09,1.0101,1.09,332780,0
EVTL.US,D,20230824,000000,1.12,1.144,1.03,1.06,233750,0
EVTL.US,D,20230825,000000,1.06,1.17,1.06,1.14,331326,0
EVTL.US,D,20230828,000000,1.19,1.29,1.12,1.24,399009,0
EVTL.US,D,20230829,000000,1.25,1.39,1.18,1.2,488962,0
EVTL.US,D,20230830,000000,1.26,1.44,1.24,1.38,685902,0
EVTL.US,D,20230831,000000,1.37,1.43,1.28,1.34,403003,0
EVTL.US,D,20230901,000000,1.36,1.51,1.36,1.51,433772,0
EVTL.US,D,20230905,000000,1.5,1.65,1.45,1.62,645285,0
EVTL.US,D,20230906,000000,1.6,1.69,1.54,1.59,437034,0
EVTL.US,D,20230907,000000,1.54,1.819,1.54,1.79,528958,0
EVTL.US,D,20230908,000000,1.83,1.83,1.55,1.72,792291,0
EVTL.US,D,20230911,000000,1.77,1.77,1.42,1.48,495741,0
EVTL.US,D,20230912,000000,1.49,1.5199,1.28,1.3,717813,0
EVTL.US,D,20230913,000000,1.34,1.34,1.27,1.3,343170,0
EVTL.US,D,20230914,000000,1.3,1.36,1.28,1.31,266214,0
EVTL.US,D,20230915,000000,1.3,1.305,1.16,1.19,668858,0
EVTL.US,D,20230918,000000,1.24,1.37,1.2,1.29,516795,0
EVTL.US,D,20230919,000000,1.28,1.47,1.2595,1.47,659010,0
EVTL.US,D,20230920,000000,1.47,1.62,1.47,1.52,752724,0
EVTL.US,D,20230921,000000,1.46,1.55,1.37,1.39,562015,0
EVTL.US,D,20230922,000000,1.41,1.46,1.14,1.18,983220,0
EVTL.US,D,20230925,000000,1.19,1.27,1.18,1.21,260061,0
EVTL.US,D,20230926,000000,1.21,1.27,1.18,1.21,427232,0
EVTL.US,D,20230927,000000,1.22,1.255,1.2,1.21,320386,0
EVTL.US,D,20230928,000000,1.26,1.26,1.17,1.2,302089,0
EVTL.US,D,20230929,000000,1.23,1.235,1.135,1.18,373705,0
EVTL.US,D,20231002,000000,1.23,1.25,1.12,1.15,396078,0
EVTL.US,D,20231003,000000,1.11,1.15,1.11,1.13,200748,0
EVTL.US,D,20231004,000000,1.11,1.148,1.1,1.14,230095,0
EVTL.US,D,20231005,000000,1.11,1.14,1.1,1.14,272504,0
EVTL.US,D,20231006,000000,1.12,1.19,1.12,1.16,123437,0
EVTL.US,D,20231009,000000,1.11,1.14,1.1,1.1,229552,0
EVTL.US,D,20231010,000000,1.1,1.35,1.1,1.26,640185,0
EVTL.US,D,20231011,000000,1.26,1.29,1.18,1.23,249305,0
EVTL.US,D,20231012,000000,1.2,1.28,1.14,1.14,407720,0
EVTL.US,D,20231013,000000,1.2,1.21,1.1,1.13,532900,0
EVTL.US,D,20231016,000000,1.14,1.16,1.05,1.05,319924,0
EVTL.US,D,20231017,000000,1.05,1.13,1.05,1.13,182392,0
EVTL.US,D,20231018,000000,1.11,1.11,1.05,1.06,169691,0
EVTL.US,D,20231019,000000,1.09,1.15,1.05,1.12,347288,0
EVTL.US,D,20231020,000000,1.1,1.1,1.0308,1.09,365586,0
EVTL.US,D,20231023,000000,1.07,1.07,1.02,1.04,177484,0
EVTL.US,D,20231024,000000,1.15,1.15,0.985,0.9981,638269,0
EVTL.US,D,20231025,000000,1.02,1.19,0.9981,1.19,724023,0
EVTL.US,D,20231026,000000,1.12,1.139,0.98,1.01,447650,0
EVTL.US,D,20231027,000000,1.04,1.05,1,1.03,277363,0
EVTL.US,D,20231030,000000,1.04,1.04,0.8901,0.9046,564391,0
EVTL.US,D,20231031,000000,0.94,0.94,0.89,0.8901,210533,0
EVTL.US,D,20231101,000000,0.92,0.92,0.83,0.8408,277599,0
EVTL.US,D,20231102,000000,0.9,0.95,0.8594,0.882,284416,0
EVTL.US,D,20231103,000000,0.9788,1,0.9021,0.9244,331151,0
EVTL.US,D,20231106,000000,0.96,0.9998,0.9422,0.97,271006,0
EVTL.US,D,20231107,000000,0.96,0.9696,0.91,0.9298,186586,0
EVTL.US,D,20231108,000000,0.9674,0.9674,0.8787,0.89,186877,0
EVTL.US,D,20231109,000000,0.9169,0.9299,0.8603,0.8603,154676,0
EVTL.US,D,20231110,000000,0.93,0.93,0.79,0.8129,320160,0
EVTL.US,D,20231113,000000,0.82,0.82,0.78,0.7926,228259,0
EVTL.US,D,20231114,000000,0.835,0.835,0.7593,0.7837,384854,0
EVTL.US,D,20231115,000000,0.78,0.866,0.7711,0.85,294927,0
EVTL.US,D,20231116,000000,0.862,0.862,0.8026,0.8227,188824,0
EVTL.US,D,20231117,000000,0.86,0.86,0.7816,0.7979,273314,0
EVTL.US,D,20231120,000000,0.82,0.8258,0.77,0.81,244609,0
EVTL.US,D,20231121,000000,0.79,0.8,0.7498,0.7747,276607,0
EVTL.US,D,20231122,000000,0.76,0.770699,0.7154,0.734,262155,0
EVTL.US,D,20231124,000000,0.7567,0.7906,0.734,0.78,224924,0
EVTL.US,D,20231127,000000,0.75,0.79,0.7008,0.7106,768365,0
EVTL.US,D,20231128,000000,0.7,0.72,0.617,0.6359,894856,0
EVTL.US,D,20231129,000000,0.64,0.662005,0.601,0.63,514327,0
EVTL.US,D,20231130,000000,0.6424,0.6506,0.6251,0.6251,337588,0
EVTL.US,D,20231201,000000,0.6432,0.741,0.6251,0.675,590257,0
EVTL.US,D,20231204,000000,0.7,0.7297,0.6614,0.6799,334415,0
EVTL.US,D,20231205,000000,0.69,0.72,0.67,0.6996,219379,0
EVTL.US,D,20231206,000000,0.7195,0.7195,0.6705,0.688,374775,0
EVTL.US,D,20231207,000000,0.67,0.7105,0.6579,0.6777,283815,0
EVTL.US,D,20231208,000000,0.7,0.819,0.6971,0.8091,911172,0
EVTL.US,D,20231211,000000,0.8595,0.86,0.74,0.7693,562833,0
EVTL.US,D,20231212,000000,0.7693,0.77,0.7282,0.7354,308056,0
EVTL.US,D,20231213,000000,0.691,0.791,0.68,0.7909,425997,0
EVTL.US,D,20231214,000000,0.8376,0.85,0.7501,0.772,553161,0
EVTL.US,D,20231215,000000,0.8,0.835,0.74,0.7421,473683,0
EVTL.US,D,20231218,000000,0.804,0.805,0.7531,0.8012,537738,0
EVTL.US,D,20231219,000000,0.81,0.823,0.765,0.786,422038,0
EVTL.US,D,20231220,000000,0.8,0.8,0.7509,0.7704,226754,0
EVTL.US,D,20231221,000000,0.73,0.7897,0.657,0.7251,1067199,0
EVTL.US,D,20231222,000000,0.734,0.8197,0.7251,0.8031,481936,0
EVTL.US,D,20231226,000000,0.8041,0.8041,0.745,0.7822,533126,0
EVTL.US,D,20231227,000000,0.79,0.7916,0.725,0.7468,807328,0
EVTL.US,D,20231228,000000,0.7733,0.82,0.6368,0.6368,6389639,0
EVTL.US,D,20231229,000000,0.68,0.7,0.6747,0.688,549409,0
EVTL.US,D,20240102,000000,0.71,0.71,0.6688,0.688,339516,0
EVTL.US,D,20240103,000000,0.6851,0.688,0.655,0.67,291292,0
EVTL.US,D,20240104,000000,0.67,0.679,0.6401,0.6401,381065,0
EVTL.US,D,20240105,000000,0.643,0.6625,0.601,0.624,371328,0
EVTL.US,D,20240108,000000,0.6374,0.6431,0.602,0.6101,312442,0
EVTL.US,D,20240109,000000,0.6127,0.62,0.6031,0.6111,209311,0
EVTL.US,D,20240110,000000,0.63,0.63,0.6,0.6215,278063,0
EVTL.US,D,20240111,000000,0.6,0.625,0.5751,0.598,363145,0
EVTL.US,D,20240112,000000,0.6091,0.615,0.5751,0.6001,311270,0
EVTL.US,D,20240116,000000,0.62,0.62,0.5078,0.5078,672415,0
EVTL.US,D,20240117,000000,0.55,0.55,0.5092,0.5131,280359,0
EVTL.US,D,20240118,000000,0.54,0.55,0.53,0.5366,221138,0
EVTL.US,D,20240119,000000,0.5366,0.5912,0.5366,0.5841,322815,0
EVTL.US,D,20240122,000000,0.612,0.6659,0.6,0.65,1536207,0
EVTL.US,D,20240123,000000,0.7,0.705,0.65,0.6756,692858,0
EVTL.US,D,20240124,000000,0.71,0.71,0.6237,0.63,336064,0
EVTL.US,D,20240125,000000,0.68,0.6801,0.61,0.6355,331466,0
EVTL.US,D,20240126,000000,0.629,0.647,0.6202,0.64,252428,0
EVTL.US,D,20240129,000000,0.6721,0.733,0.6501,0.733,761026,0
EVTL.US,D,20240130,000000,0.71,0.714,0.6624,0.6676,376736,0
EVTL.US,D,20240131,000000,0.67,0.7499,0.66,0.7199,547469,0
EVTL.US,D,20240201,000000,0.7098,0.71,0.7,0.7043,158941,0
EVTL.US,D,20240202,000000,0.7039,0.71,0.671,0.6946,145735,0
EVTL.US,D,20240205,000000,0.6694,0.7171,0.6507,0.71,216239,0
EVTL.US,D,20240206,000000,0.72,0.7692,0.6902,0.7267,490528,0
EVTL.US,D,20240207,000000,0.728,0.735,0.684,0.7112,150745,0
EVTL.US,D,20240208,000000,0.736,0.736,0.6901,0.71,114142,0
EVTL.US,D,20240209,000000,0.6759,0.7228,0.6759,0.7135,318823,0
EVTL.US,D,20240212,000000,0.72,0.7299,0.6953,0.713,172520,0
EVTL.US,D,20240213,000000,0.713,0.713,0.65,0.6601,287164,0
EVTL.US,D,20240214,000000,0.7,0.71,0.67,0.6956,255887,0
EVTL.US,D,20240215,000000,0.71,0.71,0.6882,0.707,120555,0
EVTL.US,D,20240216,000000,0.7068,0.71,0.68,0.7,121044,0
EVTL.US,D,20240220,000000,0.72,0.7342,0.68,0.7227,791449,0
EVTL.US,D,20240221,000000,0.7474,0.7639,0.6,0.6524,770287,0
EVTL.US,D,20240222,000000,0.6667,0.6929,0.665,0.6801,424321,0
EVTL.US,D,20240223,000000,0.7,0.72,0.6666,0.6801,502889,0
EVTL.US,D,20240226,000000,0.69,0.73,0.69,0.73,336639,0
EVTL.US,D,20240227,000000,0.73,0.7465,0.7,0.7465,252081,0
EVTL.US,D,20240228,000000,0.746,0.746,0.6801,0.6927,289393,0
EVTL.US,D,20240229,000000,0.6849,0.7203,0.6849,0.718,190563,0
EVTL.US,D,20240301,000000,0.7055,0.72,0.69,0.69,223008,0
EVTL.US,D,20240304,000000,0.6743,0.72,0.6743,0.7035,164369,0
EVTL.US,D,20240305,000000,0.72,0.72,0.6774,0.6841,178081,0
EVTL.US,D,20240306,000000,0.6759,0.7098,0.6644,0.6728,171222,0
EVTL.US,D,20240307,000000,0.7089,0.7089,0.673,0.684,102407,0
EVTL.US,D,20240308,000000,0.7,0.7,0.6543,0.6661,254765,0
EVTL.US,D,20240311,000000,0.6621,0.699,0.662,0.685,258380,0
EVTL.US,D,20240312,000000,0.685,0.69,0.65,0.659,213877,0
EVTL.US,D,20240313,000000,0.65,0.678,0.65,0.668,128291,0
EVTL.US,D,20240314,000000,0.652,0.656,0.62,0.631,310336,0
EVTL.US,D,20240315,000000,0.6613,0.6613,0.623,0.623,156191,0
EVTL.US,D,20240318,000000,0.65,0.85,0.65,0.83,2183680,0
EVTL.US,D,20240319,000000,0.82,0.8689,0.76,0.798,828231,0
EVTL.US,D,20240320,000000,0.81,0.8514,0.771,0.7996,349572,0
EVTL.US,D,20240321,000000,0.8,0.89,0.75,0.8795,784445,0
EVTL.US,D,20240322,000000,0.9,1.18,0.875,1,1884512,0
EVTL.US,D,20240325,000000,1.06,1.07,0.99,1.06,453204,0
EVTL.US,D,20240326,000000,1.05,1.12,0.9901,1.1,520915,0
EVTL.US,D,20240327,000000,1.12,1.25,1.11,1.17,805066,0
EVTL.US,D,20240328,000000,1.2,1.2,1.1,1.14,438217,0
EVTL.US,D,20240401,000000,1.17,1.2788,1.1,1.16,712982,0
EVTL.US,D,20240402,000000,1.16,1.16,0.975,1.05,475684,0
EVTL.US,D,20240403,000000,1.02,1.15,1.01,1.15,270564,0
EVTL.US,D,20240404,000000,1.15,1.21,1.07,1.18,424941,0
EVTL.US,D,20240405,000000,1.18,1.18,1.1,1.15,166101,0
EVTL.US,D,20240408,000000,1.09,1.1352,1,1.04,413166,0
EVTL.US,D,20240409,000000,1.07,1.09,1,1.03,292238,0
EVTL.US,D,20240410,000000,1.03,1.0449,0.901,0.9227,496569,0
EVTL.US,D,20240411,000000,0.9517,0.9517,0.85,0.8612,331587,0
EVTL.US,D,20240412,000000,0.855,0.8925,0.82,0.82,270546,0
EVTL.US,D,20240415,000000,0.8023,0.85,0.72,0.75,356279,0
EVTL.US,D,20240416,000000,0.7509,0.7509,0.7001,0.726,224738,0
EVTL.US,D,20240417,000000,0.7509,0.7973,0.73,0.764,253068,0
EVTL.US,D,20240418,000000,0.785,0.8019,0.741,0.7502,180834,0
EVTL.US,D,20240419,000000,0.73,0.7484,0.7,0.7151,269260,0
EVTL.US,D,20240422,000000,0.7944,0.7944,0.725,0.7612,281576,0
EVTL.US,D,20240423,000000,0.79,0.8314,0.77,0.8,290335,0
EVTL.US,D,20240424,000000,0.8325,0.8325,0.7501,0.7713,191116,0
EVTL.US,D,20240425,000000,0.7954,0.8015,0.74,0.774,213689,0
EVTL.US,D,20240426,000000,0.7732,0.806,0.75,0.801,180997,0
EVTL.US,D,20240429,000000,0.806,0.806,0.75,0.7822,226636,0
EVTL.US,D,20240430,000000,0.78,0.78,0.75,0.76,154252,0
EVTL.US,D,20240501,000000,0.731,0.779,0.731,0.779,116146,0
EVTL.US,D,20240502,000000,0.78,0.808512,0.75,0.7612,186712,0
EVTL.US,D,20240503,000000,0.82,0.82,0.7506,0.776,229408,0
EVTL.US,D,20240506,000000,0.8,0.8,0.76,0.777,234336,0
EVTL.US,D,20240507,000000,0.7502,0.79,0.731,0.7316,423761,0
EVTL.US,D,20240508,000000,0.73,0.7339,0.7,0.717,255166,0
EVTL.US,D,20240509,000000,0.7,0.75,0.7,0.737,123228,0
EVTL.US,D,20240510,000000,0.7311,0.7499,0.71,0.711,146584,0
EVTL.US,D,20240513,000000,0.713,0.7488,0.7056,0.711,231035,0
EVTL.US,D,20240514,000000,0.711,0.75,0.711,0.7354,200917,0
EVTL.US,D,20240515,000000,0.76,0.76,0.72,0.72,214342,0
EVTL.US,D,20240516,000000,0.74,0.7595,0.72,0.72,186105,0
EVTL.US,D,20240517,000000,0.74,0.75,0.72,0.7209,272591,0
EVTL.US,D,20240520,000000,0.725,0.74,0.71,0.7122,212433,0
EVTL.US,D,20240521,000000,0.76,0.76,0.7122,0.73,166785,0
EVTL.US,D,20240522,000000,0.76,0.76,0.7102,0.7108,127773,0
EVTL.US,D,20240523,000000,0.7304,0.7374,0.69,0.7012,209974,0
EVTL.US,D,20240524,000000,0.71,0.724,0.68,0.7109,250941,0
EVTL.US,D,20240528,000000,0.73,0.73,0.6541,0.6922,282356,0
EVTL.US,D,20240529,000000,0.6714,0.7028,0.6714,0.675,184469,0
EVTL.US,D,20240530,000000,0.652,0.7373,0.65,0.7117,396958,0
EVTL.US,D,20240531,000000,0.7002,0.72,0.6832,0.7,207867,0
EVTL.US,D,20240603,000000,0.7,0.7349,0.69,0.691,221021,0
EVTL.US,D,20240604,000000,0.73,0.73,0.69,0.7,86686,0
EVTL.US,D,20240605,000000,0.71,0.7349,0.7,0.728,133017,0
EVTL.US,D,20240606,000000,0.73,0.73,0.7095,0.7197,72995,0
EVTL.US,D,20240607,000000,0.73,0.73,0.7,0.7097,93575,0
EVTL.US,D,20240610,000000,0.724,0.725,0.675,0.714,200778,0
EVTL.US,D,20240611,000000,0.728,0.728,0.6912,0.7161,49645,0
EVTL.US,D,20240612,000000,0.7298,0.7298,0.7,0.715,96978,0
EVTL.US,D,20240613,000000,0.7298,0.7298,0.6836,0.7082,82343,0
EVTL.US,D,20240614,000000,0.71,0.7273,0.7,0.719,76800,0
EVTL.US,D,20240617,000000,0.72,0.7295,0.7008,0.7295,89498,0
EVTL.US,D,20240618,000000,0.7061,0.7294,0.7061,0.7268,72342,0
EVTL.US,D,20240620,000000,0.7298,0.7399,0.706,0.7393,145541,0
EVTL.US,D,20240621,000000,0.7393,0.7691,0.72,0.7691,135032,0
EVTL.US,D,20240624,000000,0.78,0.9186,0.7736,0.8413,758153,0
EVTL.US,D,20240625,000000,0.839,0.84,0.78,0.79,150382,0
EVTL.US,D,20240626,000000,0.8,0.8257,0.7601,0.7601,93885,0
EVTL.US,D,20240627,000000,0.76,0.7978,0.75,0.7502,78235,0
EVTL.US,D,20240628,000000,0.77,0.78,0.727,0.7348,120157,0
EVTL.US,D,20240701,000000,0.77,0.77,0.71,0.7178,103661,0
EVTL.US,D,20240702,000000,0.73,0.74,0.701,0.7349,142527,0
EVTL.US,D,20240703,000000,0.736,0.7662,0.73,0.7662,55081,0
EVTL.US,D,20240705,000000,0.7631,0.77,0.7301,0.7301,122258,0
EVTL.US,D,20240708,000000,0.72,0.7892,0.718,0.7892,162991,0
EVTL.US,D,20240709,000000,0.77,0.89,0.77,0.8898,273931,0
EVTL.US,D,20240710,000000,0.89,0.926249,0.8,0.8767,291729,0
EVTL.US,D,20240711,000000,0.91,0.95,0.8531,0.871,497804,0
EVTL.US,D,20240712,000000,0.871,0.9245,0.845,0.8953,307826,0
EVTL.US,D,20240715,000000,0.9448,1,0.9,0.999,525804,0
EVTL.US,D,20240716,000000,0.9989,1,0.871,0.9298,567763,0
EVTL.US,D,20240717,000000,0.9298,0.95959,0.8806,0.9048,147884,0
EVTL.US,D,20240718,000000,0.94,0.9599,0.89,0.8947,281201,0
EVTL.US,D,20240719,000000,0.8689,0.91,0.8201,0.844,225055,0
EVTL.US,D,20240722,000000,0.85,0.9216,0.835,0.8899,259094,0
EVTL.US,D,20240723,000000,0.9543,0.96,0.92,0.92,387673,0
EVTL.US,D,20240724,000000,0.96,1.07,0.9411,0.9673,645158,0
EVTL.US,D,20240725,000000,0.9395,0.95,0.91,0.9488,205703,0
EVTL.US,D,20240726,000000,0.9578,1.01,0.931,1,320216,0
EVTL.US,D,20240729,000000,0.9963,0.9999,0.9001,0.9264,333481,0
EVTL.US,D,20240730,000000,0.93,0.9399,0.9,0.938,167947,0
EVTL.US,D,20240731,000000,0.9099,0.9375,0.9,0.93,156939,0
EVTL.US,D,20240801,000000,0.911,0.94,0.861,0.88,311037,0
EVTL.US,D,20240802,000000,0.85,0.919,0.7999,0.919,453742,0
EVTL.US,D,20240805,000000,0.8365,0.860449,0.7552,0.8,499705,0
EVTL.US,D,20240806,000000,0.8601,0.8697,0.827,0.8697,205774,0
EVTL.US,D,20240807,000000,0.87,0.8905,0.8081,0.8235,140806,0
EVTL.US,D,20240808,000000,0.854,0.854,0.79,0.817,109941,0
EVTL.US,D,20240809,000000,0.796,0.8231,0.76,0.7879,163530,0
EVTL.US,D,20240812,000000,0.8,0.813905,0.78,0.809,137264,0
EVTL.US,D,20240813,000000,0.84,0.9,0.82,0.8297,76697,0
EVTL.US,D,20240814,000000,0.8615,0.8711,0.8101,0.8371,115162,0
EVTL.US,D,20240815,000000,0.84,0.87,0.84,0.855,360920,0
EVTL.US,D,20240816,000000,0.85,0.88,0.727,0.84,439380,0
EVTL.US,D,20240819,000000,0.8898,0.8898,0.8,0.85,124171,0
EVTL.US,D,20240820,000000,0.85,0.86,0.8189,0.845,138878,0
EVTL.US,D,20240821,000000,0.86,0.86,0.82,0.86,63707,0
EVTL.US,D,20240822,000000,0.86,0.87,0.85,0.86,62725,0
EVTL.US,D,20240823,000000,0.896,0.93,0.8684,0.93,249772,0
EVTL.US,D,20240826,000000,0.9892,1,0.87,0.9095,270291,0
EVTL.US,D,20240827,000000,0.93,0.936,0.8801,0.936,118076,0
EVTL.US,D,20240828,000000,0.9079,0.93,0.8811,0.9297,187818,0
EVTL.US,D,20240829,000000,0.93,0.93,0.8903,0.8963,270097,0
EVTL.US,D,20240830,000000,0.8722,0.93,0.8501,0.8652,130496,0
EVTL.US,D,20240903,000000,0.85,0.8785,0.8077,0.8188,267806,0
EVTL.US,D,20240904,000000,0.8012,0.8189,0.74,0.78,497251,0
EVTL.US,D,20240905,000000,0.79,0.8,0.7521,0.755,109203,0
EVTL.US,D,20240906,000000,0.746,0.757,0.7034,0.715,202616,0
EVTL.US,D,20240909,000000,0.71,0.7399,0.71,0.72,142290,0
EVTL.US,D,20240910,000000,0.72,0.75,0.7001,0.7301,261102,0
EVTL.US,D,20240911,000000,0.7465,0.7465,0.6802,0.74,148438,0
EVTL.US,D,20240912,000000,0.77,1.04,0.76,0.7882,1962769,0
EVTL.US,D,20240913,000000,0.81,0.895,0.7723,0.8839,445637,0
EVTL.US,D,20240916,000000,0.882,0.9385,0.855,0.91,437140,0
EVTL.US,D,20240917,000000,0.8112,0.82,0.76,0.8055,610992,0
EVTL.US,D,20240918,000000,0.7837,0.81,0.76,0.7844,448355,0
EVTL.US,D,20240919,000000,0.78,0.7844,0.70175,0.7239,937469,0
EVTL.US,D,20240920,000000,0.77,0.77,0.66,0.66,750890,0
EVTL.US,D,20240923,000000,6.5,6.75,5.51,5.8,124500,0
EVTL.US,D,20240924,000000,5.7,6.66,5.3025,5.9,103621,0
EVTL.US,D,20240925,000000,5.9,6.365,5.7101,5.75,28434,0
EVTL.US,D,20240926,000000,5.72,6.26,5.6801,6.23,55868,0
EVTL.US,D,20240927,000000,6.43,7.21,6.27,7.07,89650,0
EVTL.US,D,20240930,000000,7.01,7.1199,6.6,6.93,61294,0
EVTL.US,D,20241001,000000,6.91,7,6.6004,6.78,17401,0
EVTL.US,D,20241002,000000,6.67,6.67,6.1,6.15,49197,0
EVTL.US,D,20241003,000000,6.18,6.19,6.02,6.11,17702,0
EVTL.US,D,20241004,000000,6.1,6.2699,6.09,6.2,9999,0
EVTL.US,D,20241007,000000,6.25,6.61,6.21,6.37,11690,0
EVTL.US,D,20241008,000000,6.38,6.5032,6.03,6.03,15870,0
EVTL.US,D,20241009,000000,6.04,6.37,6.04,6.28,28513,0
EVTL.US,D,20241010,000000,6.14,6.4599,6.02,6.07,17939,0
EVTL.US,D,20241011,000000,6.06,6.1717,6.06,6.0701,11317,0
EVTL.US,D,20241014,000000,6.09,6.3599,6.08,6.22,14474,0
EVTL.US,D,20241015,000000,6.15,6.226,6.03,6.06,11025,0
EVTL.US,D,20241016,000000,6.18,6.4179,6.081,6.37,14484,0
EVTL.US,D,20241017,000000,6.53,6.53,6.37,6.43,27015,0
EVTL.US,D,20241018,000000,6.6,7.3116,6.49,7.11,68118,0
EVTL.US,D,20241021,000000,7.09,7.09,6.61,6.69,29098,0
EVTL.US,D,20241022,000000,6.68,7.23,6.13,6.74,105026,0
EVTL.US,D,20241023,000000,6.82,6.9,5.91,6.03,63550,0
EVTL.US,D,20241024,000000,6.3,6.34,5.828,6.05,46759,0
EVTL.US,D,20241025,000000,6.18,6.18,5.57,5.688,44756,0
EVTL.US,D,20241028,000000,5.76,5.99,5.67,5.74,26278,0
EVTL.US,D,20241029,000000,5.76,5.83,5.3616,5.6,47118,0
EVTL.US,D,20241030,000000,5.47,5.57,5.13,5.19,43512,0
EVTL.US,D,20241031,000000,5.19,5.2799,4.94,5.02,41000,0
EVTL.US,D,20241101,000000,5.08,5.08,4.9008,4.99,20084,0
EVTL.US,D,20241104,000000,4.96,4.99,4.45,4.49,70398,0
EVTL.US,D,20241105,000000,4.54,4.73,4.26,4.38,43381,0
EVTL.US,D,20241106,000000,4.44,4.44,3.5501,3.69,104322,0
EVTL.US,D,20241107,000000,3.67,4.2,3.67,4.15,70550,0
EVTL.US,D,20241108,000000,4.3,4.48,4.21,4.31,37305,0
EVTL.US,D,20241111,000000,4.4,5.26,4.4,5.19,107556,0
EVTL.US,D,20241112,000000,5.44,6.845,5.32,6.19,263357,0
EVTL.US,D,20241113,000000,6.2205,6.4819,5.47,5.64,98099,0
EVTL.US,D,20241114,000000,6.0783,6.09,5.28,5.44,75467,0
EVTL.US,D,20241115,000000,5.26,5.3,4.45,4.61,67586,0
EVTL.US,D,20241118,000000,4.6,4.7287,4.47,4.54,37948,0
EVTL.US,D,20241119,000000,4.5,4.88,4.3116,4.88,56511,0
EVTL.US,D,20241120,000000,4.87,4.979,4.3,4.44,53325,0
EVTL.US,D,20241121,000000,4.55,4.89,4.411,4.8,47161,0
EVTL.US,D,20241122,000000,4.895,4.9,4.6,4.79,70971,0
EVTL.US,D,20241125,000000,5.02,7.39,4.96,6.97,797967,0
EVTL.US,D,20241126,000000,6.8,7.9199,6.38,7.65,437267,0
EVTL.US,D,20241127,000000,7.865,9,7.84,8.69,397724,0
EVTL.US,D,20241129,000000,8.83,10.36,8,10.1,454720,0
EVTL.US,D,20241202,000000,10.4,10.6103,7,8.02,754125,0
EVTL.US,D,20241203,000000,7.61,8.02,6.8787,7.53,224544,0
EVTL.US,D,20241204,000000,7.2776,7.81,7,7.59,109961,0
EVTL.US,D,20241205,000000,7.5929,7.8931,7.26,7.63,109275,0
EVTL.US,D,20241206,000000,7.74,8.42,7.4801,8.42,162392,0
EVTL.US,D,20241209,000000,8.5,8.6598,7.24,7.33,177370,0
EVTL.US,D,20241210,000000,7.58,7.76,7.05,7.67,74867,0
EVTL.US,D,20241211,000000,7.6,7.81,7.05,7.57,66929,0
EVTL.US,D,20241212,000000,7.8573,7.8573,7.22,7.4,38244,0
EVTL.US,D,20241213,000000,7.6,7.99,7.416,7.71,77438,0
EVTL.US,D,20241216,000000,7.79,8.5,7.3992,8.41,131182,0
EVTL.US,D,20241217,000000,8.23,9.04,7.57,8.12,139346,0
EVTL.US,D,20241218,000000,8.31,8.87,7.55,8.07,136917,0
EVTL.US,D,20241219,000000,8.24,8.47,7.5,7.7,92244,0
EVTL.US,D,20241220,000000,7.495,8.1,7.4522,7.89,70541,0
EVTL.US,D,20241223,000000,7.9,8.15,7.1,7.42,133078,0
EVTL.US,D,20241224,000000,7.78,9.25,7.68,8.96,286895,0
EVTL.US,D,20241226,000000,9.15,12.69,9.11,11.73,721116,0
EVTL.US,D,20241227,000000,12.2,15.99,11.85,15.5,1069689,0
EVTL.US,D,20241230,000000,14,14.3213,11.66,12.52,548379,0
EVTL.US,D,20241231,000000,13.25,14.6224,12.39,12.58,412453,0
EVTL.US,D,20250102,000000,12.68,12.7,10.4312,10.92,425993,0
EVTL.US,D,20250103,000000,11.15,12.49,10.84,11.41,420087,0
EVTL.US,D,20250106,000000,11.7,11.86,10.539,11.14,441172,0
EVTL.US,D,20250107,000000,11.3,12.48,10.28,10.35,500022,0
EVTL.US,D,20250108,000000,10.3,10.3,9.05,9.51,308552,0
EVTL.US,D,20250110,000000,9.27,9.6991,8.95,9.06,203427,0
