<TICKER>,<PER>,<DATE>,<TIME>,<OPEN>,<HIGH>,<LOW>,<CLOSE>,<VOL>,<OPENINT>
LEVGQ.US,D,20201012,000000,9.75,10,9.64,9.65,27941,0
LEVGQ.US,D,20201013,000000,9.8075,9.8075,9.6,9.627,6803,0
LEVGQ.US,D,20201014,000000,9.6,10,9.6,9.67,16905,0
LEVGQ.US,D,20201015,000000,9.7,9.7,9.61,9.68,10215,0
LEVGQ.US,D,20201016,000000,9.65,9.75,9.61,9.75,21091,0
LEVGQ.US,D,20201019,000000,9.6,9.7,9.6,9.68,12741,0
LEVGQ.US,D,20201020,000000,9.7,9.7,9.64,9.65,477283,0
LEVGQ.US,D,20201021,000000,9.65,9.67,9.64,9.64,55119,0
LEVGQ.US,D,20201022,000000,9.7,9.7,9.63,9.65,516624,0
LEVGQ.US,D,20201023,000000,9.7,9.72,9.65,9.65,27018,0
LEVGQ.US,D,20201026,000000,9.7,9.7,9.6442,9.65,141345,0
LEVGQ.US,D,20201027,000000,9.7,9.7,9.6477,9.67,8851,0
LEVGQ.US,D,20201028,000000,9.6,9.67,9.6,9.64,3279,0
LEVGQ.US,D,20201029,000000,9.69,9.69,9.62,9.64,116959,0
LEVGQ.US,D,20201030,000000,9.69,9.69,9.6,9.63,38754,0
LEVGQ.US,D,20201102,000000,9.98,10.04,9.75,9.85,310013,0
LEVGQ.US,D,20201103,000000,9.99,9.99,9.81,9.85,124532,0
LEVGQ.US,D,20201104,000000,9.86,9.989,9.8,9.85,88253,0
LEVGQ.US,D,20201105,000000,9.85,10,9.8,9.93,143797,0
LEVGQ.US,D,20201106,000000,10.05,10.125,9.8801,10.09,107768,0
LEVGQ.US,D,20201109,000000,10.25,10.25,9.95,9.98,67858,0
LEVGQ.US,D,20201110,000000,10.09,10.09,9.92,9.98,43916,0
LEVGQ.US,D,20201111,000000,9.9,10,9.87,9.8998,53170,0
LEVGQ.US,D,20201112,000000,9.96,9.995,9.83,9.87,76732,0
LEVGQ.US,D,20201113,000000,9.87,9.97,9.87,9.8812,276749,0
LEVGQ.US,D,20201116,000000,9.92,10,9.85,9.98,90299,0
LEVGQ.US,D,20201117,000000,10,10.1,10,10.07,68820,0
LEVGQ.US,D,20201118,000000,10.13,10.3,10.01,10.3,166611,0
LEVGQ.US,D,20201119,000000,10.45,10.79,10.02,10.5,1245365,0
LEVGQ.US,D,20201120,000000,10.7,10.82,10.45,10.74,979140,0
LEVGQ.US,D,20201123,000000,11.25,11.35,10.8,11.2,1553915,0
LEVGQ.US,D,20201124,000000,11.54,11.88,11.11,11.42,1821220,0
LEVGQ.US,D,20201125,000000,11.4,13.71,11.3701,12.74,3359866,0
LEVGQ.US,D,20201127,000000,13.31,13.44,12.03,13.04,1681104,0
LEVGQ.US,D,20201130,000000,15.59,15.71,12.81,14,16407678,0
LEVGQ.US,D,20201201,000000,14.5,14.73,12.945,13.2,6995352,0
LEVGQ.US,D,20201202,000000,12.57,13.28,11.81,12.88,3707001,0
LEVGQ.US,D,20201203,000000,13.25,13.42,12.9,13.34,2803644,0
LEVGQ.US,D,20201204,000000,13.4,14.74,13.3,14.25,4399150,0
LEVGQ.US,D,20201207,000000,15.3,16.28,15.2,16.1,7372988,0
LEVGQ.US,D,20201208,000000,16.56,17.2,15.56,16.37,4883086,0
LEVGQ.US,D,20201209,000000,16.37,16.55,14.85,15.38,4661977,0
LEVGQ.US,D,20201210,000000,15,15.6871,14.5,15.3,2213087,0
LEVGQ.US,D,20201211,000000,15.15,16.24,14.5,15.4,3446651,0
LEVGQ.US,D,20201214,000000,16,16.1,14.85,15.49,2247533,0
LEVGQ.US,D,20201215,000000,14.81,15.4,13.87,14.08,2856823,0
LEVGQ.US,D,20201216,000000,14,14.87,13.61,14.27,2165145,0
LEVGQ.US,D,20201217,000000,14.3,14.69,14.17,14.48,1026754,0
LEVGQ.US,D,20201218,000000,14.34,15.0989,14.3,15,1150821,0
LEVGQ.US,D,20201221,000000,14.77,15.4,14.66,15.02,1845757,0
LEVGQ.US,D,20201222,000000,15.5,15.77,15.15,15.7,1593646,0
LEVGQ.US,D,20201223,000000,16.05,17.74,15.88,17.74,4285242,0
LEVGQ.US,D,20201224,000000,18.12,18.6,17.42,18.4,2517235,0
LEVGQ.US,D,20201228,000000,18.98,20.09,17.51,18.18,3336817,0
LEVGQ.US,D,20201229,000000,18.49,19.23,16.51,17.98,2203259,0
LEVGQ.US,D,20201230,000000,17.43,18.1,17.25,17.81,1945722,0
LEVGQ.US,D,20201231,000000,17.88,18,17.28,17.78,1040559,0
LEVGQ.US,D,20210104,000000,19.8,21.98,18.01,21.18,10815063,0
LEVGQ.US,D,20210105,000000,21.25,22.36,19.72,20.45,5257901,0
LEVGQ.US,D,20210106,000000,20.65,24.16,20.3,23.7,8898969,0
LEVGQ.US,D,20210107,000000,23.5,24.45,22.77,23.61,3389617,0
LEVGQ.US,D,20210108,000000,23.79,26.89,22.5,23.1,5044536,0
LEVGQ.US,D,20210111,000000,23.64,25.27,23.03,24.06,4096042,0
LEVGQ.US,D,20210112,000000,24.05,30.97,23.45,27.3,8543303,0
LEVGQ.US,D,20210113,000000,29.02,31.8,28.52,29.37,10409746,0
LEVGQ.US,D,20210114,000000,34.24,34.8,31.01,32.75,13007667,0
LEVGQ.US,D,20210115,000000,34.8,35.25,31.36,33.48,8512266,0
LEVGQ.US,D,20210119,000000,34.2,34.8,29.61,31.35,7100519,0
LEVGQ.US,D,20210120,000000,29.9,29.92,27.75,28.51,5964902,0
LEVGQ.US,D,20210121,000000,27.75,30.2,26.08,28.21,5816074,0
LEVGQ.US,D,20210122,000000,27.09,28.59,26.75,27.15,2622448,0
LEVGQ.US,D,20210125,000000,28.21,28.95,24.01,28.01,3865921,0
LEVGQ.US,D,20210126,000000,28.3,28.5,26.5918,26.77,2303038,0
LEVGQ.US,D,20210127,000000,25.14,26.65,24.13,24.59,3088229,0
LEVGQ.US,D,20210128,000000,24.87,25.45,22.59,23.24,3420547,0
LEVGQ.US,D,20210129,000000,23.25,26.46,22.65,25.44,3963380,0
LEVGQ.US,D,20210201,000000,25.53,26.85,24.01,26.62,2524287,0
LEVGQ.US,D,20210202,000000,27.3,28.17,26.52,27.58,1926879,0
LEVGQ.US,D,20210203,000000,26.81,27.32,26.15,26.3,1369541,0
LEVGQ.US,D,20210204,000000,26.66,26.709,25.6,26.29,1074961,0
LEVGQ.US,D,20210205,000000,26.52,26.69,25.05,25.49,1525110,0
LEVGQ.US,D,20210208,000000,25.31,25.44,24.33,24.64,1808287,0
LEVGQ.US,D,20210209,000000,24.47,25.88,24.25,25.44,1653344,0
LEVGQ.US,D,20210210,000000,25.5,25.65,23.67,24.66,1548067,0
LEVGQ.US,D,20210211,000000,24.35,24.65,23.34,23.83,1576470,0
LEVGQ.US,D,20210212,000000,23.9,24.85,23.25,24.28,1388361,0
LEVGQ.US,D,20210216,000000,24.33,24.87,23.25,23.63,1548939,0
LEVGQ.US,D,20210217,000000,23.36,24.55,22.65,24.39,1482341,0
LEVGQ.US,D,20210218,000000,23.99,24.28,22.79,23.49,1509106,0
LEVGQ.US,D,20210219,000000,23.93,24.66,23.01,23.01,1922843,0
LEVGQ.US,D,20210222,000000,23,23.25,21.21,21.3,1908860,0
LEVGQ.US,D,20210223,000000,19.7,20.35,18,19.16,2792614,0
LEVGQ.US,D,20210224,000000,19.17,19.93,18.62,18.78,2162004,0
LEVGQ.US,D,20210225,000000,21.06,22.04,19.03,20.28,3460303,0
LEVGQ.US,D,20210226,000000,19.8,20.1882,18.6,19.91,1804076,0
LEVGQ.US,D,20210301,000000,21.01,21.1,20.02,20.89,1498226,0
LEVGQ.US,D,20210302,000000,21,21.15,19.15,19.41,1214697,0
LEVGQ.US,D,20210303,000000,19.3,19.59,17.31,17.85,1593696,0
LEVGQ.US,D,20210304,000000,17.25,17.5984,15.17,16.58,3199603,0
LEVGQ.US,D,20210305,000000,16.31,16.6696,12.75,16.05,4366447,0
LEVGQ.US,D,20210308,000000,15.85,17.7,14.31,15.03,1917379,0
LEVGQ.US,D,20210309,000000,15.92,16.43,15.75,15.78,1232502,0
LEVGQ.US,D,20210310,000000,16.81,17.22,16.3401,16.5,1164868,0
LEVGQ.US,D,20210311,000000,17.5,18.6499,17.1084,17.84,1687018,0
LEVGQ.US,D,20210312,000000,17.13,17.85,17,17.69,1091076,0
LEVGQ.US,D,20210315,000000,20.51,21.4,19.5,20.61,3526718,0
LEVGQ.US,D,20210316,000000,21.5,21.8,18.67,19.26,1947669,0
LEVGQ.US,D,20210317,000000,18.49,19.44,18.2,19.08,1514608,0
LEVGQ.US,D,20210318,000000,19.04,19.04,17.51,17.81,1403989,0
LEVGQ.US,D,20210319,000000,18,18.47,16.71,18.2,1609340,0
LEVGQ.US,D,20210322,000000,19.8,19.8,18.73,19.45,1146401,0
LEVGQ.US,D,20210323,000000,19.24,20.19,18.53,18.8,1327233,0
LEVGQ.US,D,20210324,000000,18.95,19.3999,17.07,17.29,2341370,0
LEVGQ.US,D,20210325,000000,17,18.13,16.3,18.1,1938847,0
LEVGQ.US,D,20210326,000000,18.5,18.5899,17.32,18.03,964461,0
LEVGQ.US,D,20210329,000000,17.95,18,16.6,16.92,1121937,0
LEVGQ.US,D,20210330,000000,16.5,16.96,15.65,16.73,1543389,0
LEVGQ.US,D,20210331,000000,16.62,17.25,15.75,16.31,2006169,0
LEVGQ.US,D,20210401,000000,17.03,17.24,16.27,16.94,1310589,0
LEVGQ.US,D,20210405,000000,17.5,17.5,16.34,16.6,1254558,0
LEVGQ.US,D,20210406,000000,16.7,17.4,16.35,17.09,856380,0
LEVGQ.US,D,20210407,000000,17.23,17.5,16.45,16.6,769109,0
LEVGQ.US,D,20210408,000000,16.84,17.38,16.35,17.24,565289,0
LEVGQ.US,D,20210409,000000,17.63,17.63,17.13,17.42,740706,0
LEVGQ.US,D,20210412,000000,18,18,16.51,16.52,793890,0
LEVGQ.US,D,20210413,000000,16.71,16.9465,16.01,16.26,981958,0
LEVGQ.US,D,20210414,000000,16.19,16.28,15.7,16.18,1187931,0
LEVGQ.US,D,20210415,000000,16.04,16.3,14.9,15.45,1656246,0
LEVGQ.US,D,20210416,000000,15.35,15.49,14.97,15.17,756926,0
LEVGQ.US,D,20210419,000000,14.91,15.17,13.83,14,1432057,0
LEVGQ.US,D,20210420,000000,13.9,14.06,12.76,13.18,1594060,0
LEVGQ.US,D,20210421,000000,13.4,15.8575,13.0504,15.63,2482329,0
LEVGQ.US,D,20210422,000000,16,16.47,14.8,15.17,1345889,0
LEVGQ.US,D,20210423,000000,15.99,17.3198,15.5501,16.9,2134729,0
LEVGQ.US,D,20210426,000000,18.51,18.65,17.3,18.54,1822458,0
LEVGQ.US,D,20210427,000000,19,19,17.32,18.52,1284110,0
LEVGQ.US,D,20210428,000000,18.33,18.93,17.55,18.51,786430,0
LEVGQ.US,D,20210429,000000,18.47,19.21,17.9,18.5,824362,0
LEVGQ.US,D,20210430,000000,17.79,18.75,17.56,18.6,928173,0
LEVGQ.US,D,20210503,000000,19.04,19.04,17.3,17.75,668954,0
LEVGQ.US,D,20210504,000000,17.6,17.7,16.3,16.95,841151,0
LEVGQ.US,D,20210505,000000,17.11,17.46,16.8,17.3,307380,0
LEVGQ.US,D,20210506,000000,16.9,17.2981,15.74,16.17,1236003,0
LEVGQ.US,D,20210507,000000,18.5,20.2,17.11,17.76,1812571,0
LEVGQ.US,D,20210510,000000,19.55,20.2,17.17,17.31,1931608,0
LEVGQ.US,D,20210511,000000,16.65,16.7,15.52,15.78,2899000,0
LEVGQ.US,D,20210512,000000,15.7,16.17,15.01,15.03,1287095,0
LEVGQ.US,D,20210513,000000,15.49,15.9701,13.87,14.05,1686637,0
LEVGQ.US,D,20210514,000000,14.44,15.4,14.25,15.09,1535776,0
LEVGQ.US,D,20210517,000000,15.92,16.62,15.5,16.58,1586176,0
LEVGQ.US,D,20210518,000000,17.05,17.85,16.78,17.25,1544842,0
LEVGQ.US,D,20210519,000000,17.12,17.66,16.5,17.55,1051229,0
LEVGQ.US,D,20210520,000000,17.86,18.75,17.57,18.32,1174974,0
LEVGQ.US,D,20210521,000000,18.6,19.47,18.4,19.17,1364656,0
LEVGQ.US,D,20210524,000000,19.63,20,18.8901,19.76,934650,0
LEVGQ.US,D,20210525,000000,19.62,20.62,19.62,20.05,1549314,0
LEVGQ.US,D,20210526,000000,20.33,20.6619,19.63,19.95,1538956,0
LEVGQ.US,D,20210527,000000,20.22,20.44,18.87,19.16,1180957,0
LEVGQ.US,D,20210528,000000,19.05,19.9,19.02,19.07,898006,0
LEVGQ.US,D,20210601,000000,19.84,19.84,18.8,18.87,749256,0
LEVGQ.US,D,20210602,000000,18.96,19.17,18.76,19.06,799884,0
LEVGQ.US,D,20210603,000000,18.9,19.58,18.14,19.53,1347312,0
LEVGQ.US,D,20210604,000000,19.55,21.61,19.43,20.44,4005815,0
LEVGQ.US,D,20210607,000000,20.72,21.89,20.38,21.46,2055574,0
LEVGQ.US,D,20210608,000000,21.57,23.45,21.55,22.4,2575467,0
LEVGQ.US,D,20210609,000000,22.2,22.6,21.14,21.31,1901205,0
LEVGQ.US,D,20210610,000000,21.2,21.71,20.53,20.68,1244342,0
LEVGQ.US,D,20210611,000000,20.68,20.84,19.6169,19.76,1329826,0
LEVGQ.US,D,20210614,000000,19.9,20.03,18.26,18.79,1655253,0
LEVGQ.US,D,20210615,000000,18.35,18.5,17.28,17.84,2629139,0
LEVGQ.US,D,20210616,000000,17.8,19.33,17.61,18.8,2096353,0
LEVGQ.US,D,20210617,000000,18.78,19.44,17.91,19.42,2004770,0
LEVGQ.US,D,20210618,000000,19.11,19.41,18.37,18.56,1707163,0
LEVGQ.US,D,20210621,000000,18.3,18.56,17.85,18.37,1040396,0
LEVGQ.US,D,20210622,000000,18.11,18.57,17.94,18.37,1105374,0
LEVGQ.US,D,20210623,000000,18.49,19.31,18.47,19,1326356,0
LEVGQ.US,D,20210624,000000,19.13,19.39,18.88,19.23,660283,0
LEVGQ.US,D,20210625,000000,19.21,19.45,18.81,18.98,519156,0
LEVGQ.US,D,20210628,000000,18.75,19.89,18.75,19.6,981001,0
LEVGQ.US,D,20210629,000000,19.65,20.05,19.4,20,3922560,0
LEVGQ.US,D,20210630,000000,19.96,19.98,19.25,19.44,984966,0
LEVGQ.US,D,20210701,000000,19.24,19.9,19.2209,19.56,497972,0
LEVGQ.US,D,20210702,000000,19.57,19.7,19.14,19.36,422736,0
LEVGQ.US,D,20210706,000000,19.18,19.57,18.65,18.74,522543,0
LEVGQ.US,D,20210707,000000,18.55,19.1608,18.14,18.85,629158,0
LEVGQ.US,D,20210708,000000,18.06,18.44,17.91,17.94,739807,0
LEVGQ.US,D,20210709,000000,18,18.17,17.65,17.71,712586,0
LEVGQ.US,D,20210712,000000,17.53,17.75,16.79,17,1019398,0
LEVGQ.US,D,20210713,000000,16.72,17,15.88,16.02,1185425,0
LEVGQ.US,D,20210714,000000,16.1,16.18,14.9,15.22,1593898,0
LEVGQ.US,D,20210715,000000,15,15.8,14.91,15.13,829988,0
LEVGQ.US,D,20210716,000000,15.17,15.42,15,15.16,734121,0
LEVGQ.US,D,20210719,000000,14.89,14.92,14.08,14.23,1727252,0
LEVGQ.US,D,20210720,000000,14.4,14.9,14.19,14.59,671676,0
LEVGQ.US,D,20210721,000000,14.86,15.47,14.72,15.24,652477,0
LEVGQ.US,D,20210722,000000,15.3,15.47,14.61,15.04,637681,0
LEVGQ.US,D,20210723,000000,15.11,15.17,14.32,14.39,927082,0
LEVGQ.US,D,20210726,000000,14.49,15.5,14.32,15.47,742922,0
LEVGQ.US,D,20210727,000000,15.26,15.27,14.62,14.82,775725,0
LEVGQ.US,D,20210728,000000,14.67,15.4,14.67,15.34,437877,0
LEVGQ.US,D,20210729,000000,15.42,15.75,15.15,15.43,311511,0
LEVGQ.US,D,20210730,000000,15.15,15.69,14.8996,15.4,400287,0
LEVGQ.US,D,20210802,000000,15.33,15.64,14.76,14.86,535992,0
LEVGQ.US,D,20210803,000000,14.99,15.16,14.38,14.56,492825,0
LEVGQ.US,D,20210804,000000,14.6,14.6,14.05,14.3,597315,0
LEVGQ.US,D,20210805,000000,14.36,14.68,14.3,14.59,456364,0
LEVGQ.US,D,20210806,000000,14.61,14.77,14.34,14.49,408572,0
LEVGQ.US,D,20210809,000000,14.38,14.84,14.35,14.65,503123,0
LEVGQ.US,D,20210810,000000,14.86,15.97,14.69,15.53,1030546,0
LEVGQ.US,D,20210811,000000,15.76,15.96,14.7766,15.34,887224,0
LEVGQ.US,D,20210812,000000,15.06,15.32,14.35,14.37,1260842,0
LEVGQ.US,D,20210813,000000,14.67,14.75,13.92,14.05,1159935,0
LEVGQ.US,D,20210816,000000,14.16,14.2,13.3,13.49,988526,0
LEVGQ.US,D,20210817,000000,13.33,13.44,12.45,12.55,1271866,0
LEVGQ.US,D,20210818,000000,12.69,12.74,11.94,12.25,1271897,0
LEVGQ.US,D,20210819,000000,12.21,12.215,11.71,11.82,1059875,0
LEVGQ.US,D,20210820,000000,11.77,11.91,11.45,11.51,1163825,0
LEVGQ.US,D,20210823,000000,11.76,12.4,11.29,12.4,1221373,0
LEVGQ.US,D,20210824,000000,12.6,12.71,11.94,12.35,1131363,0
LEVGQ.US,D,20210825,000000,12.36,12.61,12.07,12.13,669794,0
LEVGQ.US,D,20210826,000000,12.05,12.37,12.03,12.09,596023,0
LEVGQ.US,D,20210827,000000,12.06,12.4,11.97,12.34,591840,0
LEVGQ.US,D,20210830,000000,12.36,12.46,11.92,12.19,535594,0
LEVGQ.US,D,20210831,000000,12.15,12.28,11.84,11.96,747609,0
LEVGQ.US,D,20210901,000000,11.98,12.21,11.93,11.97,607437,0
LEVGQ.US,D,20210902,000000,12.03,12.33,11.96,12.23,538160,0
LEVGQ.US,D,20210903,000000,12.3,12.33,12.0301,12.2,497350,0
LEVGQ.US,D,20210907,000000,12.23,12.4,11.86,11.9,972930,0
LEVGQ.US,D,20210908,000000,11.81,11.9,11.06,11.17,1973659,0
LEVGQ.US,D,20210909,000000,11.29,11.49,11.05,11.19,1096065,0
LEVGQ.US,D,20210910,000000,11.35,11.38,10.9,10.92,982779,0
LEVGQ.US,D,20210913,000000,11.08,12.03,10.97,11.65,2158935,0
LEVGQ.US,D,20210914,000000,11.94,12.94,11.8,12.47,2417113,0
LEVGQ.US,D,20210915,000000,12.64,12.84,12.025,12.21,1655188,0
LEVGQ.US,D,20210916,000000,12.13,12.95,12.12,12.74,1283068,0
LEVGQ.US,D,20210917,000000,12.91,13.57,12.74,13.09,6080292,0
LEVGQ.US,D,20210920,000000,12.81,12.87,12.088,12.73,1215219,0
LEVGQ.US,D,20210921,000000,12.93,13.25,12.78,12.97,1088073,0
LEVGQ.US,D,20210922,000000,13.23,13.4,12.36,12.46,1322945,0
LEVGQ.US,D,20210923,000000,12.7,13.35,12.58,13.34,1476989,0
LEVGQ.US,D,20210924,000000,13.54,13.649,13.07,13.1,901836,0
LEVGQ.US,D,20210927,000000,12.99,13.54,12.978,13.4,649476,0
LEVGQ.US,D,20210928,000000,13.18,13.4,12.61,12.69,780004,0
LEVGQ.US,D,20210929,000000,12.76,13.05,12.5,12.5,1660900,0
LEVGQ.US,D,20210930,000000,12.51,12.87,12.4553,12.62,682317,0
LEVGQ.US,D,20211001,000000,12.65,12.79,12.18,12.32,813795,0
LEVGQ.US,D,20211004,000000,12.3,12.365,11.53,11.55,827951,0
LEVGQ.US,D,20211005,000000,11.5,11.6772,11.29,11.39,513117,0
LEVGQ.US,D,20211006,000000,11.21,11.26,10.96,11.09,978843,0
LEVGQ.US,D,20211007,000000,11.32,11.34,10.99,11,1705982,0
LEVGQ.US,D,20211008,000000,11.1,11.15,10.65,10.66,1034920,0
LEVGQ.US,D,20211011,000000,10.61,11,10.48,10.8,615534,0
LEVGQ.US,D,20211012,000000,10.67,11.28,10.58,10.92,1172811,0
LEVGQ.US,D,20211013,000000,10.93,11.16,10.66,11.12,619056,0
LEVGQ.US,D,20211014,000000,11.29,11.49,11.03,11.3,839457,0
LEVGQ.US,D,20211015,000000,11.27,11.31,10.97,11.04,1129862,0
LEVGQ.US,D,20211018,000000,11,11.17,10.77,10.83,1017148,0
LEVGQ.US,D,20211019,000000,11,11.42,10.86,11.39,1019682,0
LEVGQ.US,D,20211020,000000,11.45,11.72,11.25,11.34,681850,0
LEVGQ.US,D,20211021,000000,11.48,12.16,11.48,12.15,1387571,0
LEVGQ.US,D,20211022,000000,12.24,12.25,11.82,11.96,706464,0
LEVGQ.US,D,20211025,000000,12.5,13.38,12.35,13.31,1922687,0
LEVGQ.US,D,20211026,000000,13.77,14.03,13.33,13.45,1741101,0
LEVGQ.US,D,20211027,000000,13.52,13.791,13.21,13.25,819174,0
LEVGQ.US,D,20211028,000000,13.39,14.67,13.34,14.31,2670379,0
LEVGQ.US,D,20211029,000000,14.24,14.4,13.91,14.25,1047892,0
LEVGQ.US,D,20211101,000000,14.3,14.77,14.175,14.33,881189,0
LEVGQ.US,D,20211102,000000,14.33,14.47,13.945,13.99,1018599,0
LEVGQ.US,D,20211103,000000,14.35,14.4,12.84,12.95,2217988,0
LEVGQ.US,D,20211104,000000,13.01,13.16,12.47,12.57,1611621,0
LEVGQ.US,D,20211105,000000,12.7,12.819,12.5,12.67,766817,0
LEVGQ.US,D,20211108,000000,13.28,13.64,12.83,13.2,2588133,0
LEVGQ.US,D,20211109,000000,13.25,13.34,12.455,12.6,1272634,0
LEVGQ.US,D,20211110,000000,12.55,12.7,12.06,12.17,1317403,0
LEVGQ.US,D,20211111,000000,12.12,13.1,11.5969,12.92,2206781,0
LEVGQ.US,D,20211112,000000,13.08,13.17,12.46,12.88,957061,0
LEVGQ.US,D,20211115,000000,12.81,12.99,12.2,12.3,1455458,0
LEVGQ.US,D,20211116,000000,12.23,12.28,11.6629,11.76,1292688,0
LEVGQ.US,D,20211117,000000,11.76,11.88,11.35,11.42,1592549,0
LEVGQ.US,D,20211118,000000,11.65,11.67,10.94,11.08,1562093,0
LEVGQ.US,D,20211119,000000,11.06,11.55,10.85,11.25,1078327,0
LEVGQ.US,D,20211122,000000,11.43,11.63,10.98,11.12,950739,0
LEVGQ.US,D,20211123,000000,10.94,11.3,10.77,10.96,831333,0
LEVGQ.US,D,20211124,000000,10.98,11.34,10.74,11.23,646007,0
LEVGQ.US,D,20211126,000000,10.9,11.2,10.76,11.12,488857,0
LEVGQ.US,D,20211129,000000,11.16,11.25,10.72,11.13,742969,0
LEVGQ.US,D,20211130,000000,10.94,11.36,10.645,10.9,1226407,0
LEVGQ.US,D,20211201,000000,10.9,11.03,9.99,10,1520890,0
LEVGQ.US,D,20211202,000000,10,10.37,9.7,9.95,1218539,0
LEVGQ.US,D,20211203,000000,9.93,10.08,9.1,9.26,1556900,0
LEVGQ.US,D,20211206,000000,9.4,10.48,9.18,10.31,1972817,0
LEVGQ.US,D,20211207,000000,10.64,10.95,10.46,10.69,956031,0
LEVGQ.US,D,20211208,000000,10.85,11.53,10.67,11.42,1182723,0
LEVGQ.US,D,20211209,000000,11.07,11.61,10.76,10.84,1034801,0
LEVGQ.US,D,20211210,000000,10.9,11.2,10.41,10.48,951910,0
LEVGQ.US,D,20211213,000000,10.35,10.48,9.67,9.74,1278241,0
LEVGQ.US,D,20211214,000000,9.82,10.15,9.61,9.7,1110522,0
LEVGQ.US,D,20211215,000000,9.7,9.7199,9.17,9.66,877658,0
LEVGQ.US,D,20211216,000000,9.88,9.95,9.32,9.4,797965,0
LEVGQ.US,D,20211217,000000,9.16,9.47,8.8176,9.39,1292149,0
LEVGQ.US,D,20211220,000000,9.18,9.28,8.9,9.11,805195,0
LEVGQ.US,D,20211221,000000,9.2,9.57,9.18,9.49,698163,0
LEVGQ.US,D,20211222,000000,9.49,9.58,9.275,9.44,612436,0
LEVGQ.US,D,20211223,000000,9.44,9.85,9.37,9.74,755874,0
LEVGQ.US,D,20211227,000000,9.72,9.78,9.46,9.54,712057,0
LEVGQ.US,D,20211228,000000,9.41,9.64,9.31,9.57,772350,0
LEVGQ.US,D,20211229,000000,9.66,9.75,9.2207,9.3,962820,0
LEVGQ.US,D,20211230,000000,9.22,10.045,9.22,9.82,1894758,0
LEVGQ.US,D,20211231,000000,9.68,10.02,9.59,9.94,1457334,0
LEVGQ.US,D,20220103,000000,9.93,10.18,9.58,9.99,1321807,0
LEVGQ.US,D,20220104,000000,10.15,10.15,9.31,9.83,1323611,0
LEVGQ.US,D,20220105,000000,9.78,10,9.409,9.43,767645,0
LEVGQ.US,D,20220106,000000,9.45,9.6196,9.09,9.46,833199,0
LEVGQ.US,D,20220107,000000,9.47,9.77,9.43,9.68,538048,0
LEVGQ.US,D,20220110,000000,9.58,9.6638,9.235,9.5,727220,0
LEVGQ.US,D,20220111,000000,9.55,10.06,9.45,9.64,934951,0
LEVGQ.US,D,20220112,000000,9.74,9.86,9.53,9.59,705888,0
LEVGQ.US,D,20220113,000000,9.625,9.8,9.52,9.64,588183,0
LEVGQ.US,D,20220114,000000,9.54,9.87,9.53,9.84,486551,0
LEVGQ.US,D,20220118,000000,9.74,9.82,9.27,9.31,1360809,0
LEVGQ.US,D,20220119,000000,9.43,9.435,8.85,8.86,842089,0
LEVGQ.US,D,20220120,000000,8.96,9.285,8.59,8.61,894978,0
LEVGQ.US,D,20220121,000000,8.53,8.64,8.02,8.02,1091159,0
LEVGQ.US,D,20220124,000000,7.69,8,7.2,7.99,1386183,0
LEVGQ.US,D,20220125,000000,7.66,7.93,7.5,7.67,1356427,0
LEVGQ.US,D,20220126,000000,8.02,8.45,7.78,7.82,818667,0
LEVGQ.US,D,20220127,000000,8.01,8.0524,7.515,7.63,882701,0
LEVGQ.US,D,20220128,000000,7.61,7.98,7.49,7.97,1033377,0
LEVGQ.US,D,20220131,000000,8.12,8.77,8.03,8.77,827294,0
LEVGQ.US,D,20220201,000000,8.95,9.09,8.7316,8.88,848696,0
LEVGQ.US,D,20220202,000000,8.94,9.02,8.4301,8.67,982564,0
LEVGQ.US,D,20220203,000000,8.4,8.77,8.295,8.32,467599,0
LEVGQ.US,D,20220204,000000,8.3,8.64,8.23,8.54,469273,0
LEVGQ.US,D,20220207,000000,8.67,8.937,8.47,8.63,279462,0
LEVGQ.US,D,20220208,000000,8.57,8.7,8.43,8.63,412649,0
LEVGQ.US,D,20220209,000000,8.64,8.7,8.52,8.65,814174,0
LEVGQ.US,D,20220210,000000,8.45,8.81,8.431,8.48,780336,0
LEVGQ.US,D,20220211,000000,8.5,8.72,8.23,8.34,504106,0
LEVGQ.US,D,20220214,000000,8.26,8.68,8.18,8.48,462720,0
LEVGQ.US,D,20220215,000000,8.7,9.05,8.63,8.94,569147,0
LEVGQ.US,D,20220216,000000,8.89,9,8.775,8.88,285019,0
LEVGQ.US,D,20220217,000000,8.85,8.8524,8.28,8.37,858604,0
LEVGQ.US,D,20220218,000000,8.31,8.35,8.07,8.1,723521,0
LEVGQ.US,D,20220222,000000,8.05,8.07,7.56,7.6,1119186,0
LEVGQ.US,D,20220223,000000,7.75,7.94,7.46,7.49,977758,0
LEVGQ.US,D,20220224,000000,6.95,7.52,6.77,7.5,1328852,0
LEVGQ.US,D,20220225,000000,7.67,8.3,7.55,8.01,920525,0
LEVGQ.US,D,20220228,000000,7.92,8.32,7.7977,8.05,1035680,0
LEVGQ.US,D,20220301,000000,8.09,8.18,7.77,8.06,551965,0
LEVGQ.US,D,20220302,000000,8.04,8.28,7.8699,8.15,595921,0
LEVGQ.US,D,20220303,000000,8.19,8.29,7.82,7.91,485570,0
LEVGQ.US,D,20220304,000000,7.77,7.95,7.42,7.47,936028,0
LEVGQ.US,D,20220307,000000,7.4,7.66,7.12,7.12,841706,0
LEVGQ.US,D,20220308,000000,7.34,8.07,7.18,7.81,1164720,0
LEVGQ.US,D,20220309,000000,8.05,8.17,7.905,8.02,820171,0
LEVGQ.US,D,20220310,000000,7.81,8.04,7.71,8.02,442415,0
LEVGQ.US,D,20220311,000000,8.05,8.15,7.75,7.84,445484,0
LEVGQ.US,D,20220314,000000,7.95,7.97,7.41,7.42,755323,0
LEVGQ.US,D,20220315,000000,7.54,7.61,7.035,7.44,950284,0
LEVGQ.US,D,20220316,000000,7.58,7.98,7.56,7.96,1124725,0
LEVGQ.US,D,20220317,000000,7.85,8.1,7.77,8.08,683903,0
LEVGQ.US,D,20220318,000000,8,8.83,8,8.76,2197091,0
LEVGQ.US,D,20220321,000000,8.82,8.96,8.585,8.75,656823,0
LEVGQ.US,D,20220322,000000,8.79,8.93,8.7,8.8,743694,0
LEVGQ.US,D,20220323,000000,8.75,8.85,8.53,8.65,575435,0
LEVGQ.US,D,20220324,000000,8.67,9.2099,8.6,8.96,808476,0
LEVGQ.US,D,20220325,000000,9.02,9.06,8.71,8.94,546834,0
LEVGQ.US,D,20220328,000000,8.99,9.0477,8.55,8.7,563281,0
LEVGQ.US,D,20220329,000000,8.81,9,8.7,8.95,747812,0
LEVGQ.US,D,20220330,000000,8.93,9.14,8.74,8.76,549086,0
LEVGQ.US,D,20220331,000000,8.78,8.78,8.4,8.4,467864,0
LEVGQ.US,D,20220401,000000,8.51,8.65,8.11,8.17,419835,0
LEVGQ.US,D,20220404,000000,8.19,8.45,8.19,8.38,366358,0
LEVGQ.US,D,20220405,000000,8.5,8.57,8.1363,8.2,413842,0
LEVGQ.US,D,20220406,000000,8.14,8.19,7.84,8.03,538234,0
LEVGQ.US,D,20220407,000000,7.95,8.05,7.61,7.75,408991,0
LEVGQ.US,D,20220408,000000,7.77,7.77,7.54,7.54,396194,0
LEVGQ.US,D,20220411,000000,7.42,7.59,7.3,7.51,711400,0
LEVGQ.US,D,20220412,000000,7.61,7.76,7.285,7.33,565555,0
LEVGQ.US,D,20220413,000000,7.38,7.56,7.3,7.43,470385,0
LEVGQ.US,D,20220414,000000,7.36,7.49,7.16,7.19,470286,0
LEVGQ.US,D,20220418,000000,7.23,7.27,6.83,6.89,750672,0
LEVGQ.US,D,20220419,000000,6.9,7.21,6.7799,7.19,731317,0
LEVGQ.US,D,20220420,000000,7.22,7.23,6.88,6.91,429456,0
LEVGQ.US,D,20220421,000000,7.02,7.07,6.67,6.72,613105,0
LEVGQ.US,D,20220422,000000,6.75,6.75,6.42,6.52,604858,0
LEVGQ.US,D,20220425,000000,6.56,6.79,6.38,6.74,789367,0
LEVGQ.US,D,20220426,000000,6.65,6.65,6.24,6.24,561606,0
LEVGQ.US,D,20220427,000000,6.38,6.56,6.25,6.3,609018,0
LEVGQ.US,D,20220428,000000,6.4,6.43,6.04,6.3,523845,0
LEVGQ.US,D,20220429,000000,6.23,6.58,6.09,6.11,574230,0
LEVGQ.US,D,20220502,000000,6.05,6.24,5.9846,6.21,663622,0
LEVGQ.US,D,20220503,000000,6.2,6.3,6.09,6.21,740516,0
LEVGQ.US,D,20220504,000000,6.38,6.51,5.985,6.5,666505,0
LEVGQ.US,D,20220505,000000,6.34,6.37,5.99,6.04,740767,0
LEVGQ.US,D,20220506,000000,5.98,6.09,5.825,5.91,579565,0
LEVGQ.US,D,20220509,000000,5.8,5.83,5.56,5.59,774969,0
LEVGQ.US,D,20220510,000000,5.7,5.84,5.105,5.12,1169773,0
LEVGQ.US,D,20220511,000000,5.14,5.25,4.89,4.92,1476613,0
LEVGQ.US,D,20220512,000000,4.78,5.25,4.73,5.21,917557,0
LEVGQ.US,D,20220513,000000,5.36,5.535,5.29,5.35,767746,0
LEVGQ.US,D,20220516,000000,5.33,5.53,5.25,5.47,692581,0
LEVGQ.US,D,20220517,000000,5.55,5.795,5.51,5.67,799291,0
LEVGQ.US,D,20220518,000000,5.56,5.68,5.36,5.37,459198,0
LEVGQ.US,D,20220519,000000,5.29,5.66,5.29,5.51,558808,0
LEVGQ.US,D,20220520,000000,5.57,5.63,5.2,5.35,636997,0
LEVGQ.US,D,20220523,000000,5.39,5.63,5.1971,5.62,347579,0
LEVGQ.US,D,20220524,000000,5.46,5.57,5.215,5.28,527855,0
LEVGQ.US,D,20220525,000000,5.23,5.34,5.08,5.28,429323,0
LEVGQ.US,D,20220526,000000,5.31,5.54,5.27,5.46,481318,0
LEVGQ.US,D,20220527,000000,5.5,5.68,5.5,5.67,490289,0
LEVGQ.US,D,20220531,000000,5.79,5.99,5.72,5.77,703539,0
LEVGQ.US,D,20220601,000000,5.8,5.86,5.35,5.37,541833,0
LEVGQ.US,D,20220602,000000,5.36,5.65,5.35,5.63,424164,0
LEVGQ.US,D,20220603,000000,5.44,5.56,5.36,5.36,364674,0
LEVGQ.US,D,20220606,000000,5.41,5.47,5.285,5.44,511506,0
LEVGQ.US,D,20220607,000000,5.33,5.46,5.27,5.44,514021,0
LEVGQ.US,D,20220608,000000,5.44,5.6,5.37,5.52,447115,0
LEVGQ.US,D,20220609,000000,5.51,5.51,5.25,5.26,535774,0
LEVGQ.US,D,20220610,000000,5.2,5.265,5.025,5.14,949888,0
LEVGQ.US,D,20220613,000000,4.98,5.085,4.87,4.97,1016575,0
LEVGQ.US,D,20220614,000000,4.99,5,4.68,4.71,840005,0
LEVGQ.US,D,20220615,000000,4.78,4.8788,4.67,4.82,726659,0
LEVGQ.US,D,20220616,000000,4.71,4.71,4.36,4.44,921087,0
LEVGQ.US,D,20220617,000000,4.46,4.69,4.335,4.54,1919336,0
LEVGQ.US,D,20220621,000000,4.63,4.855,4.6,4.74,801334,0
LEVGQ.US,D,20220622,000000,4.7,4.76,4.405,4.44,1004182,0
LEVGQ.US,D,20220623,000000,4.51,4.58,4.33,4.58,1116620,0
LEVGQ.US,D,20220624,000000,4.64,4.8,4.62,4.73,803320,0
LEVGQ.US,D,20220627,000000,4.88,4.9,4.54,4.6,693691,0
LEVGQ.US,D,20220628,000000,4.62,4.65,4.39,4.46,966329,0
LEVGQ.US,D,20220629,000000,4.46,4.54,4.11,4.34,2829025,0
LEVGQ.US,D,20220630,000000,4.21,4.39,4.145,4.21,845091,0
LEVGQ.US,D,20220701,000000,4.21,4.38,4.2,4.26,582027,0
LEVGQ.US,D,20220705,000000,4.15,4.33,4.07,4.33,921543,0
LEVGQ.US,D,20220706,000000,4.36,4.4401,4.23,4.37,614429,0
LEVGQ.US,D,20220707,000000,4.42,4.6,4.4,4.58,557341,0
LEVGQ.US,D,20220708,000000,4.56,4.72,4.54,4.67,663528,0
LEVGQ.US,D,20220711,000000,4.6,4.64,4.34,4.35,755410,0
LEVGQ.US,D,20220712,000000,4.33,4.41,4.275,4.37,844416,0
LEVGQ.US,D,20220713,000000,4.28,4.3396,4.21,4.29,590944,0
LEVGQ.US,D,20220714,000000,4.23,4.32,4.1013,4.3,684006,0
LEVGQ.US,D,20220715,000000,4.32,4.38,4.235,4.29,470361,0
LEVGQ.US,D,20220718,000000,4.33,4.52,4.33,4.42,484871,0
LEVGQ.US,D,20220719,000000,4.51,4.66,4.5,4.64,437188,0
LEVGQ.US,D,20220720,000000,4.66,5.11,4.64,5.11,979541,0
LEVGQ.US,D,20220721,000000,5.11,5.14,4.99,5.09,668713,0
LEVGQ.US,D,20220722,000000,5.11,5.11,4.73,4.75,411166,0
LEVGQ.US,D,20220725,000000,4.73,4.83,4.66,4.78,377013,0
LEVGQ.US,D,20220726,000000,4.77,4.77,4.53,4.54,408585,0
LEVGQ.US,D,20220727,000000,4.58,4.69,4.52,4.68,309696,0
LEVGQ.US,D,20220728,000000,4.71,5.04,4.65,5.04,782221,0
LEVGQ.US,D,20220729,000000,5.02,5.04,4.785,4.91,477227,0
LEVGQ.US,D,20220801,000000,4.84,4.94,4.7,4.89,350085,0
LEVGQ.US,D,20220802,000000,4.83,5.07,4.83,5.05,584013,0
LEVGQ.US,D,20220803,000000,5.09,5.255,5.06,5.23,697673,0
LEVGQ.US,D,20220804,000000,5.29,5.405,5.2247,5.37,705044,0
LEVGQ.US,D,20220805,000000,5.3,5.44,5.2,5.38,654747,0
LEVGQ.US,D,20220808,000000,5.44,5.66,5.395,5.56,840776,0
LEVGQ.US,D,20220809,000000,5.57,5.57,5.11,5.19,701579,0
LEVGQ.US,D,20220810,000000,5.3,5.47,5.16,5.47,964575,0
LEVGQ.US,D,20220811,000000,5.53,5.53,5.175,5.19,740424,0
LEVGQ.US,D,20220812,000000,5.3,5.36,5.105,5.29,692221,0
LEVGQ.US,D,20220815,000000,5.25,5.34,5.0492,5.12,694768,0
LEVGQ.US,D,20220816,000000,5.11,5.13,4.875,5.12,1253571,0
LEVGQ.US,D,20220817,000000,5.02,5.02,4.83,4.83,708389,0
LEVGQ.US,D,20220818,000000,4.79,4.85,4.61,4.8,1364614,0
LEVGQ.US,D,20220819,000000,4.68,4.72,4.47,4.47,839995,0
LEVGQ.US,D,20220822,000000,4.4,4.41,4.19,4.22,1000250,0
LEVGQ.US,D,20220823,000000,4.26,4.29,4.14,4.17,822629,0
LEVGQ.US,D,20220824,000000,4.21,4.33,4.16,4.22,584577,0
LEVGQ.US,D,20220825,000000,4.25,4.29,4.1101,4.14,836599,0
LEVGQ.US,D,20220826,000000,4.11,4.16,3.98,4.02,924417,0
LEVGQ.US,D,20220829,000000,3.95,4.09,3.9,3.92,572113,0
LEVGQ.US,D,20220830,000000,3.97,3.983,3.75,3.79,642673,0
LEVGQ.US,D,20220831,000000,3.86,3.92,3.765,3.84,592548,0
LEVGQ.US,D,20220901,000000,3.9,4.06,3.77,3.97,1914131,0
LEVGQ.US,D,20220902,000000,4.1,4.1,3.779,3.85,1335767,0
LEVGQ.US,D,20220906,000000,3.86,3.95,3.76,3.89,1039069,0
LEVGQ.US,D,20220907,000000,3.92,3.92,3.76,3.88,828630,0
LEVGQ.US,D,20220908,000000,3.84,3.89,3.71,3.88,905631,0
LEVGQ.US,D,20220909,000000,3.87,3.98,3.86,3.92,743132,0
LEVGQ.US,D,20220912,000000,3.95,3.96,3.81,3.93,847368,0
LEVGQ.US,D,20220913,000000,3.81,3.81,3.69,3.75,962347,0
LEVGQ.US,D,20220914,000000,3.75,3.83,3.66,3.82,628790,0
LEVGQ.US,D,20220915,000000,3.78,3.9,3.704,3.71,1014218,0
LEVGQ.US,D,20220916,000000,3.67,3.69,3.455,3.55,2002316,0
LEVGQ.US,D,20220919,000000,3.5,3.56,3.44,3.47,926933,0
LEVGQ.US,D,20220920,000000,3.41,3.42,3.28,3.31,1503129,0
LEVGQ.US,D,20220921,000000,3.34,3.37,3.2,3.25,1289773,0
LEVGQ.US,D,20220922,000000,3.21,3.28,2.97,3.03,1650998,0
LEVGQ.US,D,20220923,000000,2.97,3.025,2.92,3.01,2177129,0
LEVGQ.US,D,20220926,000000,2.97,3.1,2.86,2.87,1335298,0
LEVGQ.US,D,20220927,000000,2.98,3.08,2.92,2.98,1563866,0
LEVGQ.US,D,20220928,000000,2.98,3.09,2.97,3.05,1250925,0
LEVGQ.US,D,20220929,000000,3.01,3.06,2.83,2.85,3534839,0
LEVGQ.US,D,20220930,000000,2.85,2.95,2.82,2.86,1455591,0
LEVGQ.US,D,20221003,000000,2.9,3.09,2.82,3.07,1572697,0
LEVGQ.US,D,20221004,000000,3.12,3.205,3.065,3.14,1271239,0
LEVGQ.US,D,20221005,000000,3.07,3.07,2.9,2.95,1494750,0
LEVGQ.US,D,20221006,000000,2.94,3.01,2.82,2.84,1777087,0
LEVGQ.US,D,20221007,000000,2.84,2.84,2.65,2.66,1367332,0
LEVGQ.US,D,20221010,000000,2.65,2.67,2.505,2.53,985903,0
LEVGQ.US,D,20221011,000000,2.58,2.6282,2.45,2.55,1034026,0
LEVGQ.US,D,20221012,000000,2.54,2.59,2.5,2.54,950102,0
LEVGQ.US,D,20221013,000000,2.42,2.56,2.38,2.54,1563996,0
LEVGQ.US,D,20221014,000000,2.57,2.6,2.44,2.46,1034102,0
LEVGQ.US,D,20221017,000000,2.55,2.675,2.52,2.59,645031,0
LEVGQ.US,D,20221018,000000,2.63,2.73,2.56,2.6,636677,0
LEVGQ.US,D,20221019,000000,2.56,2.5708,2.43,2.49,829988,0
LEVGQ.US,D,20221020,000000,2.49,2.585,2.42,2.42,589431,0
LEVGQ.US,D,20221021,000000,2.52,2.53,2.36,2.48,1166279,0
LEVGQ.US,D,20221024,000000,2.52,2.54,2.42,2.48,688172,0
LEVGQ.US,D,20221025,000000,2.51,2.76,2.48,2.72,1332133,0
LEVGQ.US,D,20221026,000000,2.73,2.88,2.68,2.73,1449718,0
LEVGQ.US,D,20221027,000000,2.79,2.93,2.73,2.74,922695,0
LEVGQ.US,D,20221028,000000,2.76,2.85,2.695,2.82,992929,0
LEVGQ.US,D,20221031,000000,2.83,3.03,2.79,3.03,1180783,0
LEVGQ.US,D,20221101,000000,3.11,3.18,2.98,2.99,845405,0
LEVGQ.US,D,20221102,000000,3.18,3.33,3.05,3.2,1579875,0
LEVGQ.US,D,20221103,000000,3.15,3.3,3.085,3.21,1331447,0
LEVGQ.US,D,20221104,000000,3.32,3.3605,3.115,3.18,947191,0
LEVGQ.US,D,20221107,000000,3.25,3.26,3.09,3.24,1023755,0
LEVGQ.US,D,20221108,000000,3.29,3.315,3.15,3.26,901284,0
LEVGQ.US,D,20221109,000000,3.2,3.2,2.99,3.02,1556921,0
LEVGQ.US,D,20221110,000000,3.16,3.49,3.13,3.42,1341113,0
LEVGQ.US,D,20221111,000000,3.43,3.69,3.3801,3.68,1119450,0
LEVGQ.US,D,20221114,000000,3.69,3.73,3.42,3.44,1280722,0
LEVGQ.US,D,20221115,000000,3.51,3.525,3.355,3.39,1367656,0
LEVGQ.US,D,20221116,000000,3.37,3.37,3.12,3.13,815143,0
LEVGQ.US,D,20221117,000000,3.09,3.11,2.99,3.11,1142239,0
LEVGQ.US,D,20221118,000000,3.14,3.14,2.99,3.01,885427,0
LEVGQ.US,D,20221121,000000,3.02,3.02,2.9,2.94,728064,0
LEVGQ.US,D,20221122,000000,2.96,2.96,2.86,2.91,700161,0
LEVGQ.US,D,20221123,000000,2.9,2.95,2.845,2.93,662426,0
LEVGQ.US,D,20221125,000000,2.97,3.045,2.86,2.87,589050,0
LEVGQ.US,D,20221128,000000,2.85,2.9,2.73,2.75,637228,0
LEVGQ.US,D,20221129,000000,2.74,2.78,2.66,2.7,842518,0
LEVGQ.US,D,20221130,000000,2.7,2.78,2.675,2.78,1478382,0
LEVGQ.US,D,20221201,000000,2.8,2.8,2.6513,2.67,1042883,0
LEVGQ.US,D,20221202,000000,2.65,2.785,2.6,2.76,653175,0
LEVGQ.US,D,20221205,000000,2.79,3.09,2.75,3.02,1172832,0
LEVGQ.US,D,20221206,000000,3,3.05,2.84,2.86,761372,0
LEVGQ.US,D,20221207,000000,2.91,2.91,2.765,2.83,645009,0
LEVGQ.US,D,20221208,000000,2.85,2.895,2.77,2.79,439106,0
LEVGQ.US,D,20221209,000000,2.78,2.8177,2.7416,2.77,327938,0
LEVGQ.US,D,20221212,000000,2.77,2.78,2.65,2.67,656225,0
LEVGQ.US,D,20221213,000000,2.3,2.4,2.19,2.19,6342788,0
LEVGQ.US,D,20221214,000000,2.23,2.24,1.97,1.99,4474989,0
LEVGQ.US,D,20221215,000000,1.96,2.1,1.9,2.04,2015225,0
LEVGQ.US,D,20221216,000000,2,2.1,1.95,2,2600942,0
LEVGQ.US,D,20221219,000000,2.03,2.04,1.84,1.84,2171379,0
LEVGQ.US,D,20221220,000000,1.83,2.08,1.83,2.05,2597259,0
LEVGQ.US,D,20221221,000000,2.07,2.105,1.99,2.05,1940258,0
LEVGQ.US,D,20221222,000000,2.04,2.0729,1.93,2.02,1267458,0
LEVGQ.US,D,20221223,000000,1.99,2.0175,1.96,2,801583,0
LEVGQ.US,D,20221227,000000,2.04,2.05,1.96,1.98,1403252,0
LEVGQ.US,D,20221228,000000,1.98,2.075,1.98,1.99,1330077,0
LEVGQ.US,D,20221229,000000,2.03,2.15,1.99,2.08,3237945,0
LEVGQ.US,D,20221230,000000,2.11,2.32,2.07,2.24,2404163,0
LEVGQ.US,D,20230103,000000,2.29,2.32,2.09,2.13,1523095,0
LEVGQ.US,D,20230104,000000,2.17,2.24,2.12,2.2,1462266,0
LEVGQ.US,D,20230105,000000,2.18,2.2078,2.11,2.11,641578,0
LEVGQ.US,D,20230106,000000,2.11,2.13,2.03,2.06,1420674,0
LEVGQ.US,D,20230109,000000,2.09,2.17,2.04,2.05,1214123,0
LEVGQ.US,D,20230110,000000,2.03,2.1,2.02,2.1,1135251,0
LEVGQ.US,D,20230111,000000,2.11,2.16,2.055,2.12,1324222,0
LEVGQ.US,D,20230112,000000,2.14,2.2,2.0742,2.17,1030988,0
LEVGQ.US,D,20230113,000000,2.15,2.595,2.15,2.49,3015696,0
LEVGQ.US,D,20230117,000000,2.67,2.67,2.48,2.54,2079939,0
LEVGQ.US,D,20230118,000000,2.56,2.7,2.54,2.6,2182139,0
LEVGQ.US,D,20230119,000000,2.59,2.6,2.39,2.4,1179807,0
LEVGQ.US,D,20230120,000000,2.43,2.52,2.4,2.5,746543,0
LEVGQ.US,D,20230123,000000,2.5,2.63,2.495,2.59,1180693,0
LEVGQ.US,D,20230124,000000,2.55,2.79,2.54,2.73,1940051,0
LEVGQ.US,D,20230125,000000,2.69,2.71,2.5,2.61,1341602,0
LEVGQ.US,D,20230126,000000,2.69,2.73,2.575,2.62,1061108,0
LEVGQ.US,D,20230127,000000,2.6,2.75,2.56,2.65,1846989,0
LEVGQ.US,D,20230130,000000,2.64,2.64,2.5,2.51,1020922,0
LEVGQ.US,D,20230131,000000,2.52,2.62,2.5,2.62,894283,0
LEVGQ.US,D,20230201,000000,2.63,2.665,2.5406,2.64,1078683,0
LEVGQ.US,D,20230202,000000,2.69,2.85,2.635,2.67,1880270,0
LEVGQ.US,D,20230203,000000,2.62,2.71,2.55,2.61,861828,0
LEVGQ.US,D,20230206,000000,2.61,2.62,2.5123,2.53,697452,0
LEVGQ.US,D,20230207,000000,2.51,2.53,2.39,2.44,997833,0
LEVGQ.US,D,20230208,000000,2.41,2.438,2.31,2.31,739070,0
LEVGQ.US,D,20230209,000000,2.38,2.46,2.27,2.29,1008138,0
LEVGQ.US,D,20230210,000000,2.28,2.305,2.21,2.29,716174,0
LEVGQ.US,D,20230213,000000,2.31,2.45,2.29,2.42,709898,0
LEVGQ.US,D,20230214,000000,2.4,2.435,2.32,2.4,514109,0
LEVGQ.US,D,20230215,000000,2.36,2.49,2.34,2.49,539140,0
LEVGQ.US,D,20230216,000000,2.43,2.565,2.4,2.48,756478,0
LEVGQ.US,D,20230217,000000,2.45,2.47,2.4,2.46,499374,0
LEVGQ.US,D,20230221,000000,2.46,2.51,2.342,2.39,564856,0
LEVGQ.US,D,20230222,000000,2.38,2.425,2.295,2.35,660184,0
LEVGQ.US,D,20230223,000000,2.36,2.39,2.235,2.33,678125,0
LEVGQ.US,D,20230224,000000,2.29,2.29,2.2,2.24,618402,0
LEVGQ.US,D,20230227,000000,2.27,2.31,2.22,2.24,528032,0
LEVGQ.US,D,20230228,000000,2.24,2.27,2.21,2.26,435036,0
LEVGQ.US,D,20230301,000000,2.29,2.295,2.2,2.21,453450,0
LEVGQ.US,D,20230302,000000,2.21,2.23,2.14,2.22,536701,0
LEVGQ.US,D,20230303,000000,2.21,2.35,2.21,2.31,726697,0
LEVGQ.US,D,20230306,000000,2.3,2.3891,2.29,2.31,539332,0
LEVGQ.US,D,20230307,000000,2.31,2.34,2.25,2.3,579563,0
LEVGQ.US,D,20230308,000000,2.29,2.3,2.18,2.21,743579,0
LEVGQ.US,D,20230309,000000,2.2,2.26,2.15,2.18,580967,0
LEVGQ.US,D,20230310,000000,2.18,2.18,2.06,2.11,925268,0
LEVGQ.US,D,20230313,000000,2.08,2.215,2.01,2.18,1185666,0
LEVGQ.US,D,20230314,000000,2.22,2.24,2.1,2.16,1506027,0
LEVGQ.US,D,20230315,000000,2.1,2.1,1.98,2.04,1168936,0
LEVGQ.US,D,20230316,000000,2.01,2.0293,1.97,1.99,874908,0
LEVGQ.US,D,20230317,000000,2,2.03,1.91,1.93,763088,0
LEVGQ.US,D,20230320,000000,1.95,1.95,1.81,1.84,937444,0
LEVGQ.US,D,20230321,000000,1.88,1.91,1.85,1.89,1017243,0
LEVGQ.US,D,20230322,000000,1.92,1.94,1.86,1.88,1542511,0
LEVGQ.US,D,20230323,000000,1.91,1.93,1.85,1.88,1054869,0
LEVGQ.US,D,20230324,000000,1.86,1.88,1.78,1.85,1101122,0
LEVGQ.US,D,20230327,000000,1.93,1.99,1.79,1.81,1479547,0
LEVGQ.US,D,20230328,000000,1.82,1.82,1.74,1.76,1074047,0
LEVGQ.US,D,20230329,000000,1.79,1.79,1.7,1.76,1154262,0
LEVGQ.US,D,20230330,000000,1.75,1.8,1.75,1.75,894314,0
LEVGQ.US,D,20230331,000000,1.785,1.89,1.75,1.86,890171,0
LEVGQ.US,D,20230403,000000,1.87,1.91,1.83,1.87,512614,0
LEVGQ.US,D,20230404,000000,1.87,1.9,1.81,1.85,465077,0
LEVGQ.US,D,20230405,000000,1.85,1.85,1.75,1.79,595774,0
LEVGQ.US,D,20230406,000000,1.79,1.79,1.72,1.73,399721,0
LEVGQ.US,D,20230410,000000,1.75,1.75,1.7,1.74,464833,0
LEVGQ.US,D,20230411,000000,1.74,1.77,1.73,1.73,310012,0
LEVGQ.US,D,20230412,000000,1.76,1.78,1.68,1.68,535237,0
LEVGQ.US,D,20230413,000000,1.7,1.74,1.68,1.72,366258,0
LEVGQ.US,D,20230414,000000,1.69,1.77,1.69,1.76,868327,0
LEVGQ.US,D,20230417,000000,1.76,1.97,1.74,1.97,984609,0
LEVGQ.US,D,20230418,000000,2.08,2.58,2.05,2.24,5929905,0
LEVGQ.US,D,20230419,000000,2.19,2.39,2.12,2.28,2275179,0
LEVGQ.US,D,20230420,000000,2.25,2.27,2.16,2.19,1026963,0
LEVGQ.US,D,20230421,000000,2.2,2.25,2.14,2.16,666106,0
LEVGQ.US,D,20230424,000000,2.16,2.18,2.12,2.14,691566,0
LEVGQ.US,D,20230425,000000,2.11,2.11,2.062,2.1,507030,0
LEVGQ.US,D,20230426,000000,2.09,2.1018,2.03,2.08,538769,0
LEVGQ.US,D,20230427,000000,2.07,2.1,2.03,2.09,482339,0
LEVGQ.US,D,20230428,000000,2.09,2.22,2.06,2.22,783386,0
LEVGQ.US,D,20230501,000000,2.24,2.29,2.155,2.19,879542,0
LEVGQ.US,D,20230502,000000,2.2,2.22,2.12,2.16,773544,0
LEVGQ.US,D,20230503,000000,2.16,2.24,2.15,2.21,785796,0
LEVGQ.US,D,20230504,000000,2.23,2.25,2.17,2.23,752143,0
LEVGQ.US,D,20230505,000000,2.24,2.3,2.24,2.29,416674,0
LEVGQ.US,D,20230508,000000,2.305,2.42,2.245,2.4,861742,0
LEVGQ.US,D,20230509,000000,2.38,2.38,2.145,2.21,980130,0
LEVGQ.US,D,20230510,000000,2.24,2.32,2.1708,2.26,850529,0
LEVGQ.US,D,20230511,000000,2.21,2.24,2.135,2.16,853509,0
LEVGQ.US,D,20230512,000000,2.17,2.22,2.04,2.06,728876,0
LEVGQ.US,D,20230515,000000,2.07,2.105,2.03,2.1,663316,0
LEVGQ.US,D,20230516,000000,2.1,2.101,2.04,2.05,358350,0
LEVGQ.US,D,20230517,000000,2.08,2.11,2.04,2.1,737349,0
LEVGQ.US,D,20230518,000000,2.08,2.12,2.06,2.08,481054,0
LEVGQ.US,D,20230519,000000,2.11,2.115,2.04,2.05,488040,0
LEVGQ.US,D,20230522,000000,2.06,2.095,2.01,2.07,546299,0
LEVGQ.US,D,20230523,000000,2.08,2.1154,1.97,1.98,955114,0
LEVGQ.US,D,20230524,000000,2,2,1.92,1.95,532296,0
LEVGQ.US,D,20230525,000000,1.98,1.98,1.92,1.96,350410,0
LEVGQ.US,D,20230526,000000,1.95,1.965,1.91,1.92,413663,0
LEVGQ.US,D,20230530,000000,1.94,2.01,1.925,1.95,569160,0
LEVGQ.US,D,20230531,000000,1.94,1.96,1.8201,1.89,716514,0
LEVGQ.US,D,20230601,000000,1.9,1.9,1.84,1.86,409137,0
LEVGQ.US,D,20230602,000000,1.9,1.92,1.86,1.91,341538,0
LEVGQ.US,D,20230605,000000,1.93,1.93,1.85,1.86,417518,0
LEVGQ.US,D,20230606,000000,1.85,2.11,1.845,2.08,703153,0
LEVGQ.US,D,20230607,000000,2.1,2.215,2.09,2.15,867049,0
LEVGQ.US,D,20230608,000000,2.13,2.145,2.06,2.06,251592,0
LEVGQ.US,D,20230609,000000,2.05,2.08,2.015,2.05,496037,0
LEVGQ.US,D,20230612,000000,2.09,2.205,2,2.2,604611,0
LEVGQ.US,D,20230613,000000,2.25,2.27,2.19,2.25,697612,0
LEVGQ.US,D,20230614,000000,2.26,2.27,2.09,2.13,528515,0
LEVGQ.US,D,20230615,000000,2.1,2.125,2.02,2.04,1010622,0
LEVGQ.US,D,20230616,000000,2.05,2.06,1.91,1.91,2326997,0
LEVGQ.US,D,20230620,000000,1.95,1.965,1.91,1.91,527124,0
LEVGQ.US,D,20230621,000000,1.92,1.95,1.88,1.92,503823,0
LEVGQ.US,D,20230622,000000,1.95,1.96,1.85,1.89,588326,0
LEVGQ.US,D,20230623,000000,1.88,1.94,1.85,1.93,556057,0
LEVGQ.US,D,20230626,000000,1.92,1.94,1.85,1.86,498093,0
LEVGQ.US,D,20230627,000000,1.86,1.9,1.8186,1.89,665318,0
LEVGQ.US,D,20230628,000000,1.89,1.94,1.85,1.94,395080,0
LEVGQ.US,D,20230629,000000,1.94,1.995,1.9,1.94,1197937,0
LEVGQ.US,D,20230630,000000,1.94,1.95,1.84,1.85,1258863,0
LEVGQ.US,D,20230703,000000,1.9,2.07,1.885,2.06,816492,0
LEVGQ.US,D,20230705,000000,2.05,2.07,1.94,2,837186,0
LEVGQ.US,D,20230706,000000,1.95,1.97,1.88,1.97,492571,0
LEVGQ.US,D,20230707,000000,1.98,2.07,1.96,2.04,654018,0
LEVGQ.US,D,20230710,000000,2.04,2.1,1.96,2.09,789036,0
LEVGQ.US,D,20230711,000000,2.1,2.21,2.06,2.14,897169,0
LEVGQ.US,D,20230712,000000,2.14,2.22,2.12,2.21,685923,0
LEVGQ.US,D,20230713,000000,2.2,2.25,2.16,2.19,619604,0
LEVGQ.US,D,20230714,000000,2.17,2.21,2.095,2.12,435053,0
LEVGQ.US,D,20230717,000000,2.15,2.459,2.13,2.28,4006512,0
LEVGQ.US,D,20230718,000000,2.29,2.445,2.245,2.44,1518257,0
LEVGQ.US,D,20230719,000000,2.47,2.57,2.43,2.55,1527723,0
LEVGQ.US,D,20230720,000000,2.51,2.54,2.32,2.36,1237790,0
LEVGQ.US,D,20230721,000000,2.34,2.5,2.33,2.45,1114292,0
LEVGQ.US,D,20230724,000000,2.49,2.49,2.33,2.43,965497,0
LEVGQ.US,D,20230725,000000,2.39,2.44,2.3,2.32,1294019,0
LEVGQ.US,D,20230726,000000,2.34,2.42,2.3,2.37,1031645,0
LEVGQ.US,D,20230727,000000,2.42,2.43,2.28,2.32,1019554,0
LEVGQ.US,D,20230728,000000,2.34,2.47,2.33,2.47,1185745,0
LEVGQ.US,D,20230731,000000,2.48,2.68,2.44,2.62,2105389,0
LEVGQ.US,D,20230801,000000,2.63,2.66,2.53,2.57,1636875,0
LEVGQ.US,D,20230802,000000,2.5,2.54,2.375,2.41,1520767,0
LEVGQ.US,D,20230803,000000,2.4,2.4,2.24,2.35,1474528,0
LEVGQ.US,D,20230804,000000,2.3,2.34,2.24,2.27,1189646,0
LEVGQ.US,D,20230807,000000,2.23,2.29,2.13,2.28,892837,0
LEVGQ.US,D,20230808,000000,2.24,2.34,2.205,2.32,724879,0
LEVGQ.US,D,20230809,000000,2.3,2.31,2.22,2.24,890754,0
LEVGQ.US,D,20230810,000000,2.24,2.32,2.22,2.23,1066812,0
LEVGQ.US,D,20230811,000000,2.2,2.31,2.2,2.3,599572,0
LEVGQ.US,D,20230814,000000,2.27,2.3479,2.22,2.33,697094,0
LEVGQ.US,D,20230815,000000,2.3,2.33,2.22,2.26,585273,0
LEVGQ.US,D,20230816,000000,2.25,2.29,2.12,2.12,653523,0
LEVGQ.US,D,20230817,000000,2.13,2.14,2.04,2.04,712729,0
LEVGQ.US,D,20230818,000000,2.04,2.08,2.0124,2.05,467273,0
LEVGQ.US,D,20230821,000000,2.06,2.06,1.99,2.03,642311,0
LEVGQ.US,D,20230822,000000,2.05,2.05,1.945,2.02,577918,0
LEVGQ.US,D,20230823,000000,2.03,2.19,2.01,2.15,908406,0
LEVGQ.US,D,20230824,000000,2.16,2.16,1.99,2,1082776,0
LEVGQ.US,D,20230825,000000,2.01,2.08,1.965,2.05,532672,0
LEVGQ.US,D,20230828,000000,2.09,2.145,2.05,2.14,509908,0
LEVGQ.US,D,20230829,000000,2.12,2.22,2.1,2.21,510590,0
LEVGQ.US,D,20230830,000000,2.19,2.22,2.1515,2.2,357511,0
LEVGQ.US,D,20230831,000000,2.19,2.22,2.14,2.18,464217,0
LEVGQ.US,D,20230901,000000,2.19,2.24,2.18,2.2,318710,0
LEVGQ.US,D,20230905,000000,2.17,2.25,2.1,2.14,496953,0
LEVGQ.US,D,20230906,000000,2.13,2.165,2.065,2.1,297253,0
LEVGQ.US,D,20230907,000000,2.06,2.1,2.01,2.09,365464,0
LEVGQ.US,D,20230908,000000,2.06,2.16,2.06,2.15,653252,0
LEVGQ.US,D,20230911,000000,2.16,2.27,2.135,2.22,545381,0
LEVGQ.US,D,20230912,000000,2.17,2.24,2.135,2.14,344174,0
LEVGQ.US,D,20230913,000000,2.16,2.17,2.0619,2.09,488980,0
LEVGQ.US,D,20230914,000000,2.11,2.15,2.08,2.09,437233,0
LEVGQ.US,D,20230915,000000,2.08,2.11,2.03,2.03,730029,0
LEVGQ.US,D,20230918,000000,2.04,2.07,2.02,2.03,303756,0
LEVGQ.US,D,20230919,000000,2.05,2.06,2.02,2.02,290330,0
LEVGQ.US,D,20230920,000000,2.05,2.07,2,2.01,492975,0
LEVGQ.US,D,20230921,000000,2,2,1.95,1.95,559815,0
LEVGQ.US,D,20230922,000000,1.93,2.0179,1.93,1.95,575757,0
LEVGQ.US,D,20230925,000000,1.96,1.975,1.9,1.92,535536,0
LEVGQ.US,D,20230926,000000,1.9,1.97,1.86,1.86,618549,0
LEVGQ.US,D,20230927,000000,1.88,1.94,1.86,1.93,851291,0
LEVGQ.US,D,20230928,000000,1.9,1.93,1.86,1.91,2244222,0
LEVGQ.US,D,20230929,000000,1.91,1.99,1.9,1.91,419086,0
LEVGQ.US,D,20231002,000000,1.905,1.905,1.81,1.82,889990,0
LEVGQ.US,D,20231003,000000,1.81,1.82,1.75,1.75,765381,0
LEVGQ.US,D,20231004,000000,1.75,1.81,1.72,1.8,488257,0
LEVGQ.US,D,20231005,000000,1.78,1.8,1.73,1.8,529991,0
LEVGQ.US,D,20231006,000000,1.77,1.88,1.76,1.88,567261,0
LEVGQ.US,D,20231009,000000,1.86,1.86,1.79,1.84,220088,0
LEVGQ.US,D,20231010,000000,1.85,2,1.85,1.97,1103692,0
LEVGQ.US,D,20231011,000000,1.95,1.9875,1.92,1.94,502108,0
LEVGQ.US,D,20231012,000000,1.95,1.95,1.84,1.86,395694,0
LEVGQ.US,D,20231013,000000,1.84,1.88,1.81,1.82,390016,0
LEVGQ.US,D,20231016,000000,1.84,1.91,1.83,1.87,527326,0
LEVGQ.US,D,20231017,000000,1.86,1.93,1.85,1.92,263661,0
LEVGQ.US,D,20231018,000000,1.9,1.9,1.81,1.81,463302,0
LEVGQ.US,D,20231019,000000,1.81,1.81,1.73,1.73,596041,0
LEVGQ.US,D,20231020,000000,1.72,1.79,1.7,1.79,466452,0
LEVGQ.US,D,20231023,000000,1.75,1.77,1.69,1.73,436899,0
LEVGQ.US,D,20231024,000000,1.73,1.8178,1.73,1.74,536896,0
LEVGQ.US,D,20231025,000000,1.72,1.79,1.71,1.77,646428,0
LEVGQ.US,D,20231026,000000,1.74,1.785,1.68,1.69,591725,0
LEVGQ.US,D,20231027,000000,1.72,1.73,1.63,1.64,663374,0
LEVGQ.US,D,20231030,000000,1.65,1.67,1.59,1.59,549870,0
LEVGQ.US,D,20231031,000000,1.61,1.61,1.53,1.57,801991,0
LEVGQ.US,D,20231101,000000,1.58,1.58,1.5,1.53,466628,0
LEVGQ.US,D,20231102,000000,1.58,1.74,1.57,1.73,1019273,0
LEVGQ.US,D,20231103,000000,1.74,1.85,1.74,1.83,708984,0
LEVGQ.US,D,20231106,000000,1.83,1.87,1.69,1.75,544973,0
LEVGQ.US,D,20231107,000000,1.81,1.88,1.72,1.83,1076102,0
LEVGQ.US,D,20231108,000000,1.83,1.84,1.6421,1.69,971049,0
LEVGQ.US,D,20231109,000000,1.69,1.705,1.61,1.63,387144,0
LEVGQ.US,D,20231110,000000,1.64,1.64,1.55,1.6,719629,0
LEVGQ.US,D,20231113,000000,1.61,1.65,1.56,1.63,219995,0
LEVGQ.US,D,20231114,000000,1.66,1.755,1.66,1.75,690452,0
LEVGQ.US,D,20231115,000000,1.71,1.81,1.71,1.72,515432,0
LEVGQ.US,D,20231116,000000,1.71,1.74,1.66,1.66,263246,0
LEVGQ.US,D,20231117,000000,1.67,1.7,1.65,1.66,510430,0
LEVGQ.US,D,20231120,000000,1.67,1.7112,1.6547,1.68,441793,0
LEVGQ.US,D,20231121,000000,1.65,1.66,1.59,1.61,378145,0
LEVGQ.US,D,20231122,000000,1.61,1.64,1.595,1.62,263902,0
LEVGQ.US,D,20231124,000000,1.62,1.7,1.61,1.69,262531,0
LEVGQ.US,D,20231127,000000,1.69,1.73,1.59,1.59,679124,0
LEVGQ.US,D,20231128,000000,1.61,1.62,1.51,1.62,548799,0
LEVGQ.US,D,20231129,000000,1.62,1.679,1.59,1.64,321795,0
LEVGQ.US,D,20231130,000000,1.65,1.65,1.585,1.59,263890,0
LEVGQ.US,D,20231201,000000,1.6,1.7,1.58,1.69,370324,0
LEVGQ.US,D,20231204,000000,1.7,1.785,1.67,1.74,378529,0
LEVGQ.US,D,20231205,000000,1.75,1.75,1.675,1.7,245398,0
LEVGQ.US,D,20231206,000000,1.68,1.77,1.67,1.68,413781,0
LEVGQ.US,D,20231207,000000,1.7,1.72,1.66,1.66,318595,0
LEVGQ.US,D,20231208,000000,1.65,1.75,1.65,1.73,322689,0
LEVGQ.US,D,20231211,000000,1.71,1.73,1.66,1.66,570721,0
LEVGQ.US,D,20231212,000000,1.68,1.68,1.6,1.62,299446,0
LEVGQ.US,D,20231213,000000,1.6,1.75,1.6,1.71,935395,0
LEVGQ.US,D,20231214,000000,1.75,1.89,1.72,1.87,881538,0
LEVGQ.US,D,20231215,000000,1.9,1.94,1.84,1.88,1048107,0
LEVGQ.US,D,20231218,000000,1.88,1.9,1.83,1.83,369071,0
LEVGQ.US,D,20231219,000000,1.85,1.94,1.85,1.92,549152,0
LEVGQ.US,D,20231220,000000,1.9,1.925,1.81,1.82,559489,0
LEVGQ.US,D,20231221,000000,1.86,1.87,1.735,1.77,693132,0
LEVGQ.US,D,20231222,000000,1.76,1.83,1.75,1.79,295821,0
LEVGQ.US,D,20231226,000000,1.84,1.85,1.79,1.84,256099,0
LEVGQ.US,D,20231227,000000,1.82,1.84,1.77,1.77,415724,0
LEVGQ.US,D,20231228,000000,1.77,1.82,1.76,1.76,544570,0
LEVGQ.US,D,20231229,000000,1.75,1.84,1.72,1.77,683866,0
LEVGQ.US,D,20240102,000000,1.75,1.8006,1.72,1.73,556251,0
LEVGQ.US,D,20240103,000000,1.72,1.775,1.7,1.73,406529,0
LEVGQ.US,D,20240104,000000,1.72,1.78,1.71,1.75,308055,0
LEVGQ.US,D,20240105,000000,1.77,1.77,1.71,1.72,231503,0
LEVGQ.US,D,20240108,000000,1.75,1.8,1.7198,1.78,263801,0
LEVGQ.US,D,20240109,000000,1.78,1.83,1.74,1.8,288157,0
LEVGQ.US,D,20240110,000000,1.8,1.81,1.74,1.77,341784,0
LEVGQ.US,D,20240111,000000,1.79,1.99,1.79,1.84,867843,0
LEVGQ.US,D,20240112,000000,1.84,1.9094,1.8,1.8,514559,0
LEVGQ.US,D,20240116,000000,1.81,1.81,1.77,1.79,237244,0
LEVGQ.US,D,20240117,000000,1.76,1.77,1.725,1.75,285440,0
LEVGQ.US,D,20240118,000000,1.77,1.79,1.69,1.74,385689,0
LEVGQ.US,D,20240119,000000,1.75,1.77,1.68,1.77,340546,0
LEVGQ.US,D,20240122,000000,1.75,1.85,1.74,1.8,519389,0
LEVGQ.US,D,20240123,000000,1.8,1.84,1.79,1.83,357511,0
LEVGQ.US,D,20240124,000000,1.85,1.87,1.75,1.75,211861,0
LEVGQ.US,D,20240125,000000,1.77,1.785,1.7401,1.76,252140,0
LEVGQ.US,D,20240126,000000,1.76,1.815,1.7545,1.78,186614,0
LEVGQ.US,D,20240129,000000,1.74,1.85,1.74,1.83,240420,0
LEVGQ.US,D,20240130,000000,1.82,1.85,1.795,1.81,371190,0
LEVGQ.US,D,20240131,000000,1.81,1.84,1.74,1.75,382850,0
LEVGQ.US,D,20240201,000000,1.77,1.81,1.745,1.81,296901,0
LEVGQ.US,D,20240202,000000,1.78,1.79,1.75,1.77,223171,0
LEVGQ.US,D,20240205,000000,1.75,1.77,1.72,1.72,230416,0
LEVGQ.US,D,20240206,000000,1.72,1.78,1.72,1.77,203209,0
LEVGQ.US,D,20240207,000000,1.77,1.77,1.73,1.74,178349,0
LEVGQ.US,D,20240208,000000,1.74,1.78,1.74,1.75,153687,0
LEVGQ.US,D,20240209,000000,1.74,1.8175,1.73,1.79,258808,0
LEVGQ.US,D,20240212,000000,1.83,1.8568,1.78,1.81,290514,0
LEVGQ.US,D,20240213,000000,1.74,1.78,1.715,1.72,336165,0
LEVGQ.US,D,20240214,000000,1.74,1.79,1.72,1.72,798093,0
LEVGQ.US,D,20240215,000000,1.73,1.79,1.73,1.78,255427,0
LEVGQ.US,D,20240216,000000,1.78,1.83,1.75,1.82,309913,0
LEVGQ.US,D,20240220,000000,1.82,1.82,1.73,1.76,211534,0
LEVGQ.US,D,20240221,000000,1.73,1.74,1.68,1.71,314183,0
LEVGQ.US,D,20240222,000000,1.7,1.72,1.67,1.69,371379,0
LEVGQ.US,D,20240223,000000,1.68,1.76,1.6613,1.76,291953,0
LEVGQ.US,D,20240226,000000,1.73,1.8,1.705,1.71,471443,0
LEVGQ.US,D,20240227,000000,1.7,1.7603,1.7,1.75,309373,0
LEVGQ.US,D,20240228,000000,1.75,1.75,1.67,1.67,533929,0
LEVGQ.US,D,20240229,000000,1.65,1.65,1.41,1.46,2425314,0
LEVGQ.US,D,20240301,000000,1.52,1.56,1.425,1.45,1096068,0
LEVGQ.US,D,20240304,000000,1.45,1.45,1.34,1.36,1735935,0
LEVGQ.US,D,20240305,000000,1.36,1.39,1.33,1.33,870108,0
LEVGQ.US,D,20240306,000000,1.36,1.38,1.31,1.33,672859,0
LEVGQ.US,D,20240307,000000,1.33,1.36,1.32,1.35,347579,0
LEVGQ.US,D,20240308,000000,1.35,1.4,1.33,1.37,413304,0
LEVGQ.US,D,20240311,000000,1.34,1.41,1.34,1.37,342130,0
LEVGQ.US,D,20240312,000000,1.34,1.38,1.3305,1.35,153272,0
LEVGQ.US,D,20240313,000000,1.35,1.385,1.28,1.3,1217431,0
LEVGQ.US,D,20240314,000000,1.29,1.3,1.25,1.25,744948,0
LEVGQ.US,D,20240315,000000,1.24,1.275,1.2,1.21,800356,0
LEVGQ.US,D,20240318,000000,1.22,1.24,1.2,1.2,329285,0
LEVGQ.US,D,20240319,000000,1.18,1.225,1.18,1.2,749208,0
LEVGQ.US,D,20240320,000000,1.2,1.3284,1.19,1.31,608563,0
LEVGQ.US,D,20240321,000000,1.33,1.42,1.31,1.34,825387,0
LEVGQ.US,D,20240322,000000,1.34,1.35,1.3,1.3,511168,0
LEVGQ.US,D,20240325,000000,1.3,1.43,1.3,1.35,741160,0
LEVGQ.US,D,20240326,000000,1.37,1.445,1.37,1.39,670638,0
LEVGQ.US,D,20240327,000000,1.39,1.51,1.385,1.47,1788554,0
LEVGQ.US,D,20240328,000000,1.49,1.5,1.41,1.42,755578,0
LEVGQ.US,D,20240401,000000,1.42,1.47,1.4,1.42,368935,0
LEVGQ.US,D,20240402,000000,1.4,1.43,1.38,1.38,171909,0
LEVGQ.US,D,20240403,000000,1.35,1.42,1.35,1.41,272226,0
LEVGQ.US,D,20240404,000000,1.44,1.46,1.34,1.34,620410,0
LEVGQ.US,D,20240405,000000,1.32,1.342,1.29,1.31,447832,0
LEVGQ.US,D,20240408,000000,1.33,1.355,1.3,1.32,163094,0
LEVGQ.US,D,20240409,000000,1.3,1.345,1.3,1.32,266263,0
LEVGQ.US,D,20240410,000000,1.26,1.31,1.26,1.28,457584,0
LEVGQ.US,D,20240411,000000,1.27,1.29,1.22,1.22,631465,0
LEVGQ.US,D,20240412,000000,1.23,1.25,1.14,1.17,610730,0
LEVGQ.US,D,20240415,000000,1.18,1.19,1.11,1.11,573036,0
LEVGQ.US,D,20240416,000000,1.12,1.13,1.06,1.07,451227,0
LEVGQ.US,D,20240417,000000,1.06,1.089,1.015,1.04,471233,0
LEVGQ.US,D,20240418,000000,1.04,1.04,0.9206,0.965,1548859,0
LEVGQ.US,D,20240419,000000,0.95,1.035,0.95,0.9743,568397,0
LEVGQ.US,D,20240422,000000,0.9929,0.9955,0.9401,0.95,843395,0
LEVGQ.US,D,20240423,000000,0.9891,0.9891,0.9296,0.9329,1042408,0
LEVGQ.US,D,20240424,000000,0.9204,0.9635,0.92,0.95,763800,0
LEVGQ.US,D,20240425,000000,0.9216,0.93,0.88,0.913,736342,0
LEVGQ.US,D,20240426,000000,0.9249,0.9539,0.91,0.9539,366601,0
LEVGQ.US,D,20240429,000000,0.9445,0.9539,0.91,0.9232,495626,0
LEVGQ.US,D,20240430,000000,0.9525,0.9605,0.9,0.9,312078,0
LEVGQ.US,D,20240501,000000,0.9,0.967,0.9,0.94,379436,0
LEVGQ.US,D,20240502,000000,0.9599,0.9636,0.9283,0.9606,166881,0
LEVGQ.US,D,20240503,000000,0.9563,1.04,0.95,1.03,994738,0
LEVGQ.US,D,20240506,000000,1.07,1.095,1.035,1.06,738411,0
LEVGQ.US,D,20240507,000000,1.08,1.08,1.0001,1.04,477382,0
LEVGQ.US,D,20240508,000000,1.04,1.04,0.931,0.968,1143356,0
LEVGQ.US,D,20240509,000000,0.98,1.045,0.94,0.9656,374763,0
LEVGQ.US,D,20240510,000000,0.9411,0.969949,0.8901,0.9047,756457,0
LEVGQ.US,D,20240513,000000,0.8939,0.9731,0.8939,0.9699,325219,0
LEVGQ.US,D,20240514,000000,0.9604,1.04,0.9408,1,595096,0
LEVGQ.US,D,20240515,000000,1,1.0294,0.9804,1,149146,0
LEVGQ.US,D,20240516,000000,1,1.04,0.99,1.03,551969,0
LEVGQ.US,D,20240517,000000,1.01,1.04,0.96,0.96,391203,0
LEVGQ.US,D,20240520,000000,0.98,1.02,0.903,0.95,398753,0
LEVGQ.US,D,20240521,000000,0.952,1.04,0.952,1.02,317414,0
LEVGQ.US,D,20240522,000000,1,1.03,1,1.02,135087,0
LEVGQ.US,D,20240523,000000,1.01,1.02,1,1,140581,0
LEVGQ.US,D,20240524,000000,1.01,1.07,1.0047,1.04,365571,0
LEVGQ.US,D,20240528,000000,1.02,1.06,1.01,1.02,148081,0
LEVGQ.US,D,20240529,000000,1.02,1.07,0.99565,1.03,702101,0
LEVGQ.US,D,20240530,000000,1.05,1.14,1.02,1.09,584195,0
LEVGQ.US,D,20240531,000000,1.12,1.17,1.06,1.08,385159,0
LEVGQ.US,D,20240603,000000,1.1,1.19,1.06,1.16,491776,0
LEVGQ.US,D,20240604,000000,1.15,1.24,1.138,1.22,281372,0
LEVGQ.US,D,20240605,000000,1.24,1.24,1.13,1.16,273593,0
LEVGQ.US,D,20240606,000000,1.16,1.21,1.15,1.17,149229,0
LEVGQ.US,D,20240607,000000,1.15,1.17,1.085,1.1,191323,0
LEVGQ.US,D,20240610,000000,1.09,1.13,1.09,1.12,108616,0
LEVGQ.US,D,20240611,000000,1.11,1.12,1.07,1.09,150996,0
LEVGQ.US,D,20240612,000000,1.07,1.13,1.07,1.09,121749,0
LEVGQ.US,D,20240613,000000,1.09,1.12,1.08,1.1,106638,0
LEVGQ.US,D,20240614,000000,1.07,1.08,1.05,1.05,122643,0
LEVGQ.US,D,20240617,000000,1.04,1.065,1,1.04,452378,0
LEVGQ.US,D,20240618,000000,1.05,1.075,1,1.02,217635,0
LEVGQ.US,D,20240620,000000,1,1.03,1,1,113177,0
LEVGQ.US,D,20240621,000000,0.9423,1.025,0.9423,1,847027,0
LEVGQ.US,D,20240624,000000,0.9719,1.0298,0.9,0.9158,830097,0
LEVGQ.US,D,20240625,000000,0.9162,0.9307,0.89505,0.8984,548686,0
LEVGQ.US,D,20240626,000000,0.8839,0.9259,0.8839,0.9,467403,0
LEVGQ.US,D,20240627,000000,0.89,0.9199,0.8401,0.8682,5062100,0
LEVGQ.US,D,20240628,000000,0.89,0.9094,0.87,0.9086,154705,0
LEVGQ.US,D,20240701,000000,0.8959,0.9063,0.87,0.8877,258138,0
LEVGQ.US,D,20240702,000000,0.85,0.8813,0.85,0.8667,171220,0
LEVGQ.US,D,20240703,000000,0.8885,0.9063,0.87,0.8996,86622,0
LEVGQ.US,D,20240705,000000,0.8952,0.8952,0.86,0.8643,134975,0
LEVGQ.US,D,20240708,000000,0.88,0.8859,0.86,0.8859,145477,0
LEVGQ.US,D,20240709,000000,0.89,0.8912,0.86,0.864,186793,0
LEVGQ.US,D,20240710,000000,0.8601,0.87495,0.84,0.8496,187996,0
LEVGQ.US,D,20240711,000000,0.851,0.8847,0.8401,0.8455,259970,0
LEVGQ.US,D,20240712,000000,0.841,0.94,0.84,0.9398,288100,0
LEVGQ.US,D,20240715,000000,0.94,0.94,0.91,0.92,219510,0
LEVGQ.US,D,20240716,000000,0.9121,0.9962,0.91,0.985,301310,0
LEVGQ.US,D,20240717,000000,0.9806,0.9844,0.922,0.93,405708,0
LEVGQ.US,D,20240718,000000,0.9128,0.957,0.88,0.88,207168,0
LEVGQ.US,D,20240719,000000,0.8899,0.9098,0.8721,0.9098,193519,0
LEVGQ.US,D,20240722,000000,0.905,0.919,0.88,0.8953,152103,0
LEVGQ.US,D,20240723,000000,0.88,0.907,0.88,0.9,77750,0
LEVGQ.US,D,20240724,000000,0.8908,0.9144,0.8611,0.8611,169881,0
LEVGQ.US,D,20240725,000000,0.8826,0.8865,0.8693,0.8789,140564,0
LEVGQ.US,D,20240726,000000,0.89,0.9045,0.86,0.8691,103506,0
LEVGQ.US,D,20240729,000000,0.86,0.8739,0.8401,0.8478,228864,0
LEVGQ.US,D,20240730,000000,0.8451,0.881,0.8421,0.8558,165689,0
LEVGQ.US,D,20240731,000000,0.78,0.8135,0.67,0.72,1293364,0
LEVGQ.US,D,20240801,000000,0.7599,0.7599,0.615,0.6153,785457,0
LEVGQ.US,D,20240802,000000,0.61,0.64,0.5801,0.6061,715214,0
LEVGQ.US,D,20240805,000000,0.606,0.606,0.567,0.5735,234163,0
LEVGQ.US,D,20240806,000000,0.5794,0.619,0.5701,0.6011,218209,0
LEVGQ.US,D,20240807,000000,0.6175,0.623,0.57,0.5724,234609,0
LEVGQ.US,D,20240808,000000,0.5799,0.5879,0.57,0.5837,184952,0
LEVGQ.US,D,20240809,000000,0.5731,0.5967,0.5601,0.568,128821,0
LEVGQ.US,D,20240812,000000,0.5616,0.599,0.533,0.55,284633,0
LEVGQ.US,D,20240813,000000,0.5506,0.5871,0.5362,0.573,331773,0
LEVGQ.US,D,20240814,000000,0.5837,0.5934,0.55,0.5737,192830,0
LEVGQ.US,D,20240815,000000,0.5981,0.6426,0.5724,0.6388,485497,0
LEVGQ.US,D,20240816,000000,0.64,0.738899,0.64,0.727,536810,0
LEVGQ.US,D,20240819,000000,0.7234,0.74,0.6537,0.661,186663,0
LEVGQ.US,D,20240820,000000,0.6301,0.7,0.6301,0.6838,196360,0
LEVGQ.US,D,20240821,000000,0.6634,0.7172,0.6609,0.6839,168884,0
LEVGQ.US,D,20240822,000000,0.6839,0.7,0.66,0.6601,76557,0
LEVGQ.US,D,20240823,000000,0.6628,0.718,0.66,0.68,109505,0
LEVGQ.US,D,20240826,000000,0.7148,0.7148,0.69,0.7056,165860,0
LEVGQ.US,D,20240827,000000,0.71,0.72,0.69,0.7041,124275,0
LEVGQ.US,D,20240828,000000,0.6952,0.727,0.69,0.7225,375367,0
LEVGQ.US,D,20240829,000000,0.7095,0.8124,0.7,0.8083,518277,0
LEVGQ.US,D,20240830,000000,0.83,0.83,0.74,0.753,333183,0
LEVGQ.US,D,20240903,000000,0.7563,0.8,0.7229,0.78,200200,0
LEVGQ.US,D,20240904,000000,0.78,0.782,0.7309,0.7624,176691,0
LEVGQ.US,D,20240905,000000,0.78,0.7959,0.750001,0.775,231741,0
LEVGQ.US,D,20240906,000000,0.7902,0.82,0.7409,0.7616,101610,0
LEVGQ.US,D,20240909,000000,0.78,0.8,0.745,0.75,103066,0
LEVGQ.US,D,20240910,000000,0.74,0.7615,0.72,0.76,188528,0
LEVGQ.US,D,20240911,000000,0.7505,0.77,0.7302,0.745,62086,0
LEVGQ.US,D,20240912,000000,0.73,0.79,0.73,0.769,197974,0
LEVGQ.US,D,20240913,000000,0.8,0.8,0.7441,0.75,191549,0
LEVGQ.US,D,20240916,000000,0.7964,0.7964,0.71,0.7612,186611,0
LEVGQ.US,D,20240917,000000,0.7406,0.77,0.7109,0.7378,190082,0
LEVGQ.US,D,20240918,000000,0.79,0.79,0.7215,0.75,208696,0
LEVGQ.US,D,20240919,000000,0.74,0.77,0.72,0.7219,173984,0
LEVGQ.US,D,20240920,000000,0.72,0.7794,0.66,0.66,1348249,0
LEVGQ.US,D,20240923,000000,0.695,0.7491,0.6875,0.7173,611936,0
LEVGQ.US,D,20240924,000000,0.709,0.74,0.709,0.7269,76323,0
LEVGQ.US,D,20240925,000000,0.7114,0.74,0.7004,0.71,162980,0
LEVGQ.US,D,20240926,000000,0.7,0.73,0.6626,0.6674,311636,0
LEVGQ.US,D,20240927,000000,0.69,0.7,0.67,0.6756,168851,0
LEVGQ.US,D,20240930,000000,0.6801,0.69,0.665,0.6788,167864,0
LEVGQ.US,D,20241001,000000,0.68,0.6917,0.6637,0.6805,176120,0
LEVGQ.US,D,20241002,000000,0.6719,0.6873,0.66,0.66,240547,0
LEVGQ.US,D,20241003,000000,0.65,0.6713,0.631,0.6351,256418,0
LEVGQ.US,D,20241004,000000,0.648,0.6564,0.6281,0.6564,150628,0
LEVGQ.US,D,20241007,000000,0.65,0.6526,0.6309,0.642,124654,0
LEVGQ.US,D,20241008,000000,0.63,0.6467,0.63,0.635,73542,0
LEVGQ.US,D,20241009,000000,0.635,0.667,0.6304,0.6564,191556,0
LEVGQ.US,D,20241010,000000,0.6558,0.66,0.6225,0.649,271135,0
LEVGQ.US,D,20241011,000000,0.69,0.6999,0.6401,0.66,125949,0
LEVGQ.US,D,20241014,000000,0.65,0.75,0.65,0.75,286067,0
LEVGQ.US,D,20241015,000000,0.69,0.72,0.66,0.663759,191738,0
LEVGQ.US,D,20241016,000000,0.6638,0.6837,0.6501,0.6837,70353,0
LEVGQ.US,D,20241017,000000,0.6822,0.69,0.66,0.6702,134462,0
LEVGQ.US,D,20241018,000000,0.662,0.7042,0.6603,0.6892,372355,0
LEVGQ.US,D,20241021,000000,0.6805,0.6925,0.65,0.6501,204495,0
LEVGQ.US,D,20241022,000000,0.65,0.67,0.65,0.6514,62331,0
LEVGQ.US,D,20241023,000000,0.6404,0.65,0.62,0.639,200327,0
LEVGQ.US,D,20241024,000000,0.639,0.64,0.617,0.6351,259597,0
LEVGQ.US,D,20241025,000000,0.6246,0.634899,0.616,0.6192,139573,0
LEVGQ.US,D,20241028,000000,0.6192,0.6367,0.6106,0.6287,154205,0
LEVGQ.US,D,20241029,000000,0.62,0.6208,0.61,0.6196,98996,0
LEVGQ.US,D,20241030,000000,0.62,0.62,0.6,0.6097,158529,0
LEVGQ.US,D,20241031,000000,0.6214,0.6214,0.6,0.6101,118889,0
LEVGQ.US,D,20241101,000000,0.61,0.634,0.6015,0.6068,124294,0
LEVGQ.US,D,20241104,000000,0.6,0.605,0.571,0.5905,210364,0
LEVGQ.US,D,20241105,000000,0.61,0.61,0.59,0.6013,57628,0
LEVGQ.US,D,20241106,000000,0.6195,0.6195,0.56,0.57,573932,0
LEVGQ.US,D,20241107,000000,0.5015,0.5129,0.4123,0.4123,2173917,0
LEVGQ.US,D,20241108,000000,0.41,0.41,0.324,0.347,1340444,0
LEVGQ.US,D,20241111,000000,0.352,0.4038,0.347,0.4,974478,0
LEVGQ.US,D,20241112,000000,0.391,0.4,0.36,0.3678,397126,0
LEVGQ.US,D,20241113,000000,0.3611,0.37499,0.35439,0.3636,442133,0
LEVGQ.US,D,20241114,000000,0.365,0.3674,0.3489,0.36,445448,0
LEVGQ.US,D,20241115,000000,0.35,0.35,0.325,0.3375,469172,0
LEVGQ.US,D,20241118,000000,0.32485,0.3329,0.287,0.2877,806996,0
LEVGQ.US,D,20241119,000000,0.28,0.28769,0.2236,0.243,2109158,0
LEVGQ.US,D,20241120,000000,0.2301,0.2345,0.1819,0.188,2222927,0
LEVGQ.US,D,20241121,000000,0.1858,0.2683,0.180501,0.2387,5672836,0
LEVGQ.US,D,20241122,000000,0.2312,0.2312,0.1923,0.22,1635981,0
LEVGQ.US,D,20241125,000000,0.216,0.22,0.2,0.2115,1087193,0
LEVGQ.US,D,20241126,000000,0.2115,0.2129,0.194,0.2038,823360,0
LEVGQ.US,D,20241127,000000,0.201,0.21,0.1925,0.2014,1072289,0
LEVGQ.US,D,20241129,000000,0.195,0.195,0.1812,0.1846,903678,0
LEVGQ.US,D,20241202,000000,0.2297,0.4901,0.1869,0.287,235883955,0
LEVGQ.US,D,20241203,000000,0.31,0.372,0.2756,0.326,34377552,0
LEVGQ.US,D,20241204,000000,0.3469,0.414,0.335101,0.39,12621416,0
LEVGQ.US,D,20241205,000000,0.39,0.39,0.3302,0.335,10135133,0
LEVGQ.US,D,20241206,000000,0.4057,0.4279,0.36,0.3606,21663369,0
LEVGQ.US,D,20241209,000000,0.35,0.366,0.3154,0.332,3954504,0
LEVGQ.US,D,20241210,000000,0.3176,0.3673,0.3036,0.36,3567809,0
LEVGQ.US,D,20241211,000000,0.36,0.369,0.33,0.35,2070579,0
LEVGQ.US,D,20241212,000000,0.3377,0.35,0.3177,0.34,1300916,0
LEVGQ.US,D,20241213,000000,0.33,0.345,0.3161,0.3334,1001230,0
LEVGQ.US,D,20241216,000000,0.2835,0.2899,0.244,0.25,4510456,0
