<TICKER>,<PER>,<DATE>,<TIME>,<OPEN>,<HIGH>,<LOW>,<CLOSE>,<VOL>,<OPENINT>
SGLC.US,D,20230403,000000,25.3701,25.5582,25.3701,25.5582,2294,0
SGLC.US,D,20230404,000000,25.34,25.3809,25.33,25.3809,198641,0
SGLC.US,D,20230405,000000,25.38,25.38,25,25.3208,159613,0
SGLC.US,D,20230406,000000,25.46,25.46,25.41,25.447,275379,0
SGLC.US,D,20230410,000000,25.269,25.4837,25.269,25.4837,52122,0
SGLC.US,D,20230411,000000,25.53,25.57,25.4939,25.4939,74455,0
SGLC.US,D,20230412,000000,25.52,25.54,25.3534,25.3534,1835,0
SGLC.US,D,20230413,000000,25.12,25.9063,25.12,25.9063,1304,0
SGLC.US,D,20230414,000000,25.795,25.82,25.637,25.637,2597,0
SGLC.US,D,20230417,000000,25.6,25.7675,25.57,25.7675,222305,0
SGLC.US,D,20230418,000000,25.8,25.8287,25.67,25.7614,63045,0
SGLC.US,D,20230419,000000,25.68,25.71,25.662,25.662,144944,0
SGLC.US,D,20230420,000000,25.6,25.72,25.5109,25.5976,9020,0
SGLC.US,D,20230421,000000,25.5399,25.68,25.5399,25.6136,152634,0
SGLC.US,D,20230424,000000,25.6,25.64,25.52,25.6217,20704,0
SGLC.US,D,20230425,000000,25.46,25.4717,25.2503,25.26,20417,0
SGLC.US,D,20230426,000000,25.31,25.33,25.1201,25.1577,14306,0
SGLC.US,D,20230427,000000,25.35,25.72,25.35,25.72,279116,0
SGLC.US,D,20230428,000000,25.8101,25.91,25.8101,25.91,3210,0
SGLC.US,D,20230501,000000,25.94,25.95,25.83,25.8617,6290,0
SGLC.US,D,20230502,000000,25.29,25.5299,25.29,25.5117,3326,0
SGLC.US,D,20230503,000000,25.42,25.58,25.2401,25.2401,129495,0
SGLC.US,D,20230504,000000,25.13,25.13,24.91,25.05,23057,0
SGLC.US,D,20230505,000000,25.3151,25.5,25.3151,25.4698,2441,0
SGLC.US,D,20230508,000000,25.48,25.5589,25.44,25.5589,9280,0
SGLC.US,D,20230509,000000,25.43,25.47,25.408,25.408,982,0
SGLC.US,D,20230510,000000,25.5,25.59,25.4106,25.5188,2831,0
SGLC.US,D,20230511,000000,25.46,25.56,25.45,25.51,12901,0
SGLC.US,D,20230512,000000,25.48,25.51,25.34,25.4723,1786,0
SGLC.US,D,20230515,000000,25.51,25.58,25.505,25.55,2445,0
SGLC.US,D,20230516,000000,25.52,25.54,25.4087,25.4087,5477,0
SGLC.US,D,20230517,000000,25.52,25.81,25.52,25.7832,5096,0
SGLC.US,D,20230518,000000,25.81,26.04,25.8,26.04,3765,0
SGLC.US,D,20230519,000000,26.13,26.13,25.95,25.9988,162327,0
SGLC.US,D,20230522,000000,26.12,26.12,25.97,25.97,19456,0
SGLC.US,D,20230523,000000,25.93,25.95,25.7,25.7,7716,0
SGLC.US,D,20230524,000000,25.48,25.58,25.37,25.46,5180,0
SGLC.US,D,20230525,000000,25.75,25.76,25.69,25.69,3332,0
SGLC.US,D,20230526,000000,26.0044,26.08,25.99,25.99,3776,0
SGLC.US,D,20230530,000000,25.81,26.08,25.81,26.04,2000,0
SGLC.US,D,20230531,000000,25.8601,25.92,25.76,25.84,6374,0
SGLC.US,D,20230601,000000,25.92,26.1698,25.92,26.11,4601,0
SGLC.US,D,20230602,000000,26.4,26.63,26.4,26.56,4147,0
SGLC.US,D,20230605,000000,26.63,26.65,26.53,26.53,7091,0
SGLC.US,D,20230606,000000,26.6,26.6,26.52,26.56,3561,0
SGLC.US,D,20230607,000000,26.55,26.55,26.38,26.38,2693,0
SGLC.US,D,20230608,000000,26.5799,26.5799,26.44,26.49,3042,0
SGLC.US,D,20230609,000000,26.59,26.64,26.516,26.516,6319,0
SGLC.US,D,20230612,000000,26.59,26.6873,26.515,26.6873,7464,0
SGLC.US,D,20230613,000000,26.86,26.93,26.8,26.88,3728,0
SGLC.US,D,20230614,000000,26.86,26.91,26.8,26.81,4812,0
SGLC.US,D,20230615,000000,26.86,27.27,26.78,27.22,338921,0
SGLC.US,D,20230616,000000,27.43,27.43,27.13,27.13,15430,0
SGLC.US,D,20230620,000000,27.09,27.09,26.91,27.05,16863,0
SGLC.US,D,20230621,000000,26.68,27.0201,26.68,26.93,3524,0
SGLC.US,D,20230622,000000,26.96,26.9944,26.8794,26.9944,5531,0
SGLC.US,D,20230623,000000,26.8,26.9,26.74,26.76,5794,0
SGLC.US,D,20230626,000000,26.75,26.75,26.6809,26.6809,3843,0
SGLC.US,D,20230627,000000,26.45,27.0007,26.45,26.97,3579,0
SGLC.US,D,20230628,000000,26.96,26.9699,26.84,26.9,2555,0
SGLC.US,D,20230629,000000,26.94,27.01,26.94,27,3652,0
SGLC.US,D,20230630,000000,27.31,27.3667,27.31,27.3667,1647,0
SGLC.US,D,20230703,000000,27.3737,27.3809,27.3737,27.3809,1108,0
SGLC.US,D,20230705,000000,27.41,27.4199,27.35,27.363,3528,0
SGLC.US,D,20230706,000000,27.07,27.22,27.04,27.19,5039,0
SGLC.US,D,20230707,000000,27.27,27.3527,27.1666,27.1666,4278,0
SGLC.US,D,20230710,000000,27.23,27.2423,27.1574,27.2423,2787,0
SGLC.US,D,20230711,000000,27.39,27.59,27.39,27.57,2989,0
SGLC.US,D,20230712,000000,27.8,27.88,27.69,27.69,3911,0
SGLC.US,D,20230713,000000,27.9,27.99,27.85,27.97,16732,0
SGLC.US,D,20230714,000000,28.05,28.07,27.95,27.95,6887,0
SGLC.US,D,20230717,000000,28.02,28.228,28.02,28.09,319974,0
SGLC.US,D,20230718,000000,28.26,28.38,28.22,28.33,14217,0
SGLC.US,D,20230719,000000,28.47,28.51,28.4301,28.4588,4474,0
SGLC.US,D,20230720,000000,28.11,28.42,28.11,28.3115,21475,0
SGLC.US,D,20230721,000000,28.33,28.39,28.23,28.23,19636,0
SGLC.US,D,20230724,000000,28.3115,28.42,28.3115,28.3342,16984,0
SGLC.US,D,20230725,000000,28.4,28.53,28.4,28.4782,6087,0
SGLC.US,D,20230726,000000,28.53,28.53,28.4501,28.5058,4231,0
SGLC.US,D,20230727,000000,28.7306,28.74,28.4028,28.4028,8234,0
SGLC.US,D,20230728,000000,28.63,28.676,28.5502,28.6155,2662,0
SGLC.US,D,20230731,000000,28.65,28.69,28.6101,28.6247,203809,0
SGLC.US,D,20230801,000000,28.62,28.68,28.57,28.68,399030,0
SGLC.US,D,20230802,000000,28.23,28.23,28.1601,28.2052,2092,0
SGLC.US,D,20230803,000000,27.71,28.19,27.71,28.15,16515,0
SGLC.US,D,20230804,000000,28.225,28.27,27.87,27.8928,13675,0
SGLC.US,D,20230807,000000,28.18,28.29,28.1797,28.2725,10574,0
SGLC.US,D,20230808,000000,27.93,28.23,27.87,28.13,28728,0
SGLC.US,D,20230809,000000,28.03,28.03,27.89,27.92,5484,0
SGLC.US,D,20230810,000000,28.12,28.12,27.75,27.9,8814,0
SGLC.US,D,20230811,000000,27.8995,27.8995,27.81,27.8472,5402,0
SGLC.US,D,20230814,000000,27.89,28.008,27.87,28.008,4663,0
SGLC.US,D,20230815,000000,27.96,27.96,27.6596,27.6596,3276,0
SGLC.US,D,20230816,000000,27.7699,27.7699,27.46,27.4764,10778,0
SGLC.US,D,20230817,000000,27.54,27.58,27.25,27.3249,2629,0
SGLC.US,D,20230818,000000,27.19,27.34,27.19,27.2791,4817,0
SGLC.US,D,20230821,000000,27.2601,27.5099,27.2601,27.4939,13827,0
SGLC.US,D,20230822,000000,27.43,27.49,27.31,27.3227,23606,0
SGLC.US,D,20230823,000000,27.435,27.68,27.3902,27.6169,40380,0
SGLC.US,D,20230824,000000,27.61,27.61,27.3213,27.3213,4830,0
SGLC.US,D,20230825,000000,27.43,27.5,27.14,27.4078,4566,0
SGLC.US,D,20230828,000000,27.515,27.57,27.44,27.54,7408,0
SGLC.US,D,20230829,000000,27.62,27.98,27.62,27.9501,7499,0
SGLC.US,D,20230830,000000,28.0697,28.13,28.03,28.0757,5470,0
SGLC.US,D,20230831,000000,28.1654,28.1654,28,28,7295,0
SGLC.US,D,20230901,000000,28.11,28.2,28.11,28.1791,13327,0
SGLC.US,D,20230905,000000,28.065,28.12,28.02,28.0225,8758,0
SGLC.US,D,20230906,000000,27.84,27.93,27.82,27.8841,9610,0
SGLC.US,D,20230907,000000,27.74,27.87,27.74,27.85,19260,0
SGLC.US,D,20230908,000000,27.84,27.94,27.78,27.8197,7729,0
SGLC.US,D,20230911,000000,27.955,27.955,27.85,27.8891,4225,0
SGLC.US,D,20230912,000000,27.8,27.88,27.72,27.7437,12758,0
SGLC.US,D,20230913,000000,27.84,27.84,27.72,27.7828,7156,0
SGLC.US,D,20230914,000000,27.54,28.1,27.54,28.0793,2240,0
SGLC.US,D,20230915,000000,27.81,27.84,27.66,27.7071,4086,0
SGLC.US,D,20230918,000000,27.78,27.78,27.68,27.715,10473,0
SGLC.US,D,20230919,000000,27.5,27.72,27.5,27.72,7596,0
SGLC.US,D,20230920,000000,27.72,27.79,27.46,27.4766,4605,0
SGLC.US,D,20230921,000000,27.25,27.27,27.0744,27.0744,3710,0
SGLC.US,D,20230922,000000,27.18,27.26,27.02,27.0251,7922,0
SGLC.US,D,20230925,000000,27.06,27.165,27.06,27.165,5384,0
SGLC.US,D,20230926,000000,26.9,26.93,26.805,26.8348,3418,0
SGLC.US,D,20230927,000000,26.93,26.95,26.72,26.85,6787,0
SGLC.US,D,20230928,000000,26.73,27.18,26.73,27.0968,10491,0
SGLC.US,D,20230929,000000,27.29,27.29,26.92,27.0299,12014,0
SGLC.US,D,20231002,000000,26.82,27.0451,26.82,27.0451,338182,0
SGLC.US,D,20231003,000000,26.9,26.9,26.48,26.5634,19467,0
SGLC.US,D,20231004,000000,26.66,26.7799,26.53,26.75,48838,0
SGLC.US,D,20231005,000000,26.71,26.76,26.56,26.7,9469,0
SGLC.US,D,20231006,000000,26.9438,27.0449,26.88,27.0449,22279,0
SGLC.US,D,20231009,000000,26.72,27.26,26.72,27.196,4784,0
SGLC.US,D,20231010,000000,27.44,27.48,27.34,27.3417,22335,0
SGLC.US,D,20231011,000000,27.21,27.5,27.21,27.5,20791,0
SGLC.US,D,20231012,000000,27.39,27.39,27.05,27.1908,5872,0
SGLC.US,D,20231013,000000,27.16,27.16,26.93,27.0739,9732,0
SGLC.US,D,20231016,000000,27.45,27.53,27.39,27.4677,4889,0
SGLC.US,D,20231017,000000,27.46,27.58,27.43,27.5177,6341,0
SGLC.US,D,20231018,000000,27.366,27.3992,27.14,27.17,5677,0
SGLC.US,D,20231019,000000,27.2,27.27,26.98,27.0902,13725,0
SGLC.US,D,20231020,000000,26.85,26.91,26.7164,26.7164,17903,0
SGLC.US,D,20231023,000000,26.6883,26.77,26.6332,26.6332,3169,0
SGLC.US,D,20231024,000000,26.6,26.75,26.6,26.7018,9129,0
SGLC.US,D,20231025,000000,26.49,26.49,26.306,26.306,10215,0
SGLC.US,D,20231026,000000,26.14,26.1595,25.94,26.0615,21475,0
SGLC.US,D,20231027,000000,26.0183,26.08,25.75,25.8031,17047,0
SGLC.US,D,20231030,000000,26,26.32,26,26.2364,13860,0
SGLC.US,D,20231031,000000,26.27,26.47,26.27,26.41,14629,0
SGLC.US,D,20231101,000000,26.5412,26.72,26.435,26.71,15811,0
SGLC.US,D,20231102,000000,26.79,27.179,26.79,27.1755,5460,0
SGLC.US,D,20231103,000000,27.44,27.54,27.4,27.4448,4635,0
SGLC.US,D,20231106,000000,27.48,27.5126,27.41,27.4882,16011,0
SGLC.US,D,20231107,000000,27.43,27.59,27.42,27.51,12817,0
SGLC.US,D,20231108,000000,27.556,27.59,27.43,27.5259,24034,0
SGLC.US,D,20231109,000000,27.5,27.58,27.3071,27.3071,14660,0
SGLC.US,D,20231110,000000,27.51,27.7664,27.48,27.7664,12525,0
SGLC.US,D,20231113,000000,27.66,27.77,27.66,27.66,17487,0
SGLC.US,D,20231114,000000,28.33,28.33,28.24,28.2538,10363,0
SGLC.US,D,20231115,000000,28.41,28.42,28.32,28.32,8873,0
SGLC.US,D,20231116,000000,28.23,28.39,28.21,28.3687,4602,0
SGLC.US,D,20231117,000000,28.37,28.4599,28.35,28.4415,23642,0
SGLC.US,D,20231120,000000,28.6,28.69,28.5,28.5982,5084,0
SGLC.US,D,20231121,000000,28.41,28.62,28.37,28.37,34108,0
SGLC.US,D,20231122,000000,28.61,28.72,28.61,28.6841,19328,0
SGLC.US,D,20231124,000000,28.58,28.7085,28.58,28.64,7494,0
SGLC.US,D,20231127,000000,28.58,28.66,28.58,28.6046,10684,0
SGLC.US,D,20231128,000000,28.67,28.7076,28.52,28.5983,21663,0
SGLC.US,D,20231129,000000,28.67,28.68,28.5619,28.5687,18371,0
SGLC.US,D,20231130,000000,28.7,28.7794,28.61,28.7794,7218,0
SGLC.US,D,20231201,000000,28.51,29.05,28.51,28.99,10446,0
SGLC.US,D,20231204,000000,28.71,28.855,28.71,28.834,9547,0
SGLC.US,D,20231205,000000,28.62,28.92,28.62,28.8454,29036,0
SGLC.US,D,20231206,000000,28.88,28.88,28.69,28.6915,13500,0
SGLC.US,D,20231207,000000,28.75,28.96,28.75,28.91,7334,0
SGLC.US,D,20231208,000000,29.03,29.15,28.96,29.1214,10654,0
SGLC.US,D,20231211,000000,29.1341,29.24,29.12,29.2052,62093,0
SGLC.US,D,20231212,000000,29.3,29.35,29.22,29.3297,4064,0
SGLC.US,D,20231213,000000,28.99,29.2986,28.8701,29.2986,10716,0
SGLC.US,D,20231214,000000,29.43,29.515,29.39,29.4698,9493,0
SGLC.US,D,20231215,000000,29.5,29.58,29.4,29.43,15814,0
SGLC.US,D,20231218,000000,29.37,29.65,29.37,29.586,35611,0
SGLC.US,D,20231219,000000,29.66,29.7426,29.61,29.7426,10257,0
SGLC.US,D,20231220,000000,29.46,29.75,29.3177,29.3177,38014,0
SGLC.US,D,20231221,000000,29.5002,29.5251,29.25,29.5251,2644,0
SGLC.US,D,20231222,000000,29.49,29.71,29.49,29.6,12146,0
SGLC.US,D,20231226,000000,29.64,29.76,29.64,29.7465,9328,0
SGLC.US,D,20231227,000000,29.6719,29.73,29.63,29.6931,13576,0
SGLC.US,D,20231228,000000,29.75,29.76,29.75,29.7528,4958,0
SGLC.US,D,20231229,000000,29.6,29.68,29.56,29.6588,9601,0
SGLC.US,D,20240102,000000,29.525,29.5994,29.42,29.5512,12872,0
SGLC.US,D,20240103,000000,29.39,29.51,29.36,29.397,9128,0
SGLC.US,D,20240104,000000,29.49,29.49,29.29,29.3037,16590,0
SGLC.US,D,20240105,000000,29.505,29.5163,29.27,29.3834,9331,0
SGLC.US,D,20240108,000000,29.4696,29.7299,29.4696,29.7027,7214,0
SGLC.US,D,20240109,000000,29.585,29.6899,29.58,29.6336,6986,0
SGLC.US,D,20240110,000000,29.7,29.87,29.7,29.8083,6013,0
SGLC.US,D,20240111,000000,29.78,29.92,29.6,29.9017,46666,0
SGLC.US,D,20240112,000000,29.975,30,29.89,29.9628,10500,0
SGLC.US,D,20240116,000000,29.82,29.93,29.77,29.8546,6570,0
SGLC.US,D,20240117,000000,29.71,29.79,29.61,29.7,47022,0
SGLC.US,D,20240118,000000,29.8594,30.005,29.8,29.9737,7883,0
SGLC.US,D,20240119,000000,29.97,30.375,29.97,30.34,8905,0
SGLC.US,D,20240122,000000,30.585,30.6281,30.49,30.5545,5983,0
SGLC.US,D,20240123,000000,30.23,30.52,30.23,30.496,9921,0
SGLC.US,D,20240124,000000,30.6802,30.75,30.55,30.64,175350,0
SGLC.US,D,20240125,000000,30.71,30.77,30.65,30.7414,10532,0
SGLC.US,D,20240126,000000,30.791,30.84,30.69,30.7299,18656,0
SGLC.US,D,20240129,000000,30.68,30.9656,30.67,30.9656,123097,0
SGLC.US,D,20240130,000000,30.59,31.03,30.59,31.01,11850,0
SGLC.US,D,20240131,000000,30.77,30.77,30.44,30.45,29245,0
SGLC.US,D,20240201,000000,30.51,30.735,30.51,30.7264,21375,0
SGLC.US,D,20240202,000000,30.92,31.14,30.92,31.0837,14912,0
SGLC.US,D,20240205,000000,31.07,31.12,30.89,31.0295,21715,0
SGLC.US,D,20240206,000000,31.09,31.11,30.97,31.0479,16856,0
SGLC.US,D,20240207,000000,31.21,31.3013,31.18,31.2549,27992,0
SGLC.US,D,20240208,000000,30.9899,31.35,30.9899,31.31,40850,0
SGLC.US,D,20240209,000000,31.48,31.68,31.47,31.68,48155,0
SGLC.US,D,20240212,000000,31.83,31.83,31.6,31.674,23882,0
SGLC.US,D,20240213,000000,31.29,31.29,30.98,31.1485,18100,0
SGLC.US,D,20240214,000000,31.4337,31.47,31.25,31.4655,14796,0
SGLC.US,D,20240215,000000,31.5791,31.68,31.47,31.6214,13226,0
SGLC.US,D,20240216,000000,31.34,31.65,31.34,31.4787,21222,0
SGLC.US,D,20240220,000000,31.37,31.37,31.22,31.2885,279681,0
SGLC.US,D,20240221,000000,31.4,31.4,31.18,31.37,20868,0
SGLC.US,D,20240222,000000,31.82,32.06,31.82,32,7845,0
SGLC.US,D,20240223,000000,32.25,32.25,32.115,32.1592,9443,0
SGLC.US,D,20240226,000000,32.14,32.14,31.9936,31.9936,23018,0
SGLC.US,D,20240227,000000,31.98,32.08,31.96,32.08,6249,0
SGLC.US,D,20240228,000000,31.92,31.95,31.9,31.9,6916,0
SGLC.US,D,20240229,000000,31.93,32.1538,31.93,32.1538,2845,0
SGLC.US,D,20240301,000000,32.02,32.42,32.02,32.38,162925,0
SGLC.US,D,20240304,000000,32.3509,32.3509,32.24,32.24,11352,0
SGLC.US,D,20240305,000000,31.92,32.11,31.92,31.9938,7500,0
SGLC.US,D,20240306,000000,32.29,32.29,32.14,32.19,7117,0
SGLC.US,D,20240307,000000,32.4493,32.63,32.4493,32.59,785,0
SGLC.US,D,20240308,000000,32.77,32.77,32.44,32.46,35105,0
SGLC.US,D,20240311,000000,32.3,32.434,32.3,32.39,32905,0
SGLC.US,D,20240312,000000,32.68,32.74,32.55,32.7,22469,0
SGLC.US,D,20240313,000000,32.7111,32.7701,32.64,32.71,49998,0
SGLC.US,D,20240314,000000,32.49,32.57,32.43,32.5027,95955,0
SGLC.US,D,20240315,000000,32.408,32.408,32.3315,32.34,20615,0
SGLC.US,D,20240318,000000,32.6401,32.6401,32.5,32.5,13196,0
SGLC.US,D,20240319,000000,32.495,32.74,32.495,32.66,49926,0
SGLC.US,D,20240320,000000,32.69,33.12,32.69,33.12,4801,0
SGLC.US,D,20240321,000000,33.37,33.37,33.2715,33.2797,4556,0
SGLC.US,D,20240322,000000,33.33,33.35,33.25,33.2951,3494,0
SGLC.US,D,20240325,000000,33.2123,33.26,33.16,33.16,9683,0
SGLC.US,D,20240326,000000,33.29,33.3299,33.1,33.1,34972,0
SGLC.US,D,20240327,000000,33.255,33.37,33.22,33.37,2624,0
SGLC.US,D,20240328,000000,33.2,33.4399,33.2,33.29,7871,0
SGLC.US,D,20240401,000000,33.26,33.44,33.26,33.39,12630,0
SGLC.US,D,20240402,000000,32.82,33.1,32.82,33.02,10709,0
SGLC.US,D,20240403,000000,33.1482,33.29,33.1,33.1,15252,0
SGLC.US,D,20240404,000000,33.445,33.48,32.78,32.78,8039,0
SGLC.US,D,20240405,000000,33.115,33.26,33.1,33.18,11009,0
SGLC.US,D,20240408,000000,33.07,33.26,33.07,33.25,6491,0
SGLC.US,D,20240409,000000,33.0367,33.24,33.0367,33.24,5243,0
SGLC.US,D,20240410,000000,32.86,32.91,32.75,32.84,10779,0
SGLC.US,D,20240411,000000,32.92,33.19,32.79,33.06,12761,0
SGLC.US,D,20240412,000000,32.93,32.9877,32.66,32.67,7971,0
SGLC.US,D,20240415,000000,32.74,32.74,32.32,32.36,9336,0
SGLC.US,D,20240416,000000,32.36,32.4131,32.23,32.23,7504,0
SGLC.US,D,20240417,000000,32.255,32.27,32.04,32.0638,4494,0
SGLC.US,D,20240418,000000,32.26,32.26,31.95,32.02,5992,0
SGLC.US,D,20240419,000000,31.84,31.84,31.58,31.71,24764,0
SGLC.US,D,20240422,000000,31.8,32.148,31.6803,31.89,35200,0
SGLC.US,D,20240423,000000,31.86,32.4,31.86,32.36,16440,0
SGLC.US,D,20240424,000000,32.389,32.389,32.1557,32.21,13677,0
SGLC.US,D,20240425,000000,31.78,32.08,31.68,32.07,13145,0
SGLC.US,D,20240426,000000,32.32,32.4,32.31,32.38,8752,0
SGLC.US,D,20240429,000000,32.4366,32.45,32.33,32.44,8816,0
SGLC.US,D,20240430,000000,32.34,32.34,31.93,31.93,23936,0
SGLC.US,D,20240501,000000,31.87,32.19,31.87,31.97,37328,0
SGLC.US,D,20240502,000000,32.13,32.41,32.04,32.41,24344,0
SGLC.US,D,20240503,000000,32.88,32.88,32.72,32.87,29521,0
SGLC.US,D,20240506,000000,33.02,33.18,33,33.18,12038,0
SGLC.US,D,20240507,000000,33.18,33.3299,33.1564,33.25,22693,0
SGLC.US,D,20240508,000000,33.21,33.22,33.04,33.04,13305,0
SGLC.US,D,20240509,000000,33.17,33.35,33.14,33.3097,8666,0
SGLC.US,D,20240510,000000,33.5,33.5,33.345,33.468,10705,0
SGLC.US,D,20240513,000000,33.41,33.41,33.33,33.3395,11594,0
SGLC.US,D,20240514,000000,33.3001,33.51,33.3001,33.51,15824,0
SGLC.US,D,20240515,000000,33.57,34.04,33.57,34.04,10933,0
SGLC.US,D,20240516,000000,33.9721,33.9721,33.81,33.81,19326,0
SGLC.US,D,20240517,000000,33.81,33.92,33.8092,33.92,22725,0
SGLC.US,D,20240520,000000,34.01,34.01,33.9599,33.96,3770,0
SGLC.US,D,20240521,000000,33.995,34.0043,33.93,34.0043,3701,0
SGLC.US,D,20240522,000000,33.9594,33.97,33.7501,33.84,8929,0
SGLC.US,D,20240523,000000,33.95,33.99,33.66,33.75,10267,0
SGLC.US,D,20240524,000000,33.97,33.97,33.933,33.933,1610,0
SGLC.US,D,20240528,000000,33.95,34,33.85,34,11128,0
SGLC.US,D,20240529,000000,33.69,33.82,33.69,33.75,8538,0
SGLC.US,D,20240530,000000,33.58,33.68,33.465,33.58,8883,0
SGLC.US,D,20240531,000000,33.61,33.89,33.3199,33.89,10096,0
SGLC.US,D,20240603,000000,33.99,34.02,33.6899,33.8711,17750,0
SGLC.US,D,20240604,000000,33.85,33.91,33.6966,33.9,10130,0
SGLC.US,D,20240605,000000,34.01,34.41,34.01,34.41,24887,0
SGLC.US,D,20240606,000000,34.4353,34.4353,34.355,34.39,3999,0
SGLC.US,D,20240607,000000,34.32,34.41,34.2713,34.29,6154,0
SGLC.US,D,20240610,000000,34.3985,34.48,34.34,34.41,7881,0
SGLC.US,D,20240611,000000,34.195,34.4504,34.195,34.4504,26257,0
SGLC.US,D,20240612,000000,34.76,34.774,34.55,34.6789,18787,0
SGLC.US,D,20240613,000000,34.57,34.68,34.4962,34.65,8643,0
SGLC.US,D,20240614,000000,34.5,34.61,34.49,34.5825,13167,0
SGLC.US,D,20240617,000000,34.54,34.9,34.53,34.8588,9591,0
SGLC.US,D,20240618,000000,34.96,35.1,34.96,35.1,9441,0
SGLC.US,D,20240620,000000,35.06,35.16,34.96,35.0248,11557,0
SGLC.US,D,20240621,000000,34.93,34.99,34.79,34.99,11532,0
SGLC.US,D,20240624,000000,34.93,34.99,34.64,34.64,16368,0
SGLC.US,D,20240625,000000,34.87,35.02,34.87,35.0065,5590,0
SGLC.US,D,20240626,000000,34.88,34.99,34.79,34.9874,5311,0
SGLC.US,D,20240627,000000,35.01,35.045,34.988,35.04,8129,0
SGLC.US,D,20240628,000000,35.125,35.2,34.89,34.9,10092,0
SGLC.US,D,20240701,000000,34.91,34.96,34.87,34.96,16091,0
SGLC.US,D,20240702,000000,34.81,35.03,34.77,35.03,18109,0
SGLC.US,D,20240703,000000,35.0499,35.15,35,35.15,3424,0
SGLC.US,D,20240705,000000,35.13,35.22,35.06,35.2061,9074,0
SGLC.US,D,20240708,000000,35.28,35.28,35.11,35.2,10896,0
SGLC.US,D,20240709,000000,35.17,35.3,35.17,35.21,11031,0
SGLC.US,D,20240710,000000,35.3391,35.58,35.3391,35.58,21424,0
SGLC.US,D,20240711,000000,35.3184,35.3184,35.165,35.23,3985,0
SGLC.US,D,20240712,000000,35.38,35.6099,35.363,35.363,5921,0
SGLC.US,D,20240715,000000,35.63,35.7029,35.415,35.4539,20342,0
SGLC.US,D,20240716,000000,35.52,35.59,35.44,35.5723,44234,0
SGLC.US,D,20240717,000000,35.14,35.14,34.9129,34.92,22302,0
SGLC.US,D,20240718,000000,35.08,35.08,34.705,35,12429,0
SGLC.US,D,20240719,000000,34.76,34.76,34.5349,34.59,6931,0
SGLC.US,D,20240722,000000,34.88,35.08,34.84,35.0166,6885,0
SGLC.US,D,20240723,000000,34.82,35.07,34.82,34.92,19541,0
SGLC.US,D,20240724,000000,34.52,34.52,33.95,34,8300,0
SGLC.US,D,20240725,000000,33.92,34.29,33.8,33.8,11904,0
SGLC.US,D,20240726,000000,34.14,34.34,34.0802,34.1467,9717,0
SGLC.US,D,20240729,000000,34.42,34.42,34.1964,34.1964,9540,0
SGLC.US,D,20240730,000000,34.13,34.13,33.6661,33.8293,4666,0
SGLC.US,D,20240731,000000,34.47,34.69,34.47,34.65,38761,0
SGLC.US,D,20240801,000000,34.75,34.75,33.7424,34.06,12756,0
SGLC.US,D,20240802,000000,33.3257,33.3257,33.0467,33.3,14317,0
SGLC.US,D,20240805,000000,32.18,32.6,32.18,32.39,11010,0
SGLC.US,D,20240806,000000,32.77,33.23,32.68,32.68,13294,0
SGLC.US,D,20240807,000000,33.31,33.31,32.44,32.45,8411,0
SGLC.US,D,20240808,000000,33.06,33.39,33.06,33.12,119582,0
SGLC.US,D,20240809,000000,33.3,33.49,33.2101,33.49,4489,0
SGLC.US,D,20240812,000000,33.23,33.6,33.23,33.355,5327,0
SGLC.US,D,20240813,000000,33.63,33.8599,33.61,33.8466,3561,0
SGLC.US,D,20240814,000000,33.95,34.13,33.95,34.09,6383,0
SGLC.US,D,20240815,000000,34.47,34.67,34.47,34.67,6768,0
SGLC.US,D,20240816,000000,34.46,34.61,34.45,34.45,11340,0
SGLC.US,D,20240819,000000,34.659,34.8712,34.57,34.8712,8442,0
SGLC.US,D,20240820,000000,34.78,34.9199,34.7718,34.7904,4587,0
SGLC.US,D,20240821,000000,35,35.1,34.9,35.075,11609,0
SGLC.US,D,20240822,000000,35.0213,35.08,34.6835,34.6878,5870,0
SGLC.US,D,20240823,000000,34.91,35.1623,34.91,35.1623,9849,0
SGLC.US,D,20240826,000000,35.18,35.18,34.984,35.0559,2927,0
SGLC.US,D,20240827,000000,35.045,35.24,35.045,35.1478,11459,0
SGLC.US,D,20240828,000000,35.0383,35.0383,34.6602,34.8494,2165,0
SGLC.US,D,20240829,000000,35.0806,35.2599,34.8,34.8237,18574,0
SGLC.US,D,20240830,000000,34.9,35.235,34.87,35.235,5666,0
SGLC.US,D,20240903,000000,34.81,34.81,34.404,34.404,4148,0
SGLC.US,D,20240904,000000,34.3701,34.4181,34.31,34.3557,2016,0
SGLC.US,D,20240905,000000,34.0501,34.25,34.0501,34.25,10334,0
SGLC.US,D,20240906,000000,33.8901,33.8901,33.58,33.65,8750,0
SGLC.US,D,20240909,000000,33.86,34.09,33.8494,34.03,9839,0
SGLC.US,D,20240910,000000,33.7784,34.09,33.7784,34.09,6268,0
SGLC.US,D,20240911,000000,33.5123,34.55,33.48,34.55,5323,0
SGLC.US,D,20240912,000000,34.42,34.75,34.42,34.75,11278,0
SGLC.US,D,20240913,000000,34.925,34.93,34.81,34.8904,4266,0
SGLC.US,D,20240916,000000,34.785,34.96,34.785,34.9163,3590,0
SGLC.US,D,20240917,000000,35.1,35.1,34.9,34.9715,7494,0
SGLC.US,D,20240918,000000,34.96,35.14,34.87,34.8732,2857,0
SGLC.US,D,20240919,000000,35.4396,35.6,35.4396,35.5045,9292,0
SGLC.US,D,20240920,000000,35.34,35.42,35.3181,35.3433,4177,0
SGLC.US,D,20240923,000000,35.4199,35.42,35.3586,35.3845,1841,0
SGLC.US,D,20240924,000000,35.25,35.47,35.2189,35.47,11283,0
SGLC.US,D,20240925,000000,35.4,35.41,35.17,35.17,160239,0
SGLC.US,D,20240926,000000,35.53,35.53,35.4763,35.4763,1235,0
SGLC.US,D,20240927,000000,35.3244,35.42,35.29,35.36,4104,0
SGLC.US,D,20240930,000000,35.34,35.5491,35.195,35.5001,3377,0
SGLC.US,D,20241001,000000,35.16,35.37,35.07,35.33,8517,0
SGLC.US,D,20241002,000000,35.2144,35.32,35.2143,35.2991,7797,0
SGLC.US,D,20241003,000000,35.14,35.14,34.9924,35.04,4305,0
SGLC.US,D,20241004,000000,35.36,35.56,35.255,35.3813,5305,0
SGLC.US,D,20241007,000000,35.1039,35.25,34.9375,34.9375,4249,0
SGLC.US,D,20241008,000000,35.39,35.3999,35.16,35.3356,5037,0
SGLC.US,D,20241009,000000,35.25,35.6699,35.25,35.5661,5214,0
SGLC.US,D,20241010,000000,35.4935,35.61,35.44,35.5187,5655,0
SGLC.US,D,20241011,000000,35.79,35.9586,35.73,35.8178,4942,0
SGLC.US,D,20241014,000000,36,36.23,35.96,36.23,6500,0
SGLC.US,D,20241015,000000,36.25,36.25,35.7827,35.7827,2051,0
SGLC.US,D,20241016,000000,35.99,36,35.8875,35.9349,1829,0
SGLC.US,D,20241017,000000,35.88,35.92,35.88,35.9128,568,0
SGLC.US,D,20241018,000000,35.9496,36.0586,35.9496,35.9928,2859,0
SGLC.US,D,20241021,000000,35.78,35.9,35.71,35.887,7094,0
SGLC.US,D,20241022,000000,35.7,35.96,35.7,35.8949,4659,0
SGLC.US,D,20241023,000000,35.76,35.76,35.49,35.5624,15402,0
SGLC.US,D,20241024,000000,35.6684,35.6684,35.54,35.568,6963,0
SGLC.US,D,20241025,000000,35.6637,35.6637,35.41,35.418,3260,0
SGLC.US,D,20241028,000000,35.66,35.66,35.4581,35.4986,4163,0
SGLC.US,D,20241029,000000,35.58,35.7,35.5313,35.6033,4610,0
SGLC.US,D,20241030,000000,35.63,35.7,35.517,35.517,4438,0
SGLC.US,D,20241031,000000,34.9337,34.9337,34.78,34.7808,1263,0
SGLC.US,D,20241101,000000,35,35.06,34.977,34.983,4463,0
SGLC.US,D,20241104,000000,35.13,35.13,34.8401,34.8963,4175,0
SGLC.US,D,20241105,000000,34.9,35.2974,34.9,35.2974,6196,0
SGLC.US,D,20241106,000000,36.005,36.11,35.99,36.0882,4787,0
SGLC.US,D,20241107,000000,36.455,36.66,36.455,36.6206,7606,0
SGLC.US,D,20241108,000000,36.775,36.86,36.717,36.7842,7771,0
SGLC.US,D,20241111,000000,36.79,36.8,36.65,36.6556,6294,0
SGLC.US,D,20241112,000000,36.78,36.78,36.5973,36.6403,3690,0
SGLC.US,D,20241113,000000,36.5231,36.74,36.5231,36.5447,5861,0
SGLC.US,D,20241114,000000,36.53,36.5788,36.3,36.51,64066,0
SGLC.US,D,20241115,000000,35.8558,37.35,34.7601,35.9097,12689,0
SGLC.US,D,20241118,000000,36.07,36.0791,35.83,35.9738,7974,0
SGLC.US,D,20241119,000000,36.05,36.21,35.9901,36.178,8662,0
SGLC.US,D,20241120,000000,35.945,36.0602,35.8017,36.0602,4390,0
SGLC.US,D,20241121,000000,36.21,36.331,36.18,36.3012,2621,0
SGLC.US,D,20241122,000000,36.41,36.4165,36.3041,36.4004,1059,0
SGLC.US,D,20241125,000000,36.35,36.54,36.35,36.5283,9872,0
SGLC.US,D,20241126,000000,36.512,36.82,36.512,36.763,11029,0
SGLC.US,D,20241127,000000,36.4977,37.945,36.4977,37.6897,8817,0
SGLC.US,D,20241129,000000,36.685,36.93,36.63,36.8071,6241,0
SGLC.US,D,20241202,000000,36.88,36.95,36.8591,36.8591,4113,0
SGLC.US,D,20241203,000000,36.85,38.16,36.72,36.8616,9439,0
SGLC.US,D,20241204,000000,36.98,37.12,36.97,37.095,4691,0
SGLC.US,D,20241205,000000,37.0099,37.0601,36.95,36.9722,8982,0
SGLC.US,D,20241206,000000,37.0201,37.062,37.0201,37.062,2034,0
SGLC.US,D,20241209,000000,37.01,37.01,36.83,36.83,3411,0
SGLC.US,D,20241210,000000,36.745,36.77,36.685,36.7,13906,0
SGLC.US,D,20241211,000000,37,37.04,36.97,37.03,15921,0
SGLC.US,D,20241212,000000,36.9,36.98,36.81,36.84,6660,0
SGLC.US,D,20241213,000000,36.675,36.77,36.64,36.74,8950,0
SGLC.US,D,20241216,000000,36.82,36.87,36.75,36.8,6878,0
SGLC.US,D,20241217,000000,36.5778,36.68,36.5244,36.61,17718,0
SGLC.US,D,20241218,000000,36.75,36.75,35.51,35.51,5754,0
SGLC.US,D,20241219,000000,32.74,32.81,32.63,32.67,14130,0
SGLC.US,D,20241220,000000,32.57,33.31,32.52,33.01,150018,0
SGLC.US,D,20241223,000000,32.94,33.32,32.925,33.13,7660,0
SGLC.US,D,20241224,000000,33.35,33.5726,33.29,33.5726,5875,0
SGLC.US,D,20241226,000000,33.49,33.61,33.4766,33.57,15067,0
SGLC.US,D,20241227,000000,33.3041,33.3041,33,33.22,18239,0
SGLC.US,D,20241230,000000,32.67,33.0264,32.67,32.8997,57421,0
SGLC.US,D,20241231,000000,32.98,32.98,32.6941,32.79,25392,0
SGLC.US,D,20250102,000000,32.8,32.95,32.725,32.79,10117,0
SGLC.US,D,20250103,000000,32.96,33.1699,32.94,33.1248,9145,0
SGLC.US,D,20250106,000000,33.52,33.56,33.3,33.4,9550,0
SGLC.US,D,20250107,000000,33.23,33.295,32.99,33.12,15290,0
SGLC.US,D,20250108,000000,33.0785,33.2,32.95,33.2,9795,0
SGLC.US,D,20250110,000000,32.69,32.6981,32.49,32.59,2783,0
