<TICKER>,<PER>,<DATE>,<TIME>,<OPEN>,<HIGH>,<LOW>,<CLOSE>,<VOL>,<OPENINT>
SPQ.US,D,20231115,000000,25.61,25.61,25.5418,25.5418,354,0
SPQ.US,D,20231116,000000,25.43,25.5201,25.38,25.5201,473,0
SPQ.US,D,20231117,000000,25.54,25.6194,25.5,25.5289,864,0
SPQ.US,D,20231120,000000,25.58,25.7106,25.58,25.7106,1035,0
SPQ.US,D,20231121,000000,25.66,25.74,25.6,25.6784,579,0
SPQ.US,D,20231122,000000,25.6801,25.84,25.6801,25.7499,812,0
SPQ.US,D,20231124,000000,25.82,25.82,25.68,25.7541,737,0
SPQ.US,D,20231127,000000,25.7,25.7251,25.7,25.7251,884,0
SPQ.US,D,20231128,000000,25.73,25.8098,25.71,25.7818,1668,0
SPQ.US,D,20231129,000000,25.89,25.89,25.7589,25.7589,234,0
SPQ.US,D,20231130,000000,25.69,25.8265,25.69,25.8265,768,0
SPQ.US,D,20231201,000000,25.9193,25.9193,25.9193,25.9193,138,0
SPQ.US,D,20231204,000000,25.784,25.784,25.784,25.784,186,0
SPQ.US,D,20231205,000000,25.78,25.834,25.78,25.8003,1914,0
SPQ.US,D,20231206,000000,25.65,25.6866,25.65,25.6866,182,0
SPQ.US,D,20231207,000000,25.8,25.8602,25.8,25.8602,420,0
SPQ.US,D,20231208,000000,25.91,25.961,25.91,25.961,677,0
SPQ.US,D,20231211,000000,26.0718,26.0718,26.0718,26.0718,26,0
SPQ.US,D,20231212,000000,26.1805,26.1805,26.1805,26.1805,9,0
SPQ.US,D,20231213,000000,26.14,26.4908,26.14,26.4908,199,0
SPQ.US,D,20231214,000000,26.66,26.67,26.54,26.5645,856,0
SPQ.US,D,20231215,000000,26.595,26.6499,26.595,26.6025,636,0
SPQ.US,D,20231218,000000,26.7269,26.7269,26.6877,26.6877,181,0
SPQ.US,D,20231219,000000,26.8405,26.8526,26.8405,26.8526,766,0
SPQ.US,D,20231220,000000,26.99,26.99,26.5081,26.5081,1390,0
SPQ.US,D,20231221,000000,26.51,26.77,26.51,26.735,306,0
SPQ.US,D,20231222,000000,26.91,26.91,26.7754,26.7754,1428,0
SPQ.US,D,20231226,000000,26.7412,26.77,26.4117,26.4117,1091,0
SPQ.US,D,20231227,000000,26.42,26.5499,26.42,26.4967,557,0
SPQ.US,D,20231228,000000,26.5,26.54,26.45,26.5071,1749,0
SPQ.US,D,20231229,000000,26.43,26.459,26.33,26.4484,729,0
SPQ.US,D,20240102,000000,26.35,26.35,26.06,26.2943,1438,0
SPQ.US,D,20240103,000000,26.14,26.2019,26.01,26.0973,974,0
SPQ.US,D,20240104,000000,26.13,26.21,26,26.0362,1609,0
SPQ.US,D,20240105,000000,26.05,26.1,26,26.031,2842,0
SPQ.US,D,20240108,000000,26.185,26.374,26.185,26.374,450,0
SPQ.US,D,20240109,000000,26.39,26.435,26.27,26.3524,6000,0
SPQ.US,D,20240110,000000,26.47,26.4747,26.47,26.4747,889,0
SPQ.US,D,20240111,000000,26.46,26.4601,26.46,26.4601,295,0
SPQ.US,D,20240112,000000,26.545,26.545,26.41,26.4806,1043,0
SPQ.US,D,20240116,000000,26.8,26.8,26.3964,26.3964,868,0
SPQ.US,D,20240117,000000,26.22,26.2714,26.19,26.2714,878,0
SPQ.US,D,20240118,000000,26.36,26.4354,26.36,26.4354,1041,0
SPQ.US,D,20240119,000000,26.46,26.7609,26.46,26.7609,1332,0
SPQ.US,D,20240122,000000,26.9344,26.9344,26.8795,26.8795,619,0
SPQ.US,D,20240123,000000,26.95,26.9587,26.89,26.9587,693,0
SPQ.US,D,20240124,000000,27.22,27.22,26.995,26.995,206,0
SPQ.US,D,20240125,000000,27,27.0733,27,27.0733,346,0
SPQ.US,D,20240126,000000,27.03,27.1023,27.03,27.1023,237,0
SPQ.US,D,20240129,000000,27.2937,27.2937,27.2937,27.2937,58,0
SPQ.US,D,20240130,000000,27.2992,27.2992,27.2992,27.2992,61,0
SPQ.US,D,20240131,000000,26.8938,26.8938,26.8938,26.8938,98,0
SPQ.US,D,20240201,000000,27.112,27.112,27.112,27.112,177,0
SPQ.US,D,20240202,000000,27.4532,27.4532,27.4532,27.4532,54,0
SPQ.US,D,20240205,000000,27.64,27.64,27.4762,27.4762,730,0
SPQ.US,D,20240206,000000,27.4352,27.4352,27.4352,27.4352,19,0
SPQ.US,D,20240207,000000,27.6,27.6937,27.6,27.6937,160,0
SPQ.US,D,20240208,000000,27.61,27.6948,27.61,27.6948,162,0
SPQ.US,D,20240209,000000,27.8682,27.8682,27.8682,27.8682,153,0
SPQ.US,D,20240212,000000,27.92,27.92,27.8,27.8559,225,0
SPQ.US,D,20240213,000000,27.4956,27.4956,27.4956,27.4956,2,0
SPQ.US,D,20240214,000000,27.53,27.7037,27.53,27.7037,357,0
SPQ.US,D,20240215,000000,27.801,27.8629,27.8,27.8629,464,0
SPQ.US,D,20240216,000000,27.7459,27.7459,27.7459,27.7459,68,0
SPQ.US,D,20240220,000000,27.5866,27.5866,27.5866,27.5866,163,0
SPQ.US,D,20240221,000000,27.57,27.6439,27.57,27.6439,157,0
SPQ.US,D,20240222,000000,28.05,28.1939,28.05,28.1939,304,0
SPQ.US,D,20240223,000000,28.2483,28.2483,28.2483,28.2483,31,0
SPQ.US,D,20240226,000000,28.25,28.25,28.139,28.139,394,0
SPQ.US,D,20240227,000000,28.1883,28.1883,28.1883,28.1883,28,0
SPQ.US,D,20240228,000000,28.05,28.1473,28.05,28.1473,483,0
SPQ.US,D,20240229,000000,28.3219,28.3219,28.3219,28.3219,95,0
SPQ.US,D,20240301,000000,28.4956,28.4956,28.4956,28.4956,294,0
SPQ.US,D,20240304,000000,28.42,28.475,28.42,28.475,5661,0
SPQ.US,D,20240305,000000,28.41,28.41,28.1969,28.1969,1310,0
SPQ.US,D,20240306,000000,28.48,28.6,27.99,28.3136,10340,0
SPQ.US,D,20240307,000000,28.6052,28.6052,28.6052,28.6052,9,0
SPQ.US,D,20240308,000000,28.5,28.5,28.4382,28.4407,755,0
SPQ.US,D,20240311,000000,28.275,28.42,28.275,28.3907,1044,0
SPQ.US,D,20240312,000000,28.7224,28.7224,28.7224,28.7224,28,0
SPQ.US,D,20240313,000000,28.6955,28.6955,28.6955,28.6955,27,0
SPQ.US,D,20240314,000000,28.49,28.6522,28.49,28.6522,432,0
SPQ.US,D,20240315,000000,28.4499,28.4499,28.4499,28.4499,92,0
SPQ.US,D,20240318,000000,28.6286,28.6286,28.6286,28.6286,94,0
SPQ.US,D,20240319,000000,28.7928,28.7928,28.7928,28.7928,40,0
SPQ.US,D,20240320,000000,29.0278,29.0278,29.0278,29.0278,71,0
SPQ.US,D,20240321,000000,29.27,29.67,29.11,29.67,4687,0
SPQ.US,D,20240322,000000,29.189,29.25,29.1449,29.1449,1203,0
SPQ.US,D,20240325,000000,29,29,28.9,28.9329,4071,0
SPQ.US,D,20240326,000000,28.9109,28.9109,28.8835,28.8835,123,0
SPQ.US,D,20240327,000000,29.04,29.1126,29.04,29.1126,341,0
SPQ.US,D,20240328,000000,29.1877,29.1877,29.1877,29.1877,51,0
SPQ.US,D,20240401,000000,29.1,29.1,29.0958,29.0958,140,0
SPQ.US,D,20240402,000000,28.7403,28.8908,28.7114,28.8908,4088,0
SPQ.US,D,20240403,000000,29.02,29.02,28.903,28.903,190,0
SPQ.US,D,20240404,000000,28.5715,28.5715,28.5715,28.5715,46,0
SPQ.US,D,20240405,000000,28.67,28.8357,28.67,28.8357,271,0
SPQ.US,D,20240408,000000,28.909,28.909,28.81,28.8264,603,0
SPQ.US,D,20240409,000000,28.73,28.8653,28.73,28.8653,311,0
SPQ.US,D,20240410,000000,28.6737,28.6737,28.6737,28.6737,71,0
SPQ.US,D,20240411,000000,28.58,28.8538,28.58,28.8538,111,0
SPQ.US,D,20240412,000000,28.4621,28.4621,28.4621,28.4621,8,0
SPQ.US,D,20240415,000000,28.7,28.7,28.1022,28.1022,201,0
SPQ.US,D,20240416,000000,28.12,28.12,28.017,28.017,176,0
SPQ.US,D,20240417,000000,27.8573,27.8573,27.8573,27.8573,1,0
SPQ.US,D,20240418,000000,27.993,27.993,27.7602,27.7602,668,0
SPQ.US,D,20240419,000000,27.71,27.71,27.71,27.71,101,0
SPQ.US,D,20240422,000000,27.7559,27.7559,27.7559,27.7559,19,0
SPQ.US,D,20240423,000000,28.001,28.1692,28,28.0849,420,0
SPQ.US,D,20240424,000000,28.1106,28.1106,28.1106,28.1106,291,0
SPQ.US,D,20240425,000000,28.0162,28.0162,28.0162,28.0162,1,0
SPQ.US,D,20240426,000000,28.2534,28.2534,28.2534,28.2534,1,0
SPQ.US,D,20240429,000000,28.35,28.387,28.35,28.387,185,0
SPQ.US,D,20240430,000000,27.89,27.89,27.89,27.89,2145,0
SPQ.US,D,20240501,000000,27.84,28.25,27.84,27.9033,21417,0
SPQ.US,D,20240502,000000,28.0698,28.14,28.0698,28.091,1175,0
SPQ.US,D,20240503,000000,28.3582,28.5495,28.3582,28.457,427,0
SPQ.US,D,20240506,000000,28.585,28.6981,28.585,28.6981,405,0
SPQ.US,D,20240507,000000,28.84,28.84,28.69,28.7792,1012,0
SPQ.US,D,20240508,000000,28.78,28.78,28.6892,28.6892,198,0
SPQ.US,D,20240509,000000,28.7,28.95,28.7,28.9252,1421,0
SPQ.US,D,20240510,000000,29.07,29.07,28.9,28.9696,835,0
SPQ.US,D,20240513,000000,29.06,29.07,28.9603,28.9603,4008,0
SPQ.US,D,20240514,000000,29.0192,29.1699,28.975,29.1608,11270,0
SPQ.US,D,20240515,000000,29.3787,29.49,29.31,29.4215,2248,0
SPQ.US,D,20240516,000000,29.49,29.49,29.35,29.3979,383,0
SPQ.US,D,20240517,000000,29.39,29.3915,29.301,29.3915,349,0
SPQ.US,D,20240520,000000,29.4696,29.4696,29.4696,29.4696,158,0
SPQ.US,D,20240521,000000,29.553,29.553,29.553,29.553,65,0
SPQ.US,D,20240522,000000,29.54,29.54,29.4341,29.4341,512,0
SPQ.US,D,20240523,000000,29.2074,29.2074,29.2074,29.2074,44,0
SPQ.US,D,20240524,000000,29.3834,29.3834,29.3834,29.3834,45,0
SPQ.US,D,20240528,000000,29.45,29.45,29.4432,29.4432,193,0
SPQ.US,D,20240529,000000,29.2782,29.39,29.1801,29.2636,3913,0
SPQ.US,D,20240530,000000,29.124,29.124,28.88,29.0707,1941,0
SPQ.US,D,20240531,000000,28.99,29.2137,28.96,29.2137,315,0
SPQ.US,D,20240603,000000,29.2216,29.2216,29.2,29.2216,199,0
SPQ.US,D,20240604,000000,29.08,29.2538,29.03,29.2538,2795,0
SPQ.US,D,20240605,000000,29.37,29.4857,26.38,29.4857,2466,0
SPQ.US,D,20240606,000000,29.51,29.5302,29.44,29.5302,2664,0
SPQ.US,D,20240607,000000,29.48,29.6,29.45,29.5341,3675,0
SPQ.US,D,20240610,000000,29.6189,29.6189,29.6189,29.6189,62,0
SPQ.US,D,20240611,000000,29.5,29.6944,29.5,29.6944,198,0
SPQ.US,D,20240612,000000,29.93,29.9566,29.93,29.9566,143,0
SPQ.US,D,20240613,000000,29.79,29.9843,29.79,29.9843,102,0
SPQ.US,D,20240614,000000,29.9362,29.9362,29.9362,29.9362,102,0
SPQ.US,D,20240617,000000,30.1764,30.1764,30.1764,30.1764,31,0
SPQ.US,D,20240618,000000,30.3,30.3,30.3,30.3,97,0
SPQ.US,D,20240620,000000,30.2579,30.2579,30.2579,30.2579,5,0
SPQ.US,D,20240621,000000,30.279,30.279,30.185,30.1975,361,0
SPQ.US,D,20240624,000000,30.2,30.2,30.1513,30.1513,156,0
SPQ.US,D,20240625,000000,30.089,30.089,30.0539,30.0539,103,0
SPQ.US,D,20240626,000000,30.1914,30.1914,30.1914,30.1914,16,0
SPQ.US,D,20240627,000000,30.1607,30.1607,30.1607,30.1607,10,0
SPQ.US,D,20240628,000000,30.17,30.17,29.97,30.1005,555,0
SPQ.US,D,20240701,000000,30.04,30.1558,30.04,30.1558,241,0
SPQ.US,D,20240702,000000,30.2253,30.2992,30.2253,30.2992,269,0
SPQ.US,D,20240703,000000,30.55,30.55,30.355,30.417,1050,0
SPQ.US,D,20240705,000000,30.6561,30.6561,30.6561,30.6561,16,0
SPQ.US,D,20240708,000000,30.7352,30.7352,30.7352,30.7352,85,0
SPQ.US,D,20240709,000000,31.17,31.17,30.7658,30.7658,233,0
SPQ.US,D,20240710,000000,30.96,31.0905,30.96,31.0905,396,0
SPQ.US,D,20240711,000000,31.08,31.08,30.79,30.9147,1108,0
SPQ.US,D,20240712,000000,31.01,31.01,30.87,30.9103,1757,0
SPQ.US,D,20240715,000000,30.92,30.9966,30.9,30.9966,281,0
SPQ.US,D,20240716,000000,31.2256,31.2256,31.2256,31.2256,16,0
SPQ.US,D,20240717,000000,30.83,30.83,30.7712,30.7712,483,0
SPQ.US,D,20240718,000000,30.86,30.86,30.4517,30.4517,629,0
SPQ.US,D,20240719,000000,30.245,30.245,30.2383,30.2383,140,0
SPQ.US,D,20240722,000000,30.37,30.5259,30.37,30.5259,349,0
SPQ.US,D,20240723,000000,30.53,30.53,30.504,30.504,541,0
SPQ.US,D,20240724,000000,29.8469,29.8469,29.8469,29.8469,11,0
SPQ.US,D,20240725,000000,29.66,29.66,29.6443,29.6443,272,0
SPQ.US,D,20240726,000000,29.8211,29.8211,29.8211,29.8211,70,0
SPQ.US,D,20240729,000000,29.87,29.9482,29.82,29.9482,790,0
SPQ.US,D,20240730,000000,29.9148,29.9148,29.9148,29.9148,67,0
SPQ.US,D,20240731,000000,30.22,30.24,30.1726,30.1726,1102,0
SPQ.US,D,20240801,000000,29.88,29.88,29.69,29.7766,2281,0
SPQ.US,D,20240802,000000,29.11,29.254,29.11,29.254,297,0
SPQ.US,D,20240805,000000,29.19,29.19,27.965,27.965,168,0
SPQ.US,D,20240806,000000,28.61,28.61,28.4028,28.4028,292,0
SPQ.US,D,20240807,000000,28.6912,28.7,28.0287,28.0287,1404,0
SPQ.US,D,20240808,000000,29.08,29.08,28.9803,28.9803,423,0
SPQ.US,D,20240809,000000,28.7613,28.8561,28.7613,28.8561,348,0
SPQ.US,D,20240812,000000,28.885,28.9107,28.84,28.9107,381,0
SPQ.US,D,20240813,000000,29.27,29.39,29.27,29.3875,936,0
SPQ.US,D,20240814,000000,29.58,29.67,29.58,29.6092,838,0
SPQ.US,D,20240815,000000,30.0258,30.0258,30.0258,30.0258,44,0
SPQ.US,D,20240816,000000,30.115,30.27,30.115,30.1912,304,0
SPQ.US,D,20240819,000000,30.22,30.4237,30.2001,30.4237,605,0
SPQ.US,D,20240820,000000,30.45,30.49,30.4287,30.4287,12688,0
SPQ.US,D,20240821,000000,30.61,30.61,30.61,30.61,703,0
SPQ.US,D,20240822,000000,30.37,30.41,30.335,30.41,987,0
SPQ.US,D,20240823,000000,30.6,30.7399,30.53,30.71,727,0
SPQ.US,D,20240826,000000,30.7,30.7,30.52,30.62,343,0
SPQ.US,D,20240827,000000,30.65,30.65,30.54,30.65,12493,0
SPQ.US,D,20240828,000000,30.31,30.31,30.31,30.31,163,0
SPQ.US,D,20240829,000000,30.72,30.72,30.33,30.33,1219,0
SPQ.US,D,20240830,000000,30.53,30.6,30.53,30.6,527,0
SPQ.US,D,20240903,000000,29.92,30.025,29.92,29.98,764,0
SPQ.US,D,20240904,000000,29.9119,30.05,29.89,29.97,4728,0
SPQ.US,D,20240905,000000,29.97,29.97,29.8271,29.8271,528,0
SPQ.US,D,20240906,000000,29.3874,29.3874,29.3874,29.3874,81,0
SPQ.US,D,20240909,000000,29.611,29.658,29.57,29.658,622,0
SPQ.US,D,20240910,000000,29.82,29.9019,29.82,29.9019,677,0
SPQ.US,D,20240911,000000,29.5456,30.1767,29.5456,30.1767,556,0
SPQ.US,D,20240912,000000,30.3737,30.3737,30.3737,30.3737,63,0
SPQ.US,D,20240913,000000,30.513,30.5746,30.513,30.5746,1035,0
SPQ.US,D,20240916,000000,30.585,30.585,30.585,30.585,273,0
SPQ.US,D,20240917,000000,30.5643,30.5643,30.5643,30.5643,153,0
SPQ.US,D,20240918,000000,30.54,30.54,30.5078,30.5078,459,0
SPQ.US,D,20240919,000000,30.9,30.9318,30.88,30.9318,544,0
SPQ.US,D,20240920,000000,30.88,30.9496,30.88,30.9496,569,0
SPQ.US,D,20240923,000000,31.0038,31.0038,31.0038,31.0038,53,0
SPQ.US,D,20240924,000000,31.0737,31.0737,31.0737,31.0737,101,0
SPQ.US,D,20240925,000000,30.9085,30.9085,30.9085,30.9085,63,0
SPQ.US,D,20240926,000000,30.9934,31.0472,30.9934,31.0472,304,0
SPQ.US,D,20240927,000000,30.9882,30.989,30.91,30.989,877,0
SPQ.US,D,20240930,000000,30.9,31.105,30.9,31.105,403,0
SPQ.US,D,20241001,000000,30.73,30.83,29.978,30.83,808,0
SPQ.US,D,20241002,000000,30.7,30.7269,30.7,30.7269,503,0
SPQ.US,D,20241003,000000,30.511,30.581,30.51,30.581,810,0
SPQ.US,D,20241004,000000,30.5,30.7213,30.5,30.7213,581,0
SPQ.US,D,20241007,000000,30.605,30.709,30.4378,30.4378,1866,0
SPQ.US,D,20241008,000000,30.7381,30.7381,30.7381,30.7381,109,0
SPQ.US,D,20241009,000000,30.8697,30.8697,30.8697,30.8697,13,0
SPQ.US,D,20241010,000000,30.84,30.85,30.71,30.8123,687,0
SPQ.US,D,20241011,000000,30.9764,30.9764,30.9764,30.9764,53,0
SPQ.US,D,20241014,000000,31.2352,31.2352,31.2352,31.2352,22,0
SPQ.US,D,20241015,000000,33.82,33.82,31.068,31.068,568,0
SPQ.US,D,20241016,000000,31.1559,31.1968,31.1559,31.1968,543,0
SPQ.US,D,20241017,000000,31.1959,31.1959,31.1959,31.1959,68,0
SPQ.US,D,20241018,000000,31.6,31.6,31.6,31.6,2721,0
SPQ.US,D,20241021,000000,31.3102,31.3102,31.3102,31.3102,8,0
SPQ.US,D,20241022,000000,31.29,31.3502,31.29,31.3502,314,0
SPQ.US,D,20241023,000000,31.1,31.105,31.1,31.105,144,0
SPQ.US,D,20241024,000000,31.1474,31.1474,31.1474,31.1474,13,0
SPQ.US,D,20241025,000000,31.43,31.43,31.1014,31.1014,170,0
SPQ.US,D,20241028,000000,31.2467,31.2467,31.2467,31.2467,260,0
SPQ.US,D,20241029,000000,31.14,31.2172,31.05,31.2172,844,0
SPQ.US,D,20241030,000000,31.102,31.102,31.102,31.102,1,0
SPQ.US,D,20241031,000000,30.492,30.492,30.492,30.492,1,0
SPQ.US,D,20241101,000000,30.79,30.79,30.79,30.79,816,0
SPQ.US,D,20241104,000000,30.62,30.62,30.4815,30.4815,132,0
SPQ.US,D,20241105,000000,30.66,31.1,30.66,31.1,1692,0
SPQ.US,D,20241106,000000,31.3101,31.5316,31.3101,31.5316,220,0
SPQ.US,D,20241107,000000,31.55,31.8472,31.55,31.8472,101,0
SPQ.US,D,20241108,000000,32.0758,32.0758,32.0758,32.0758,95,0
SPQ.US,D,20241111,000000,32.11,32.215,32.11,32.1414,659,0
SPQ.US,D,20241114,000000,30.52,32.12,30.52,31.9515,1631,0
SPQ.US,D,20241115,000000,31.64,31.64,31.6149,31.6149,133,0
SPQ.US,D,20241121,000000,31.89,31.9113,31.89,31.9113,187,0
SPQ.US,D,20241125,000000,32.126,32.38,32.126,32.1928,816,0
SPQ.US,D,20241126,000000,32.26,32.3535,32.26,32.3535,146,0
SPQ.US,D,20241203,000000,32.505,32.67,32.4601,32.5696,573,0
SPQ.US,D,20241204,000000,32.86,32.89,32.81,32.82,3567,0
SPQ.US,D,20241209,000000,32.79,32.79,32.645,32.76,1782,0
SPQ.US,D,20241210,000000,32.76,32.76,32.65,32.65,378,0
SPQ.US,D,20241212,000000,32.66,32.69,32.66,32.69,401,0
SPQ.US,D,20241213,000000,32.74,32.75,32.69,32.75,1521,0
SPQ.US,D,20241216,000000,32.75,32.94,32.74,32.89,1038,0
SPQ.US,D,20241217,000000,32.78,32.78,32.78,32.78,128,0
SPQ.US,D,20241218,000000,32.75,32.93,32.0153,32.0153,1895,0
SPQ.US,D,20241220,000000,31.495,32.23,31.495,31.7547,811,0
SPQ.US,D,20241224,000000,27.51,28.04,27.51,27.9053,1663,0
SPQ.US,D,20241227,000000,27.73,27.73,27.6064,27.6064,337,0
SPQ.US,D,20241230,000000,27.53,27.53,27.3845,27.3845,276,0
SPQ.US,D,20241231,000000,27.55,27.55,27.07,27.1878,3171,0
SPQ.US,D,20250102,000000,27.255,27.255,26.82,27.0782,587,0
SPQ.US,D,20250107,000000,27.34,27.34,27.1201,27.3261,1147,0
SPQ.US,D,20250108,000000,27.12,27.2792,27.12,27.2792,100,0
SPQ.US,D,20250110,000000,26.72,27.13,26.72,27.13,26039,0
