<TICKER>,<PER>,<DATE>,<TIME>,<OPEN>,<HIGH>,<LOW>,<CLOSE>,<VOL>,<OPENINT>
ULTY.US,D,20240301,000000,10.5433,10.7584,10.4296,10.7584,202289.09282073,0
ULTY.US,D,20240304,000000,11.0543,11.0543,10.7585,10.7961,239779.57340185,0
ULTY.US,D,20240305,000000,10.7531,10.7531,10.2743,10.4031,135233.05448871,0
ULTY.US,D,20240306,000000,10.6562,10.8015,10.5241,10.6562,127986.66715767,0
ULTY.US,D,20240307,000000,10.6831,10.6831,10.5083,10.5514,119083.90960806,0
ULTY.US,D,20240308,000000,10.7692,10.8606,10.5702,10.7262,217376.74792046,0
ULTY.US,D,20240311,000000,10.7908,10.7908,10.2904,10.3067,332227.71141441,0
ULTY.US,D,20240312,000000,10.4088,10.4088,10.0053,10.3495,188467.41765235,0
ULTY.US,D,20240313,000000,10.4734,10.6399,10.3744,10.5702,1454248.4358664,0
ULTY.US,D,20240314,000000,10.8064,10.8291,9.9817,10.1524,992097.33508845,0
ULTY.US,D,20240315,000000,10.0386,10.4254,10.0329,10.3514,464248.65859259,0
ULTY.US,D,20240318,000000,10.3684,10.3684,10.0669,10.249,528036.80581651,0
ULTY.US,D,20240319,000000,10.1182,10.1182,9.71439,9.88506,385997.41051245,0
ULTY.US,D,20240320,000000,9.93619,10.1693,9.86798,10.1693,260798.22673293,0
ULTY.US,D,20240321,000000,10.2832,10.3173,10.1466,10.2034,282594.85465837,0
ULTY.US,D,20240322,000000,10.198,10.2318,10.1239,10.1524,163150.31822902,0
ULTY.US,D,20240325,000000,10.1409,10.4424,10.1409,10.3969,234294.8493555,0
ULTY.US,D,20240326,000000,10.4651,10.5618,10.3571,10.3854,214268.74690565,0
ULTY.US,D,20240327,000000,10.5219,10.5219,10.2092,10.4765,156780.29459638,0
ULTY.US,D,20240328,000000,10.6301,10.6927,10.4765,10.5163,225345.51999029,0
ULTY.US,D,20240401,000000,10.6415,10.6415,10.2575,10.3912,400242.49234288,0
ULTY.US,D,20240402,000000,10.4197,10.4309,10.0016,10.1125,269267.56259781,0
ULTY.US,D,20240403,000000,10.1808,10.4339,10.1239,10.3604,229533.59514705,0
ULTY.US,D,20240404,000000,10.5732,10.6301,10.1438,10.1693,416996.55118788,0
ULTY.US,D,20240405,000000,10.1693,10.3229,10.0614,10.2087,274624.85269128,0
ULTY.US,D,20240408,000000,10.5333,10.5333,10.1525,10.2348,654723.44198167,0
ULTY.US,D,20240409,000000,10.2889,10.2889,10.0194,10.1637,587708.96481961,0
ULTY.US,D,20240410,000000,10.0898,10.1353,9.86798,10.1125,604584.34070316,0
ULTY.US,D,20240411,000000,10.2092,10.2092,9.9817,10.1921,483527.51841371,0
ULTY.US,D,20240412,000000,10.2149,10.2149,9.67036,9.74863,660885.99589622,0
ULTY.US,D,20240415,000000,9.8509,9.8509,9.34472,9.38459,733152.27007476,0
ULTY.US,D,20240416,000000,9.4528,9.51529,9.24798,9.47551,1486738.5491638,0
ULTY.US,D,20240417,000000,9.51732,9.58507,9.21258,9.31832,656063.00245698,0
ULTY.US,D,20240418,000000,9.37425,9.43019,9.11314,9.15662,347860.6966545,0
ULTY.US,D,20240419,000000,9.11314,9.16606,8.76628,8.84591,693956.68902293,0
ULTY.US,D,20240422,000000,8.89555,9.13791,8.75262,9.06965,548845.55426457,0
ULTY.US,D,20240423,000000,9.15662,9.34998,9.13176,9.28103,285780.74851957,0
ULTY.US,D,20240424,000000,9.34315,9.41717,9.18148,9.23755,265053.11431163,0
ULTY.US,D,20240425,000000,9.15662,9.28417,9.05659,9.26866,203336.72421558,0
ULTY.US,D,20240426,000000,9.34315,9.45031,9.25297,9.43646,206796.96024052,0
ULTY.US,D,20240429,000000,9.50486,9.50486,9.2934,9.424,239660.354826,0
ULTY.US,D,20240430,000000,9.38044,9.38044,9.138,9.15662,311342.41771353,0
ULTY.US,D,20240501,000000,9.15662,9.37425,8.98883,9.06341,248096.18825917,0
ULTY.US,D,20240502,000000,9.30586,9.38044,9.04782,9.34933,198378.82211012,0
ULTY.US,D,20240503,000000,9.46757,9.63538,9.46757,9.57307,354805.2986627,0
ULTY.US,D,20240506,000000,9.73479,9.827,9.64775,9.76589,652457.98668205,0
ULTY.US,D,20240507,000000,9.79063,9.80937,9.66021,9.74097,638642.78120453,0
ULTY.US,D,20240508,000000,9.68504,9.72851,9.58553,9.71614,672624.19719278,0
ULTY.US,D,20240509,000000,9.82174,10.0145,9.63538,9.98963,1159848.2725307,0
ULTY.US,D,20240510,000000,10.1016,10.1016,9.53587,9.57307,1106783.276829,0
ULTY.US,D,20240513,000000,9.88395,10.4434,9.87786,10.1326,1113401.3200677,0
ULTY.US,D,20240514,000000,9.94616,10.0084,9.74097,9.92133,2693953.8074683,0
ULTY.US,D,20240515,000000,10.1295,10.143,9.86604,10.035,1055051.960185,0
ULTY.US,D,20240516,000000,10.0957,10.0957,9.90656,9.92004,574545.34801463,0
ULTY.US,D,20240517,000000,9.9876,10.0282,9.87952,9.93361,877716.5720486,0
ULTY.US,D,20240520,000000,9.9876,9.99434,9.83226,9.98096,815791.61980631,0
ULTY.US,D,20240521,000000,9.98096,9.98096,9.86936,9.90656,684449.33771807,0
ULTY.US,D,20240522,000000,9.94718,10.0214,9.76469,9.83217,596204.1350198,0
ULTY.US,D,20240523,000000,9.94034,9.94708,9.48077,9.5619,586176.80919669,0
ULTY.US,D,20240524,000000,9.66325,9.82543,9.62956,9.80521,379299.58141943,0
ULTY.US,D,20240528,000000,9.87278,9.87278,9.50791,9.64978,860118.43764948,0
ULTY.US,D,20240529,000000,9.58904,9.64978,9.46056,9.60926,374408.74437023,0
ULTY.US,D,20240530,000000,9.77143,9.86604,9.69703,9.75786,428012.61439538,0
ULTY.US,D,20240531,000000,9.839,9.86604,9.47403,9.70377,516469.43273603,0
ULTY.US,D,20240603,000000,9.82543,9.90656,9.64304,9.79155,470391.97639688,0
ULTY.US,D,20240604,000000,9.81869,9.85921,9.63704,9.7646,555652.36265696,0
ULTY.US,D,20240605,000000,9.89982,10.1295,9.83217,10.1092,653455.78517393,0
ULTY.US,D,20240606,000000,10.1498,10.1498,9.9757,10.0552,499112.51057262,0
ULTY.US,D,20240607,000000,10.089,10.1025,9.85256,9.90656,1253599.2267671,0
ULTY.US,D,20240610,000000,9.9133,10.0079,9.81186,9.93361,1950418.460671,0
ULTY.US,D,20240611,000000,9.88626,10.0012,9.61655,10.0012,1498286.1025344,0
ULTY.US,D,20240612,000000,10.1092,10.2849,10.1092,10.197,1487610.6113171,0
ULTY.US,D,20240613,000000,10.2783,10.2783,10.0687,10.1092,2728724.5151844,0
ULTY.US,D,20240614,000000,10.0462,10.1266,9.9145,10.0242,1936404.1080152,0
ULTY.US,D,20240617,000000,9.93656,9.9841,9.8341,9.93656,1265223.5923476,0
ULTY.US,D,20240618,000000,9.86336,10.0096,9.85616,9.94385,1082652.6775778,0
ULTY.US,D,20240620,000000,10.017,10.0462,9.79026,9.93656,1003190.1739399,0
ULTY.US,D,20240621,000000,9.8341,9.87075,9.61479,9.87075,779551.77901975,0
ULTY.US,D,20240624,000000,9.71716,9.86336,9.57086,9.68051,946711.61821307,0
ULTY.US,D,20240625,000000,9.72445,9.9949,9.68061,9.9949,524767.09158072,0
ULTY.US,D,20240626,000000,9.92188,10.0387,9.87804,9.95114,315669.92452078,0
ULTY.US,D,20240627,000000,9.92908,10.0316,9.8857,9.9949,320771.38990064,0
ULTY.US,D,20240628,000000,10.0023,10.0461,9.81952,9.86336,732372.11420918,0
ULTY.US,D,20240701,000000,9.94385,10.112,9.84878,10.0096,708972.39003118,0
ULTY.US,D,20240702,000000,10.0096,10.0827,9.87942,9.97302,438708.24276127,0
ULTY.US,D,20240703,000000,9.95844,10.112,9.95114,10.0681,434088.20253255,0
ULTY.US,D,20240705,000000,10.1412,10.1778,9.88542,10.1632,877657.19809811,0
ULTY.US,D,20240708,000000,10.2363,10.2363,10.0188,10.1046,1150938.4586731,0
ULTY.US,D,20240709,000000,10.1997,10.1997,10.0681,10.09,1732234.7103289,0
ULTY.US,D,20240710,000000,10.1851,10.1924,10.0096,10.0681,1323756.4110773,0
ULTY.US,D,20240711,000000,10.229,10.2728,10.0316,10.1193,1248941.3013698,0
ULTY.US,D,20240712,000000,10.1997,10.4557,10.112,10.4557,1326643.594299,0
ULTY.US,D,20240715,000000,10.5287,10.5287,10.3607,10.4557,2124180.4322316,0
ULTY.US,D,20240716,000000,10.4557,10.5287,10.3536,10.5287,2657825.1677213,0
ULTY.US,D,20240717,000000,10.3598,10.4225,10.0692,10.132,1980185.0811137,0
ULTY.US,D,20240718,000000,10.2497,10.2812,9.80992,9.87278,1509279.0171286,0
ULTY.US,D,20240719,000000,9.88062,9.97477,9.81786,9.88847,1049183.7015059,0
ULTY.US,D,20240722,000000,9.97487,10.0661,9.90416,10.0534,853670.97997472,0
ULTY.US,D,20240723,000000,10.0142,10.1869,9.9984,10.1241,577122.84435585,0
ULTY.US,D,20240724,000000,10.0142,10.0344,9.64498,9.64498,926629.20791106,0
ULTY.US,D,20240725,000000,9.6135,9.80208,9.36225,9.53495,895384.85921103,0
ULTY.US,D,20240726,000000,9.73922,9.88062,9.67636,9.77854,436296.64545557,0
ULTY.US,D,20240729,000000,9.8413,9.91985,9.60178,9.66076,593926.54908865,0
ULTY.US,D,20240730,000000,9.65282,9.76026,9.35838,9.4408,635654.43353424,0
ULTY.US,D,20240731,000000,9.55858,9.85432,9.55858,9.65282,412429.22244291,0
ULTY.US,D,20240801,000000,9.71568,9.80992,9.15013,9.26007,695047.97968369,0
ULTY.US,D,20240802,000000,8.9617,8.97341,8.67114,8.78102,894188.05041812,0
ULTY.US,D,20240805,000000,7.68928,8.6569,7.65001,8.52965,978952.66977644,0
ULTY.US,D,20240806,000000,8.63178,8.74943,8.40401,8.59251,475140.72999058,0
ULTY.US,D,20240807,000000,8.78886,8.80463,8.4983,8.52965,415512.91488592,0
ULTY.US,D,20240808,000000,8.71816,8.9617,8.57684,8.9617,726395.45765205,0
ULTY.US,D,20240809,000000,8.98522,8.98522,8.74959,8.87524,721067.11212191,0
ULTY.US,D,20240812,000000,8.95378,8.95378,8.76527,8.8203,1225234.2749431,0
ULTY.US,D,20240813,000000,8.91451,9.05591,8.85181,9.04807,1075868.7179853,0
ULTY.US,D,20240814,000000,9.11878,9.11878,8.99305,9.01664,1833199.1365324,0
ULTY.US,D,20240815,000000,9.08431,9.27807,9.08431,9.25287,1057292.3102108,0
ULTY.US,D,20240816,000000,9.19387,9.35395,9.18552,9.32026,978746.0389602,0
ULTY.US,D,20240819,000000,9.29496,9.472,9.28657,9.46351,869340.65115485,0
ULTY.US,D,20240820,000000,9.4804,9.52249,9.35395,9.43822,489879.72368194,0
ULTY.US,D,20240821,000000,9.42142,9.62365,9.42142,9.62365,513714.99440364,0
ULTY.US,D,20240822,000000,9.62365,9.62365,9.4972,9.4972,303877.74847519,0
ULTY.US,D,20240823,000000,9.54778,9.72473,9.54778,9.69104,631952.69924482,0
ULTY.US,D,20240826,000000,9.69104,9.73322,9.60676,9.64045,569196.13785294,0
ULTY.US,D,20240827,000000,9.51409,9.61322,9.4888,9.59836,287525.56135256,0
ULTY.US,D,20240828,000000,9.52249,9.53938,9.25287,9.35395,481092.49976009,0
ULTY.US,D,20240829,000000,9.37084,9.54778,9.37056,9.42982,254841.36034251,0
ULTY.US,D,20240830,000000,9.4888,9.53587,9.37084,9.50569,329151.25220071,0
ULTY.US,D,20240903,000000,9.4804,9.4804,9.02541,9.08431,726504.65263697,0
ULTY.US,D,20240904,000000,8.95791,9.10235,8.86521,9.01689,374157.73993655,0
ULTY.US,D,20240905,000000,8.88207,8.99161,8.7978,8.91578,547572.8030381,0
ULTY.US,D,20240906,000000,8.97477,9.04218,8.63768,8.69667,528700.14817611,0
ULTY.US,D,20240909,000000,8.87364,9.01689,8.82864,8.96634,631462.6082955,0
ULTY.US,D,20240910,000000,9.02532,9.04218,8.81516,9.04218,922177.91413178,0
ULTY.US,D,20240911,000000,9.03375,9.16858,8.89892,9.13488,670330.49922544,0
ULTY.US,D,20240912,000000,9.17701,9.26967,9.0506,9.23598,853619.76762796,0
ULTY.US,D,20240913,000000,9.26967,9.42982,9.26127,9.41293,757133.5569782,0
ULTY.US,D,20240916,000000,9.42142,9.46351,9.27817,9.43822,843582.98978447,0
ULTY.US,D,20240917,000000,9.50569,9.57732,9.40453,9.4972,1379430.3965266,0
ULTY.US,D,20240918,000000,9.52249,9.71633,9.43406,9.51409,2393233.9582853,0
ULTY.US,D,20240919,000000,9.75639,9.77309,9.62799,9.67331,1399069.9081531,0
ULTY.US,D,20240920,000000,9.66408,9.67331,9.53486,9.63639,1498886.1570344,0
ULTY.US,D,20240923,000000,9.69177,9.69177,9.52563,9.59947,1196234.9006307,0
ULTY.US,D,20240924,000000,9.6087,9.69177,9.47948,9.69177,774877.35469256,0
ULTY.US,D,20240925,000000,9.67331,9.72869,9.56255,9.58101,605694.70107976,0
ULTY.US,D,20240926,000000,9.71023,9.77485,9.61793,9.74716,506261.97332663,0
ULTY.US,D,20240927,000000,9.73793,9.78408,9.67331,9.77485,472767.7947976,0
ULTY.US,D,20240930,000000,9.72869,9.8533,9.67221,9.77485,731532.96684842,0
ULTY.US,D,20241001,000000,9.79331,9.79331,9.35967,9.49794,773532.86395784,0
ULTY.US,D,20241002,000000,9.46102,9.55323,9.32192,9.48871,603523.58147269,0
ULTY.US,D,20241003,000000,9.48871,9.54409,9.32256,9.44256,415066.28268555,0
ULTY.US,D,20241004,000000,9.59947,9.65485,9.48871,9.65485,511864.19862012,0
ULTY.US,D,20241007,000000,9.65485,9.67839,9.49766,9.65485,877025.06534755,0
ULTY.US,D,20241008,000000,9.64562,9.72869,9.59947,9.66408,675327.62049354,0
ULTY.US,D,20241009,000000,9.71946,9.71946,9.58009,9.61793,648634.98332837,0
ULTY.US,D,20241010,000000,9.6087,9.6087,9.43794,9.53486,907131.47391085,0
ULTY.US,D,20241011,000000,9.55332,9.80254,9.53486,9.79331,889839.43795854,0
ULTY.US,D,20241014,000000,9.9133,9.97782,9.83115,9.95022,1494745.4289216,0
ULTY.US,D,20241015,000000,9.98714,9.99176,9.76562,9.87638,1447223.4776019,0
ULTY.US,D,20241016,000000,9.90407,9.93176,9.75639,9.9133,1944615.7122943,0
ULTY.US,D,20241017,000000,10,10.03,9.82,9.85,1803826,0
ULTY.US,D,20241018,000000,9.91,10.06,9.8907,10.04,1301426,0
ULTY.US,D,20241021,000000,9.97,10.03,9.86,10,1569684,0
ULTY.US,D,20241022,000000,9.91,9.97,9.9,9.93,913058,0
ULTY.US,D,20241023,000000,9.88,9.94,9.59,9.75,1108598,0
ULTY.US,D,20241024,000000,9.85,9.98,9.85,9.96,647934,0
ULTY.US,D,20241025,000000,9.99,10.09,9.93,9.95,1092902,0
ULTY.US,D,20241028,000000,10.06,10.2,10.06,10.2,1137445,0
ULTY.US,D,20241029,000000,10.2,10.24,10.115,10.18,605134,0
ULTY.US,D,20241030,000000,10.17,10.19,10.06,10.12,538905,0
ULTY.US,D,20241031,000000,10.11,10.115,9.8901,9.9,1106863,0
ULTY.US,D,20241101,000000,10.01,10.125,9.96,9.975,995554,0
ULTY.US,D,20241104,000000,9.98,10.05,9.925,9.96,1044417,0
ULTY.US,D,20241105,000000,10.05,10.19,10.04,10.18,1179459,0
ULTY.US,D,20241106,000000,10.36,10.43,10.21,10.41,1325826,0
ULTY.US,D,20241107,000000,10.48,10.61,10.48,10.57,1010435,0
ULTY.US,D,20241108,000000,10.6,10.66,10.5401,10.66,1653793,0
ULTY.US,D,20241111,000000,10.8192,10.85,10.71,10.83,2431441,0
ULTY.US,D,20241112,000000,10.78,10.8,10.6018,10.68,1992747,0
ULTY.US,D,20241113,000000,10.82,10.92,10.64,10.68,2896117,0
ULTY.US,D,20241114,000000,9.91,9.9484,9.6801,9.71,2695148,0
ULTY.US,D,20241115,000000,9.71,9.73,9.57,9.63,2121483,0
ULTY.US,D,20241118,000000,9.66,9.76,9.61,9.74,1645777,0
ULTY.US,D,20241119,000000,9.7,9.85,9.68,9.85,1424058,0
ULTY.US,D,20241120,000000,9.86,9.91,9.7711,9.83,1092752,0
ULTY.US,D,20241121,000000,9.91,9.98,9.81,9.94,1420849,0
ULTY.US,D,20241122,000000,9.965,10.03,9.925,10.01,1106315,0
ULTY.US,D,20241125,000000,10.15,10.16,10.03,10.07,1359709,0
ULTY.US,D,20241126,000000,10.055,10.0779,9.95,10,1008482,0
ULTY.US,D,20241127,000000,10.04,10.045,9.91,10,963309,0
ULTY.US,D,20241129,000000,10.07,10.12,10.04,10.08,910662,0
ULTY.US,D,20241202,000000,10.14,10.16,10.04,10.06,1253936,0
ULTY.US,D,20241203,000000,10.04,10.07,10.01,10.06,1077070,0
ULTY.US,D,20241204,000000,10.13,10.2,10.0902,10.2,1054328,0
ULTY.US,D,20241205,000000,10.235,10.235,10.08,10.21,1428601,0
ULTY.US,D,20241206,000000,10.19,10.23,10.1452,10.23,1523980,0
ULTY.US,D,20241209,000000,10.265,10.27,10.0901,10.11,2445146,0
ULTY.US,D,20241210,000000,10.13,10.13,9.98,9.98,2746659,0
ULTY.US,D,20241211,000000,10.06,10.09,10.01,10.06,2779139,0
ULTY.US,D,20241212,000000,9.38,9.38,9.32,9.34,3024113,0
ULTY.US,D,20241213,000000,9.4,9.4,9.31,9.37,2060425,0
ULTY.US,D,20241216,000000,9.4,9.47,9.37,9.45,1550088,0
ULTY.US,D,20241217,000000,9.44,9.44,9.33,9.35,1396345,0
ULTY.US,D,20241218,000000,9.345,9.38,9.1,9.11,2160814,0
ULTY.US,D,20241219,000000,9.175,9.19,9.06,9.08,1553998,0
ULTY.US,D,20241220,000000,9,9.175,9,9.14,1364798,0
ULTY.US,D,20241223,000000,9.19,9.19,9.09,9.16,1213342,0
ULTY.US,D,20241224,000000,9.2098,9.26,9.19,9.26,471961,0
ULTY.US,D,20241226,000000,9.2,9.28,9.1801,9.26,869567,0
ULTY.US,D,20241227,000000,9.221,9.25,9.11,9.15,1338498,0
ULTY.US,D,20241230,000000,9.075,9.085,8.98,9.02,1598526,0
ULTY.US,D,20241231,000000,9.0871,9.0871,8.95,8.97,1346514,0
ULTY.US,D,20250102,000000,9.025,9.09,8.99,9.04,1379191,0
ULTY.US,D,20250103,000000,9.08,9.21,9.0701,9.21,1136332,0
ULTY.US,D,20250106,000000,9.3,9.31,9.26,9.27,2201321,0
ULTY.US,D,20250107,000000,9.3094,9.31,9.1,9.12,2492633,0
ULTY.US,D,20250108,000000,8.58,8.5892,8.42,8.51,2322728,0
ULTY.US,D,20250110,000000,8.41,8.425,8.33,8.38,2604664,0
