<TICKER>,<PER>,<DATE>,<TIME>,<OPEN>,<HIGH>,<LOW>,<CLOSE>,<VOL>,<OPENINT>
ARKY.US,D,20231116,000000,24.743,24.8627,24.1897,24.1897,2603.0293491136,0
ARKY.US,D,20231117,000000,24.3541,24.4556,24.1944,24.4556,850.2961818368,0
ARKY.US,D,20231120,000000,24.9923,25.3912,24.8926,25.2493,4966.4115432048,0
ARKY.US,D,20231121,000000,24.6034,24.8119,24.4358,24.8119,3886.4952839616,0
ARKY.US,D,20231122,000000,24.5934,25.3655,24.5934,25.3655,704.9035564048,0
ARKY.US,D,20231124,000000,25.8001,26.0794,25.6217,25.6217,1144.0895559856,0
ARKY.US,D,20231127,000000,24.733,24.733,24.6532,24.6532,2497.7450341456,0
ARKY.US,D,20231128,000000,25.0222,25.7109,25.0222,25.7109,801.1635015184,0
ARKY.US,D,20231129,000000,25.3514,25.3514,25.1152,25.1152,893.4126155856,0
ARKY.US,D,20231130,000000,25.2516,25.2516,25.2003,25.2003,872.355752592,0
ARKY.US,D,20231201,000000,26.0287,26.0287,25.9203,25.9203,262.7094335392,0
ARKY.US,D,20231204,000000,27.9668,27.9668,27.8346,27.8437,864.3340904992,0
ARKY.US,D,20231205,000000,28.0042,29.0224,27.9254,29.0224,6308.0345282256,0
ARKY.US,D,20231206,000000,28.9716,29.0214,28.9397,28.9397,845.2826430288,0
ARKY.US,D,20231207,000000,28.822,29.2009,28.822,29.0307,29865.650679256,0
ARKY.US,D,20231208,000000,29.2707,29.7096,29.2408,29.6697,16079.421665018,0
ARKY.US,D,20231211,000000,27.9044,27.9044,27.0367,27.1632,3945.655041896,0
ARKY.US,D,20231212,000000,27.6745,27.6745,27.0567,27.3369,6775.2963451312,0
ARKY.US,D,20231213,000000,27.7349,28.4131,27.7212,28.3756,2084.6294363664,0
ARKY.US,D,20231214,000000,28.443,28.4457,28.2525,28.4457,1512.0833044928,0
ARKY.US,D,20231215,000000,27.9683,28.0026,27.8345,28.0026,990.6752684608,0
ARKY.US,D,20231218,000000,27.3,27.5245,27.1764,27.5245,4071.9962198576,0
ARKY.US,D,20231219,000000,27.7062,27.7062,27.2265,27.4359,1217.2872225824,0
ARKY.US,D,20231220,000000,28.7721,28.7721,28.0259,28.0259,2692.270339896,0
ARKY.US,D,20231221,000000,28.3333,28.3632,28.1837,28.2882,4567.333854088,0
ARKY.US,D,20231222,000000,28.7821,28.9516,28.7621,28.7635,1686.5544550112,0
ARKY.US,D,20231226,000000,28.0042,28.0042,27.6476,27.6476,732.9793737296,0
ARKY.US,D,20231227,000000,28.7023,29.0414,28.6424,29.0015,137364.94709263,0
ARKY.US,D,20231228,000000,29.0214,29.0214,28.5327,28.5944,12769.483343976,0
ARKY.US,D,20231229,000000,29.1311,29.1311,28.1725,28.1725,8268.3282021536,0
ARKY.US,D,20240102,000000,29.8004,30.0386,29.3505,29.3505,32472.690859416,0
ARKY.US,D,20240103,000000,27.3053,28.054,27.3053,27.6552,5846.7889578896,0
ARKY.US,D,20240104,000000,27.8048,28.7322,27.8048,28.453,6558.7114686256,0
ARKY.US,D,20240105,000000,28.0489,28.3433,27.9992,28.1666,3796.2515854176,0
ARKY.US,D,20240108,000000,28.6823,29.8791,28.5228,29.7195,9001.3075758832,0
ARKY.US,D,20240109,000000,29.191,29.191,28.6823,28.7663,20671.823213146,0
ARKY.US,D,20240110,000000,29.4203,30.8066,29.1112,30.5503,67016.975954298,0
ARKY.US,D,20240111,000000,32.9009,33.3198,31.3152,31.8075,47625.610552715,0
ARKY.US,D,20240112,000000,32.502,32.9009,30.8066,30.882,16464.461445472,0
ARKY.US,D,20240116,000000,30.9063,30.978,29.7694,30.9389,10173.472949194,0
ARKY.US,D,20240117,000000,30.5672,30.7611,30.3079,30.5273,3689.964562688,0
ARKY.US,D,20240118,000000,30.0686,30.3079,29.2209,29.2432,4972.4277897744,0
ARKY.US,D,20240119,000000,29.53,29.9788,29.1012,29.6198,4407.9033199936,0
ARKY.US,D,20240122,000000,28.802,28.802,27.7648,28.1837,3638.8264668464,0
ARKY.US,D,20240123,000000,26.6279,26.9371,26.4284,26.6306,5193.0234973264,0
ARKY.US,D,20240124,000000,27.0368,27.2163,26.717,26.717,2443.5988150192,0
ARKY.US,D,20240125,000000,26.7394,26.8211,26.6895,26.8211,726.96312716,0
ARKY.US,D,20240126,000000,27.4457,27.7748,27.4457,27.6512,2946.9581113424,0
ARKY.US,D,20240129,000000,27.8247,28.3433,27.5354,28.2891,6399.2809345312,0
ARKY.US,D,20240130,000000,28.423,29.042,28.423,29.042,1719.643811144,0
ARKY.US,D,20240131,000000,28.2734,28.7422,27.8745,28.0462,1674.521961872,0
ARKY.US,D,20240201,000000,28.1338,28.1565,28.1338,28.1565,412.1128900176,0
ARKY.US,D,20240202,000000,28.1278,28.3322,28.1139,28.1525,1203.24931392,0
ARKY.US,D,20240205,000000,28.0441,28.0441,27.966,27.966,584.5786250128,0
ARKY.US,D,20240206,000000,28.4729,28.9915,28.4729,28.9267,1649.454267832,0
ARKY.US,D,20240207,000000,28.9516,29.6554,28.9217,29.6554,4007.8229231152,0
ARKY.US,D,20240208,000000,29.7395,29.8326,29.7395,29.8326,520.4053282704,0
ARKY.US,D,20240209,000000,30.7368,30.9462,30.5074,30.7687,1707.6113180048,0
ARKY.US,D,20240212,000000,31.4149,32.6087,31.4149,32.6087,2719.3434494592,0
ARKY.US,D,20240213,000000,32.2227,32.3023,32.2227,32.3023,920.4857251488,0
ARKY.US,D,20240214,000000,33.7985,33.9775,33.7486,33.934,2320.2657603424,0
ARKY.US,D,20240215,000000,34.7758,34.8456,34.2872,34.5066,3200.6431750272,0
ARKY.US,D,20240216,000000,34.4766,34.6861,34.0478,34.0856,2190.916459096,0
ARKY.US,D,20240220,000000,35.3044,35.8729,35.2545,35.7532,2929.9120793952,0
ARKY.US,D,20240221,000000,34.7559,35.0351,34.7559,34.8469,2542.8668834176,0
ARKY.US,D,20240222,000000,35.6834,35.9522,35.5055,35.9522,5957.0868116656,0
ARKY.US,D,20240223,000000,35.4439,35.4439,34.8058,35.2625,1578.2620167584,0
ARKY.US,D,20240226,000000,36.3316,38.0445,36.2917,38.0445,8707.5142017344,0
ARKY.US,D,20240227,000000,38.9944,39.0333,38.5955,38.8514,5308.3348899104,0
ARKY.US,D,20240228,000000,40.5502,40.7397,38.8648,39.8678,9136.6731236992,0
ARKY.US,D,20240229,000000,42.3653,42.3653,40.7362,41.1187,7501.2567645296,0
ARKY.US,D,20240301,000000,41.2782,41.7869,41.0279,41.7869,3305.9274899952,0
ARKY.US,D,20240304,000000,42.5647,43.9111,42.5647,43.8455,6571.7466695264,0
ARKY.US,D,20240305,000000,45.3532,46.1082,40.9207,41.1027,5135.8691549152,0
ARKY.US,D,20240306,000000,45.8957,46.1451,44.9982,46.145,9547.7833059552,0
ARKY.US,D,20240307,000000,45.806,46.6907,45.5363,46.6907,3089.3426134896,0
ARKY.US,D,20240308,000000,47.3318,47.3318,45.8658,47.0825,3787.2272155632,0
ARKY.US,D,20240311,000000,48.6582,48.8677,48.1696,48.3591,5135.8691549152,0
ARKY.US,D,20240312,000000,48.3491,48.4488,46.6986,47.6279,3898.5277771008,0
ARKY.US,D,20240313,000000,48.2194,48.2693,47.7118,48.2693,4768.8781141696,0
ARKY.US,D,20240314,000000,47.641,47.641,44.9832,45.4569,2856.7144127984,0
ARKY.US,D,20240315,000000,44.9403,44.9403,44.2602,44.6512,3245.7650242992,0
ARKY.US,D,20240318,000000,43.1033,43.3626,42.4015,42.4015,3061.2667961648,0
ARKY.US,D,20240319,000000,40.1114,41.0488,39.3734,40.6863,9258.0007628528,0
ARKY.US,D,20240320,000000,40.7397,41.2583,40.1313,41.2583,2302.2170206336,0
ARKY.US,D,20240321,000000,43.0434,43.0434,41.6971,41.6971,4941.3438491648,0
ARKY.US,D,20240322,000000,40.8394,40.8394,40.1014,40.5203,1057.856688488,0
ARKY.US,D,20240325,000000,41.7869,44.3798,41.7869,44.3798,62268.15199536,0
ARKY.US,D,20240326,000000,44.17,44.17,43.4773,43.4773,1413,0
ARKY.US,D,20240327,000000,44.36,44.36,42.49,42.5408,1838,0
ARKY.US,D,20240328,000000,44.06,44.1,43.57,43.64,2666,0
ARKY.US,D,20240401,000000,43.62,43.62,41.81,42.6069,3797,0
ARKY.US,D,20240402,000000,39.66,40.14,39.62,40.14,2985,0
ARKY.US,D,20240403,000000,40.28,40.93,40.28,40.4749,2516,0
ARKY.US,D,20240404,000000,41.53,41.53,41.3565,41.3565,1182,0
ARKY.US,D,20240405,000000,40.32,40.73,40.32,40.73,937,0
ARKY.US,D,20240408,000000,44.53,44.9,44.23,44.8107,4996,0
ARKY.US,D,20240409,000000,43.92,43.92,42.59,42.6481,952,0
ARKY.US,D,20240410,000000,41.79,42.8526,41.79,42.8526,4187,0
ARKY.US,D,20240411,000000,42.67,42.8743,42.6082,42.8743,933,0
ARKY.US,D,20240412,000000,42.35,42.35,39.648,39.648,1883,0
ARKY.US,D,20240415,000000,38.48,38.62,37.87,38.0856,1123,0
ARKY.US,D,20240416,000000,37.67,37.72,37.528,37.528,2003,0
ARKY.US,D,20240417,000000,36.94,36.94,36.0401,36.74,1398,0
ARKY.US,D,20240418,000000,36.8,37.9344,36.8,37.7015,1681,0
ARKY.US,D,20240419,000000,38.311,38.311,38,38,996,0
ARKY.US,D,20240422,000000,39.1787,39.5611,39.1787,39.3612,9010,0
ARKY.US,D,20240423,000000,39.26,39.96,39.26,39.5811,6273,0
ARKY.US,D,20240424,000000,39.04,39.101,38.3166,38.3166,3453,0
ARKY.US,D,20240425,000000,38.45,38.6418,38.45,38.6418,871,0
ARKY.US,D,20240426,000000,38.28,38.48,38.065,38.3,3525,0
ARKY.US,D,20240429,000000,38.07,38.46,37.75,38.46,3409,0
ARKY.US,D,20240430,000000,36.57,36.73,35.5154,35.5154,6785,0
ARKY.US,D,20240501,000000,35.03,35.6601,34.7,35.1435,6899,0
ARKY.US,D,20240502,000000,35.93,36.2114,35.93,36.2114,944,0
ARKY.US,D,20240503,000000,37,37.5109,37,37.4507,1762,0
ARKY.US,D,20240506,000000,37.53,37.5652,37.53,37.5652,1770,0
ARKY.US,D,20240507,000000,37.96,37.96,37.15,37.3457,4940,0
ARKY.US,D,20240508,000000,36.799,36.95,36.7214,36.7214,913,0
ARKY.US,D,20240509,000000,36.45,36.9821,36.2,36.9821,901,0
ARKY.US,D,20240510,000000,37.4,37.4,35.4,35.5973,2433,0
ARKY.US,D,20240513,000000,36.7299,36.7299,36.305,36.5475,2002,0
ARKY.US,D,20240514,000000,35.96,36,35.53,35.6931,11746,0
ARKY.US,D,20240515,000000,36.9,37.7,36.9,37.63,4890,0
ARKY.US,D,20240516,000000,37.3,37.3,36.8448,36.8448,2256,0
ARKY.US,D,20240517,000000,38.08,38.72,37.95,38.4125,5978,0
ARKY.US,D,20240520,000000,38.4,41.9925,38.3277,41.9925,983,0
ARKY.US,D,20240521,000000,45.09,45.31,44.14,44.14,3697,0
ARKY.US,D,20240522,000000,44.52,44.8,44.2688,44.4036,2572,0
ARKY.US,D,20240523,000000,44.71,44.71,43.83,44.2975,1965,0
ARKY.US,D,20240524,000000,43.82,44.2598,43.82,44.2598,1656,0
ARKY.US,D,20240528,000000,44.811,44.8983,44.14,44.8983,1195,0
ARKY.US,D,20240529,000000,44.56,44.56,43.86,43.9212,922,0
ARKY.US,D,20240530,000000,44.41,44.8191,44.2833,44.2833,1929,0
ARKY.US,D,20240531,000000,43.94,44.3005,43.9312,44.3005,3227,0
ARKY.US,D,20240603,000000,45.51,45.51,44.23,44.3726,7095,0
ARKY.US,D,20240604,000000,44.961,45.2293,44.8717,44.8717,3710,0
ARKY.US,D,20240605,000000,45.1,45.7569,44.69,45.7569,4570,0
ARKY.US,D,20240606,000000,45.285,45.285,44.8239,44.8239,505,0
ARKY.US,D,20240607,000000,45.13,45.33,43.6416,43.6416,1025,0
ARKY.US,D,20240610,000000,43.46,44.0499,43.46,43.5047,2201,0
ARKY.US,D,20240611,000000,41.5,41.96,41.1,41.666,2790,0
ARKY.US,D,20240612,000000,43.03,43.03,41.8588,41.8588,994,0
ARKY.US,D,20240613,000000,41.32,41.411,41.32,41.411,384,0
ARKY.US,D,20240614,000000,41.1,41.1,40.4755,40.4755,580,0
ARKY.US,D,20240617,000000,41.53,42.07,41.53,41.9408,3237,0
ARKY.US,D,20240618,000000,40.241,40.241,40.241,40.241,137,0
ARKY.US,D,20240620,000000,41.54,41.54,41.3393,41.43,1665,0
ARKY.US,D,20240621,000000,40.6,41.2872,40.6,41.2872,1660,0
ARKY.US,D,20240624,000000,38.9,38.9,38.3247,38.3247,4219,0
ARKY.US,D,20240625,000000,39.45,39.933,39.29,39.933,7355,0
ARKY.US,D,20240626,000000,39.6091,39.6091,39.5858,39.6091,372,0
ARKY.US,D,20240627,000000,39.709,39.709,39.709,39.709,206,0
ARKY.US,D,20240628,000000,38.7834,38.7834,38.7834,38.7834,176,0
ARKY.US,D,20240701,000000,40.3,40.3,40.1892,40.1892,2387,0
ARKY.US,D,20240702,000000,39.47,39.47,39.4549,39.4549,505,0
ARKY.US,D,20240703,000000,38.21,38.334,38.09,38.334,1031,0
ARKY.US,D,20240705,000000,34.55,34.965,34.37,34.916,10774,0
ARKY.US,D,20240708,000000,35.551,35.551,34.4,35.1138,1533,0
ARKY.US,D,20240709,000000,35.4,35.86,35.4,35.8308,3669,0
ARKY.US,D,20240710,000000,35.79,36.66,35.79,36.0836,3297,0
ARKY.US,D,20240711,000000,36.88,36.88,36.0884,36.0884,3666,0
ARKY.US,D,20240712,000000,36.379,36.58,36.2687,36.2687,754,0
ARKY.US,D,20240715,000000,39.05,39.6682,39.05,39.6682,1881,0
ARKY.US,D,20240716,000000,39.75,40.512,39.7075,40.512,3281,0
ARKY.US,D,20240717,000000,40.38,40.38,39.99,39.9913,2150,0
ARKY.US,D,20240718,000000,39.461,39.6965,39.461,39.6965,344,0
ARKY.US,D,20240719,000000,39.745,41.4057,39.745,41.4057,525,0
ARKY.US,D,20240722,000000,40.5919,41.2483,40.5919,41.2483,449,0
ARKY.US,D,20240723,000000,40.69,40.7607,40.1,40.4282,1466,0
ARKY.US,D,20240724,000000,40.94,40.94,39.6376,39.6376,1869,0
ARKY.US,D,20240725,000000,37.2716,37.28,37.06,37.26,4082,0
ARKY.US,D,20240726,000000,39.1,39.2823,38.52,39.2823,2542,0
ARKY.US,D,20240729,000000,40.1501,40.1501,39.395,39.395,505,0
ARKY.US,D,20240730,000000,39.2,39.2,38.808,38.808,429,0
ARKY.US,D,20240731,000000,39.34,39.4388,38.5892,38.5892,452,0
ARKY.US,D,20240801,000000,36.76,37.1407,36.52,37.1407,776,0
ARKY.US,D,20240802,000000,37.8,37.85,35.96,35.96,994,0
ARKY.US,D,20240805,000000,26.86,30.2,26.86,29.2668,6453,0
ARKY.US,D,20240806,000000,30.63,30.75,30.63,30.6861,570,0
ARKY.US,D,20240807,000000,30.1,30.1,29,29.1258,1247,0
ARKY.US,D,20240808,000000,30.69,32.09,30.64,31.8725,4470,0
ARKY.US,D,20240809,000000,32.03,32.2177,31.88,32.2177,648,0
ARKY.US,D,20240812,000000,33.02,33.02,32.3858,32.3858,364,0
ARKY.US,D,20240813,000000,32.36,33.29,32.21,33.2028,3727,0
ARKY.US,D,20240814,000000,32.39,32.63,32.32,32.489,679,0
ARKY.US,D,20240815,000000,32.43,32.7,31.1,31.1705,821,0
ARKY.US,D,20240816,000000,31.9,32.2812,31.56,32.2812,2015,0
ARKY.US,D,20240819,000000,31.92,32.23,31.45,32.02,4870,0
ARKY.US,D,20240820,000000,32.6,32.6,31.85,32.0319,719,0
ARKY.US,D,20240821,000000,32.19,32.7654,32.07,32.7654,665,0
ARKY.US,D,20240822,000000,32.2,32.2,32.11,32.1531,672,0
ARKY.US,D,20240823,000000,33.999,33.999,33.999,33.999,525,0
ARKY.US,D,20240826,000000,33.75,33.75,33.33,33.33,760,0
ARKY.US,D,20240827,000000,32.59,32.59,32.19,32.19,521,0
ARKY.US,D,20240828,000000,31.1314,31.1314,31.1314,31.1314,205,0
ARKY.US,D,20240829,000000,31.1982,31.1982,31.1982,31.1982,468,0
ARKY.US,D,20240830,000000,31.05,31.05,30.9734,30.9734,189,0
ARKY.US,D,20240903,000000,30.95,30.95,30.15,30.3047,930,0
ARKY.US,D,20240904,000000,28.77,30.37,28.77,30.3292,935,0
ARKY.US,D,20240905,000000,29.2175,29.2175,29.2175,29.2175,163,0
ARKY.US,D,20240906,000000,29.62,29.62,27.5802,27.7519,1523,0
ARKY.US,D,20240909,000000,29.065,29.5174,29.065,29.5174,1371,0
ARKY.US,D,20240910,000000,29.325,29.9199,29.325,29.9199,1593,0
ARKY.US,D,20240911,000000,29.68,29.6924,29.6343,29.6343,1737,0
ARKY.US,D,20240912,000000,29.9374,29.9374,29.9374,29.9374,127,0
ARKY.US,D,20240913,000000,29.8087,30.65,29.8087,30.6406,4885,0
ARKY.US,D,20240916,000000,29.77,29.77,29.28,29.5,422,0
ARKY.US,D,20240917,000000,30.4756,30.4756,30.4756,30.4756,163,0
ARKY.US,D,20240918,000000,30.3563,30.3563,30.3563,30.3563,108,0
ARKY.US,D,20240919,000000,32.0334,32.0334,32.0334,32.0334,130,0
ARKY.US,D,20240920,000000,32.49,32.49,32.22,32.2445,4692,0
ARKY.US,D,20240923,000000,32.67,32.863,32.67,32.863,456,0
ARKY.US,D,20240924,000000,33.1124,33.1124,33.1124,33.1124,34,0
ARKY.US,D,20240925,000000,32.4404,32.4404,32.4404,32.4404,40,0
ARKY.US,D,20240926,000000,32.58,33.37,32.58,33.215,1339,0
ARKY.US,D,20240927,000000,28.64,28.64,27.54,27.8117,2203,0
ARKY.US,D,20240930,000000,27.029,27.03,26.7846,26.7846,9554,0
ARKY.US,D,20241001,000000,27.71,27.71,25.87,25.9653,1756,0
ARKY.US,D,20241002,000000,25.53,26,25.18,25.2365,1351,0
ARKY.US,D,20241003,000000,25.16,25.3954,25.16,25.3954,18011,0
ARKY.US,D,20241004,000000,25.78,26.0538,25.735,26.0538,1780,0
ARKY.US,D,20241007,000000,26.29,26.4148,26.29,26.4148,736,0
ARKY.US,D,20241008,000000,25.94,26.0086,25.94,26.0086,244,0
ARKY.US,D,20241009,000000,25.8153,25.8153,25.5955,25.5955,477,0
ARKY.US,D,20241010,000000,25.54,25.54,24.9545,24.9545,208,0
ARKY.US,D,20241011,000000,25.8995,26.3587,25.8675,26.3587,347,0
ARKY.US,D,20241014,000000,27.59,27.7,27.59,27.6559,520,0
ARKY.US,D,20241015,000000,27.36,27.9188,27.36,27.9188,659,0
ARKY.US,D,20241016,000000,27.78,28.2361,27.78,28.2361,483,0
ARKY.US,D,20241017,000000,27.91,27.937,27.85,27.8559,2161,0
ARKY.US,D,20241018,000000,28.545,28.6538,28.545,28.6538,454,0
ARKY.US,D,20241021,000000,28.195,28.3393,28.14,28.3393,1357,0
ARKY.US,D,20241022,000000,28,28.1035,28,28.1035,2362,0
ARKY.US,D,20241023,000000,27.4716,27.4716,27.4716,27.4716,225,0
ARKY.US,D,20241024,000000,27.5901,28.1743,27.5901,28.1743,860,0
ARKY.US,D,20241025,000000,28.0069,28.0069,27.5834,27.5834,1119,0
ARKY.US,D,20241028,000000,28.192,28.6007,28.192,28.6007,348,0
ARKY.US,D,20241029,000000,29.62,30.1591,29.62,29.9717,742,0
ARKY.US,D,20241030,000000,29.9599,29.9599,29.55,29.55,1283,0
ARKY.US,D,20241031,000000,28.9141,28.9141,28.7464,28.7464,302,0
ARKY.US,D,20241104,000000,27.975,27.975,27.6036,27.6036,1483,0
ARKY.US,D,20241105,000000,27.83,28.5,27.83,28.302,3549,0
ARKY.US,D,20241106,000000,30.83,31.2182,30.42,31.2182,4053,0
ARKY.US,D,20241107,000000,30.9,31.718,30.89,31.718,957,0
ARKY.US,D,20241108,000000,32.12,32.12,31.56,31.8111,819,0
ARKY.US,D,20241111,000000,35.2319,36.11,33.35,36.11,2654,0
ARKY.US,D,20241112,000000,36.05,36.9289,35.65,36.9289,940,0
ARKY.US,D,20241113,000000,37.255,38,36.55,36.55,4320,0
ARKY.US,D,20241114,000000,36.55,36.86,35.7518,35.7518,3786,0
ARKY.US,D,20241115,000000,36.23,37.0011,35.69,37.0011,2205,0
ARKY.US,D,20241118,000000,36.675,37.4,36.51,37.1545,1774,0
ARKY.US,D,20241119,000000,37.3694,37.9876,37.06,37.3783,2024,0
ARKY.US,D,20241120,000000,38.09,38.11,37.42,37.89,3138,0
ARKY.US,D,20241121,000000,39.34,40.31,38.9799,39.7801,7784,0
ARKY.US,D,20241122,000000,39.55,40.12,39.55,39.9791,1537,0
ARKY.US,D,20241125,000000,39.62,40.01,38.7,38.7,1263,0
ARKY.US,D,20241126,000000,37.925,38.44,37.1,37.24,1796,0
ARKY.US,D,20241127,000000,38.8001,39.935,38.8001,39.7498,4517,0
ARKY.US,D,20241129,000000,40.385,40.385,39.9,39.9576,1173,0
ARKY.US,D,20241202,000000,39.62,40.12,39,39.36,2292,0
ARKY.US,D,20241203,000000,38.9342,39.333,38.9342,39.2164,1320,0
ARKY.US,D,20241204,000000,39.84,40.9212,39.53,40.9212,1444,0
ARKY.US,D,20241205,000000,42.6271,42.6271,40.7717,40.7717,881,0
ARKY.US,D,20241206,000000,41.0168,42.2907,41.0168,42.0772,1217,0
ARKY.US,D,20241209,000000,40.4604,40.91,39.6216,39.6216,1091,0
ARKY.US,D,20241210,000000,40.2299,40.2299,38.87,39.468,1942,0
ARKY.US,D,20241211,000000,41.2196,41.5003,39.75,41.5003,1272,0
ARKY.US,D,20241212,000000,41.839,41.839,41,41.065,3182,0
ARKY.US,D,20241213,000000,41.1795,41.91,41.1795,41.7826,1618,0
ARKY.US,D,20241216,000000,43.0446,43.7035,43.0446,43.4753,2338,0
ARKY.US,D,20241217,000000,43.805,44.02,43.1701,43.4865,1350,0
ARKY.US,D,20241218,000000,43.17,43.17,41.0758,41.0758,7970,0
ARKY.US,D,20241219,000000,40.53,40.76,39.3,39.3,1474,0
ARKY.US,D,20241220,000000,37.1001,39.25,37.1001,39.167,1603,0
ARKY.US,D,20241223,000000,37.62,37.74,37.42,37.71,1304,0
ARKY.US,D,20241224,000000,39.2,39.8661,39.2,39.8661,1367,0
ARKY.US,D,20241226,000000,38.38,39.04,38.3423,38.3423,1067,0
ARKY.US,D,20241227,000000,38.05,38.05,37.43,37.9273,686,0
ARKY.US,D,20241230,000000,36.845,37.565,36.48,37.565,3525,0
ARKY.US,D,20241231,000000,37.725,37.9899,36.74,36.88,6545,0
ARKY.US,D,20250102,000000,38.38,38.38,38.38,38.38,406,0
ARKY.US,D,20250107,000000,38.12,38.12,37.755,37.755,800,0
ARKY.US,D,20250108,000000,37.6,37.62,36.51,36.8034,4275,0
ARKY.US,D,20250110,000000,36.5,36.9505,36.5,36.9505,1417,0
