<TICKER>,<PER>,<DATE>,<TIME>,<OPEN>,<HIGH>,<LOW>,<CLOSE>,<VOL>,<OPENINT>
FDAT.US,D,20230421,000000,19.9197,19.9524,19.9006,19.9356,14705,0
FDAT.US,D,20230424,000000,19.93,19.95,19.9,19.9331,24526,0
FDAT.US,D,20230425,000000,19.8999,19.91,19.805,19.805,33153,0
FDAT.US,D,20230426,000000,19.7599,19.7787,19.68,19.6987,21420,0
FDAT.US,D,20230427,000000,19.75,19.86,19.75,19.8385,24844,0
FDAT.US,D,20230428,000000,19.845,19.91,19.845,19.8938,14900,0
FDAT.US,D,20230501,000000,19.93,19.9321,19.885,19.885,12258,0
FDAT.US,D,20230502,000000,19.8,19.8099,19.7412,19.7762,11461,0
FDAT.US,D,20230503,000000,19.81,19.84,19.72,19.7314,17000,0
FDAT.US,D,20230504,000000,19.7,19.7119,19.67,19.6999,11409,0
FDAT.US,D,20230505,000000,19.74,19.81,19.74,19.78,17250,0
FDAT.US,D,20230508,000000,19.7899,19.79,19.77,19.78,6547,0
FDAT.US,D,20230509,000000,19.75,19.79,19.75,19.76,13977,0
FDAT.US,D,20230510,000000,19.78,19.82,19.76,19.795,16071,0
FDAT.US,D,20230511,000000,19.745,19.78,19.745,19.765,10687,0
FDAT.US,D,20230512,000000,19.77,19.77,19.7499,19.755,12299,0
FDAT.US,D,20230515,000000,19.77,19.8,19.76,19.79,15786,0
FDAT.US,D,20230516,000000,19.761,19.77,19.735,19.735,14597,0
FDAT.US,D,20230517,000000,19.77,19.9,19.7697,19.817,24686,0
FDAT.US,D,20230518,000000,19.805,19.89,19.805,19.875,27462,0
FDAT.US,D,20230519,000000,19.8914,19.91,19.8799,19.885,17700,0
FDAT.US,D,20230522,000000,19.91,19.93,19.885,19.8915,20464,0
FDAT.US,D,20230523,000000,19.98,19.98,19.8683,19.88,20818,0
FDAT.US,D,20230524,000000,19.8399,19.84,19.8066,19.8154,27555,0
FDAT.US,D,20230525,000000,19.81,19.84,19.78,19.83,29149,0
FDAT.US,D,20230526,000000,19.85,19.86,19.8332,19.84,26590,0
FDAT.US,D,20230530,000000,19.8373,19.87,19.828,19.84,25806,0
FDAT.US,D,20230531,000000,19.84,19.84,19.81,19.82,16807,0
FDAT.US,D,20230601,000000,19.82,19.89,19.8178,19.87,18980,0
FDAT.US,D,20230602,000000,19.89,19.94,19.8879,19.9052,20300,0
FDAT.US,D,20230605,000000,19.92,19.95,19.872,19.8881,17677,0
FDAT.US,D,20230606,000000,19.9193,19.99,19.9193,19.9628,23808,0
FDAT.US,D,20230607,000000,20.0099,20.11,20.0099,20.0732,28239,0
FDAT.US,D,20230608,000000,20.0699,20.12,20.05,20.0914,22836,0
FDAT.US,D,20230609,000000,20.09,20.11,20.075,20.075,15200,0
FDAT.US,D,20230612,000000,20.0678,20.13,20.05,20.0904,22900,0
FDAT.US,D,20230613,000000,20.1555,20.17,20.155,20.155,4149,0
FDAT.US,D,20230614,000000,20.21,20.21,19.97,20.1045,22793,0
FDAT.US,D,20230615,000000,20.22,20.36,20.2199,20.3057,16800,0
FDAT.US,D,20230616,000000,20.35,20.35,20.2813,20.2813,9405,0
FDAT.US,D,20230620,000000,20.2,20.2006,20.1699,20.1897,15100,0
FDAT.US,D,20230621,000000,20.17,20.23,20.1658,20.1658,10134,0
FDAT.US,D,20230622,000000,20.11,20.13,20.0719,20.12,13820,0
FDAT.US,D,20230623,000000,20.08,20.08,19.9999,19.9999,7200,0
FDAT.US,D,20230626,000000,20.0481,20.0481,20.0481,20.0481,29,0
FDAT.US,D,20230627,000000,20.2061,20.2061,20.1879,20.1879,5000,0
FDAT.US,D,20230628,000000,20.16,20.18,20.1526,20.1526,6500,0
FDAT.US,D,20230629,000000,20.27,20.27,20.22,20.253,5354,0
FDAT.US,D,20230630,000000,20.43,20.44,20.42,20.438,11700,0
FDAT.US,D,20230703,000000,20.42,20.44,20.405,20.4174,8462,0
FDAT.US,D,20230705,000000,20.37,20.45,20.37,20.39,12321,0
FDAT.US,D,20230706,000000,20.16,20.23,20.135,20.2228,11471,0
FDAT.US,D,20230707,000000,20.21,20.3367,20.21,20.2192,12923,0
FDAT.US,D,20230710,000000,20.2768,20.32,20.235,20.2768,20991,0
FDAT.US,D,20230711,000000,20.3413,20.4549,20.3413,20.4549,26561,0
FDAT.US,D,20230712,000000,20.63,20.67,20.6,20.616,35440,0
FDAT.US,D,20230713,000000,20.65,20.79,20.65,20.74,46431,0
FDAT.US,D,20230714,000000,20.73,20.73,20.599,20.599,21542,0
FDAT.US,D,20230717,000000,20.68,20.71,20.6508,20.7,22197,0
FDAT.US,D,20230718,000000,20.67,20.77,20.67,20.7444,20203,0
FDAT.US,D,20230719,000000,20.8199,20.825,20.7786,20.82,24806,0
FDAT.US,D,20230720,000000,20.74,20.77,20.69,20.74,30689,0
FDAT.US,D,20230721,000000,20.765,20.87,20.7472,20.7767,29822,0
FDAT.US,D,20230724,000000,20.804,20.8495,20.8027,20.83,36038,0
FDAT.US,D,20230725,000000,20.805,20.89,20.805,20.86,39758,0
FDAT.US,D,20230726,000000,20.85,20.94,20.8301,20.9,35783,0
FDAT.US,D,20230727,000000,20.92,20.93,20.68,20.71,24202,0
FDAT.US,D,20230728,000000,20.8191,20.92,20.7999,20.86,34949,0
FDAT.US,D,20230731,000000,20.89,20.9,20.85,20.85,32286,0
FDAT.US,D,20230801,000000,20.8173,20.86,20.785,20.8395,37029,0
FDAT.US,D,20230802,000000,20.7015,20.7015,20.6299,20.6397,27249,0
FDAT.US,D,20230803,000000,20.56,20.64,20.56,20.6015,17173,0
FDAT.US,D,20230804,000000,20.64,20.71,20.59,20.59,27876,0
FDAT.US,D,20230807,000000,20.6009,20.65,20.58,20.65,21183,0
FDAT.US,D,20230808,000000,20.51,20.61,20.485,20.575,30862,0
FDAT.US,D,20230809,000000,20.571,20.6,20.53,20.54,24793,0
FDAT.US,D,20230810,000000,20.6075,20.66,20.5032,20.55,35625,0
FDAT.US,D,20230811,000000,20.5012,20.575,20.49,20.54,32424,0
FDAT.US,D,20230814,000000,20.475,20.53,20.4743,20.5069,18781,0
FDAT.US,D,20230815,000000,20.4711,20.4783,20.4361,20.4361,14204,0
FDAT.US,D,20230816,000000,20.445,20.46,20.376,20.376,29775,0
FDAT.US,D,20230817,000000,20.44,20.45,20.34,20.34,55255,0
FDAT.US,D,20230818,000000,20.3488,20.37,20.3,20.335,24005,0
FDAT.US,D,20230821,000000,20.38,20.39,20.34,20.35,25201,0
FDAT.US,D,20230822,000000,20.37,20.38,20.347,20.37,24674,0
FDAT.US,D,20230823,000000,20.39,20.4,20.35,20.4,20433,0
FDAT.US,D,20230824,000000,20.3711,20.41,20.335,20.335,20866,0
FDAT.US,D,20230825,000000,20.345,20.4,20.31,20.355,28567,0
FDAT.US,D,20230828,000000,20.43,20.43,20.34,20.42,21555,0
FDAT.US,D,20230829,000000,20.4199,20.48,20.4199,20.48,7865,0
FDAT.US,D,20230830,000000,20.5,20.55,20.5,20.5,12722,0
FDAT.US,D,20230831,000000,20.53,20.58,20.49,20.53,9591,0
FDAT.US,D,20230901,000000,20.6,20.6,20.5749,20.5849,4084,0
FDAT.US,D,20230905,000000,20.45,20.49,20.3996,20.3996,8858,0
FDAT.US,D,20230906,000000,20.41,20.41,20.2828,20.39,8060,0
FDAT.US,D,20230907,000000,20.2899,20.3,20.2785,20.3,3206,0
FDAT.US,D,20230908,000000,20.29,20.33,20.28,20.2809,6862,0
FDAT.US,D,20230911,000000,20.37,20.37,20.2701,20.29,2961,0
FDAT.US,D,20230912,000000,20.28,20.28,20.23,20.244,3889,0
FDAT.US,D,20230913,000000,20.2582,20.2582,20.2039,20.2039,2587,0
FDAT.US,D,20230914,000000,20.32,20.32,20.2976,20.3099,1104,0
FDAT.US,D,20230915,000000,20.23,20.23,20.2093,20.22,1230,0
FDAT.US,D,20230918,000000,20.2199,20.225,20.219,20.219,1200,0
FDAT.US,D,20230919,000000,20.25,20.25,20.1946,20.1946,2606,0
FDAT.US,D,20230920,000000,20.2799,20.2799,20.14,20.14,4448,0
FDAT.US,D,20230921,000000,20.02,20.02,19.96,19.96,1739,0
FDAT.US,D,20230922,000000,19.99,19.99,19.9499,19.9499,1151,0
FDAT.US,D,20230925,000000,19.97,19.99,19.9455,19.9533,3293,0
FDAT.US,D,20230926,000000,19.95,19.95,19.84,19.84,3513,0
FDAT.US,D,20230927,000000,19.865,19.865,19.8397,19.8397,500,0
FDAT.US,D,20230928,000000,19.84,19.9393,19.84,19.93,944,0
FDAT.US,D,20230929,000000,19.9399,19.94,19.8539,19.8539,1085,0
FDAT.US,D,20231002,000000,19.84,19.88,19.8149,19.825,1408,0
FDAT.US,D,20231003,000000,19.8069,19.8069,19.745,19.745,1399,0
FDAT.US,D,20231004,000000,19.77,19.84,19.7501,19.795,1985,0
FDAT.US,D,20231005,000000,19.8051,19.8051,19.785,19.785,345,0
FDAT.US,D,20231006,000000,19.775,19.87,19.775,19.835,1410,0
FDAT.US,D,20231009,000000,19.8474,19.855,19.82,19.845,2200,0
FDAT.US,D,20231010,000000,19.875,19.9397,19.875,19.875,700,0
FDAT.US,D,20231011,000000,19.93,19.93,19.84,19.8994,4900,0
FDAT.US,D,20231012,000000,19.88,19.88,19.8151,19.8151,400,0
FDAT.US,D,20231013,000000,19.8883,19.8883,19.7665,19.7665,1100,0
FDAT.US,D,20231016,000000,19.84,19.91,19.84,19.8682,3100,0
FDAT.US,D,20231017,000000,19.89,19.912,19.8899,19.9,1302,0
FDAT.US,D,20231018,000000,19.8026,19.8026,19.7349,19.7349,302,0
FDAT.US,D,20231019,000000,19.7311,19.79,19.639,19.639,1645,0
FDAT.US,D,20231020,000000,19.62,19.62,19.5078,19.5078,344,0
FDAT.US,D,20231023,000000,19.485,19.55,19.4644,19.4644,600,0
FDAT.US,D,20231024,000000,19.5499,19.56,19.5198,19.5198,1253,0
FDAT.US,D,20231025,000000,19.44,19.5,19.405,19.405,432,0
FDAT.US,D,20231026,000000,19.42,19.43,19.37,19.38,1600,0
FDAT.US,D,20231027,000000,19.33,19.33,19.285,19.2941,200,0
FDAT.US,D,20231030,000000,19.34,19.35,19.3275,19.3424,300,0
FDAT.US,D,20231031,000000,19.37,19.37,19.335,19.335,402,0
FDAT.US,D,20231101,000000,19.3456,19.38,19.3446,19.3521,1600,0
FDAT.US,D,20231102,000000,19.395,19.46,19.395,19.428,700,0
FDAT.US,D,20231103,000000,19.44,19.445,19.44,19.445,100,0
FDAT.US,D,20231106,000000,19.4899,19.49,19.39,19.4311,1380,0
FDAT.US,D,20231107,000000,19.405,19.4599,19.38,19.415,1000,0
FDAT.US,D,20231108,000000,19.41,19.46,19.41,19.4151,200,0
FDAT.US,D,20231109,000000,19.42,19.46,19.38,19.405,1500,0
FDAT.US,D,20231110,000000,19.4427,19.4427,19.44,19.44,202,0
FDAT.US,D,20231113,000000,19.4692,19.4692,19.44,19.441,750,0
FDAT.US,D,20231114,000000,19.479,19.52,19.479,19.4803,1187,0
FDAT.US,D,20231115,000000,19.495,19.59,19.495,19.5237,2000,0
FDAT.US,D,20231116,000000,19.52,19.54,19.47,19.4973,1002,0
FDAT.US,D,20231117,000000,19.56,19.6,19.52,19.5577,3401,0
FDAT.US,D,20231120,000000,19.5978,19.675,19.5978,19.6614,689,0
FDAT.US,D,20231121,000000,19.61,19.74,19.61,19.69,1835,0
FDAT.US,D,20231122,000000,19.64,19.73,19.64,19.709,2299,0
FDAT.US,D,20231124,000000,19.71,19.77,19.7083,19.71,4696,0
FDAT.US,D,20231127,000000,19.74,19.759,19.74,19.759,801,0
FDAT.US,D,20231128,000000,19.71,19.75,19.7,19.7155,600,0
FDAT.US,D,20231129,000000,19.88,19.88,19.7725,19.7725,1978,0
FDAT.US,D,20231130,000000,19.83,19.85,19.76,19.85,1708,0
FDAT.US,D,20231201,000000,19.88,20.04,19.88,20.0207,1002,0
FDAT.US,D,20231204,000000,19.9886,20.05,19.95,20.0185,3739,0
FDAT.US,D,20231205,000000,19.9286,19.97,19.9195,19.9195,738,0
FDAT.US,D,20231206,000000,20.09,20.09,19.9254,19.9254,799,0
FDAT.US,D,20231207,000000,19.9434,20.08,19.9434,20.0506,3338,0
FDAT.US,D,20231208,000000,20.0183,20.19,20.0183,20.14,1465,0
FDAT.US,D,20231211,000000,20.1686,20.26,20.1686,20.2224,4300,0
FDAT.US,D,20231212,000000,20.25,20.34,20.2135,20.2915,1597,0
FDAT.US,D,20231213,000000,20.32,20.68,20.32,20.6447,2060,0
FDAT.US,D,20231214,000000,20.92,21.09,20.92,21.0006,1900,0
FDAT.US,D,20231215,000000,21.0099,21.06,20.885,20.96,1186,0
FDAT.US,D,20231218,000000,20.89,20.98,20.89,20.94,1302,0
FDAT.US,D,20231219,000000,21.01,21.16,21.01,21.1193,2892,0
FDAT.US,D,20231220,000000,21.1,21.2098,20.8808,21.12,3182,0
FDAT.US,D,20231221,000000,21.02,21.09,20.965,21.0722,2700,0
FDAT.US,D,20231222,000000,21.22,21.22,21.1269,21.1269,903,0
FDAT.US,D,20231226,000000,21.23,21.34,21.21,21.2874,1729,0
FDAT.US,D,20231227,000000,21.03,21.04,20.9542,20.9801,3015,0
FDAT.US,D,20231228,000000,20.37,21.04,20.37,20.9748,1144,0
FDAT.US,D,20231229,000000,20.97,21.02,20.825,20.8309,1108,0
FDAT.US,D,20240102,000000,20.6099,20.6099,20.6099,20.6099,188,0
FDAT.US,D,20240103,000000,20.44,20.44,20.324,20.324,600,0
FDAT.US,D,20240104,000000,20.36,20.39,20.2983,20.2983,717,0
FDAT.US,D,20240105,000000,20.2616,20.45,20.2616,20.3257,420,0
FDAT.US,D,20240108,000000,20.445,20.59,20.445,20.5688,1101,0
FDAT.US,D,20240109,000000,20.49,20.56,20.49,20.5128,700,0
FDAT.US,D,20240110,000000,20.58,20.61,20.4679,20.5701,1700,0
FDAT.US,D,20240111,000000,20.55,20.57,20.4254,20.5275,2000,0
FDAT.US,D,20240112,000000,20.6,20.6232,20.495,20.5021,900,0
FDAT.US,D,20240116,000000,20.4346,20.4346,20.3981,20.4012,851,0
FDAT.US,D,20240117,000000,20.3151,20.38,20.3086,20.3356,2003,0
FDAT.US,D,20240118,000000,20.46,20.49,20.3745,20.46,1000,0
FDAT.US,D,20240119,000000,20.4986,20.66,20.47,20.66,1800,0
FDAT.US,D,20240122,000000,20.7232,20.7788,20.715,20.7236,900,0
FDAT.US,D,20240123,000000,20.73,20.73,20.605,20.653,1097,0
FDAT.US,D,20240124,000000,20.76,20.76,20.6182,20.6182,1200,0
FDAT.US,D,20240125,000000,20.724,20.75,20.655,20.7,1450,0
FDAT.US,D,20240126,000000,20.73,20.73,20.66,20.68,2250,0
FDAT.US,D,20240129,000000,20.65,20.75,20.638,20.7352,1159,0
FDAT.US,D,20240130,000000,20.76,20.76,20.705,20.705,909,0
FDAT.US,D,20240131,000000,20.69,20.73,20.5426,20.5426,2622,0
FDAT.US,D,20240201,000000,20.5773,20.69,20.53,20.6507,3236,0
FDAT.US,D,20240202,000000,20.6056,20.77,20.6056,20.7361,4970,0
FDAT.US,D,20240205,000000,20.7,20.72,20.6,20.7,3806,0
FDAT.US,D,20240206,000000,20.6797,20.73,20.66,20.73,2638,0
FDAT.US,D,20240207,000000,20.7656,20.85,20.7429,20.8127,2785,0
FDAT.US,D,20240208,000000,20.8156,20.9,20.8156,20.9,3529,0
FDAT.US,D,20240209,000000,20.92,21.01,20.8981,20.9886,4906,0
FDAT.US,D,20240212,000000,21.02,21.09,20.995,21.006,2634,0
FDAT.US,D,20240213,000000,20.7759,20.84,20.6917,20.7706,1937,0
FDAT.US,D,20240214,000000,20.8756,20.98,20.855,20.9359,2915,0
FDAT.US,D,20240215,000000,21.05,21.1,21.0006,21.0604,3600,0
FDAT.US,D,20240216,000000,21.09,21.12,20.9897,20.9897,3821,0
FDAT.US,D,20240220,000000,20.905,20.9287,20.8202,20.8732,2808,0
FDAT.US,D,20240221,000000,20.8249,20.89,20.8,20.8838,4273,0
FDAT.US,D,20240222,000000,21.0348,21.19,21.0348,21.1486,4720,0
FDAT.US,D,20240223,000000,21.2,21.22,21.135,21.1733,6061,0
FDAT.US,D,20240226,000000,21.185,21.24,21.1846,21.1846,4245,0
FDAT.US,D,20240227,000000,21.22,21.23,21.14,21.1797,4978,0
FDAT.US,D,20240228,000000,21.195,21.24,21.165,21.165,2088,0
FDAT.US,D,20240229,000000,21.27,21.32,21.2116,21.2768,2100,0
FDAT.US,D,20240301,000000,21.315,21.47,21.29,21.4416,2311,0
FDAT.US,D,20240304,000000,21.48,21.52,21.4529,21.4529,2700,0
FDAT.US,D,20240305,000000,21.43,21.4395,21.31,21.3626,3152,0
FDAT.US,D,20240306,000000,21.47,21.57,21.4686,21.482,2536,0
FDAT.US,D,20240307,000000,21.6,21.7,21.6,21.6643,1871,0
FDAT.US,D,20240308,000000,21.75,21.7892,21.5551,21.5551,1530,0
FDAT.US,D,20240311,000000,21.455,21.52,21.455,21.4961,725,0
FDAT.US,D,20240312,000000,21.5398,21.64,21.5398,21.6069,2266,0
FDAT.US,D,20240313,000000,21.62,21.68,21.5975,21.5975,1382,0
FDAT.US,D,20240314,000000,21.63,21.63,21.4,21.4089,904,0
FDAT.US,D,20240315,000000,21.42,21.48,21.4132,21.4132,1448,0
FDAT.US,D,20240318,000000,21.5099,21.54,21.4388,21.4388,1900,0
FDAT.US,D,20240319,000000,21.49,21.59,21.4644,21.59,1768,0
FDAT.US,D,20240320,000000,21.565,21.8299,21.565,21.7584,1066,0
FDAT.US,D,20240321,000000,21.95,22.01,21.9499,21.9749,800,0
FDAT.US,D,20240322,000000,21.96,21.96,21.8796,21.8796,382,0
FDAT.US,D,20240325,000000,21.93,21.93,21.8394,21.8394,445,0
FDAT.US,D,20240326,000000,21.88,21.9,21.7971,21.7971,1300,0
FDAT.US,D,20240327,000000,21.98,22.09,21.89,22.09,1633,0
FDAT.US,D,20240328,000000,22.14,22.1799,22.125,22.1625,900,0
FDAT.US,D,20240401,000000,22.145,22.145,22.05,22.0801,847,0
FDAT.US,D,20240402,000000,21.882,21.9163,21.8799,21.9163,732,0
FDAT.US,D,20240403,000000,21.9,22.02,21.9,21.9662,1052,0
FDAT.US,D,20240404,000000,22.08,22.08,21.7964,21.7964,550,0
FDAT.US,D,20240405,000000,21.83,22,21.83,21.9502,501,0
FDAT.US,D,20240408,000000,21.95,22.02,21.95,21.9563,603,0
FDAT.US,D,20240409,000000,22.09,22.09,21.9686,22.0001,811,0
FDAT.US,D,20240410,000000,21.8,21.86,21.6867,21.7421,2405,0
FDAT.US,D,20240411,000000,21.745,21.86,21.7299,21.8066,2269,0
FDAT.US,D,20240412,000000,21.78,21.78,21.6149,21.6149,1600,0
FDAT.US,D,20240415,000000,21.74,21.74,21.498,21.5238,2631,0
FDAT.US,D,20240416,000000,21.55,21.55,21.4915,21.5032,2501,0
FDAT.US,D,20240417,000000,21.57,21.57,21.48,21.5,4376,0
FDAT.US,D,20240418,000000,21.52,21.52,21.44,21.4654,1610,0
FDAT.US,D,20240419,000000,21.47,21.5,21.4567,21.48,1676,0
FDAT.US,D,20240422,000000,21.51,21.52,21.465,21.465,2390,0
FDAT.US,D,20240423,000000,21.51,21.56,21.495,21.5125,6851,0
FDAT.US,D,20240424,000000,21.54,21.56,21.502,21.5175,3770,0
FDAT.US,D,20240425,000000,21.345,21.46,21.345,21.4255,400,0
FDAT.US,D,20240426,000000,21.485,21.54,21.485,21.4879,619,0
FDAT.US,D,20240429,000000,21.54,21.55,21.4973,21.4973,852,0
FDAT.US,D,20240430,000000,21.4764,21.4764,21.3404,21.3404,131,0
FDAT.US,D,20240501,000000,21.335,21.49,21.335,21.3367,1769,0
FDAT.US,D,20240502,000000,21.41,21.4699,21.3745,21.4111,800,0
FDAT.US,D,20240503,000000,21.5392,21.57,21.505,21.535,1894,0
FDAT.US,D,20240506,000000,21.605,21.68,21.605,21.6556,913,0
FDAT.US,D,20240507,000000,21.6999,21.73,21.6455,21.6455,500,0
FDAT.US,D,20240508,000000,21.53,21.55,21.4967,21.5245,1238,0
FDAT.US,D,20240509,000000,21.54,21.608,21.5399,21.57,1770,0
FDAT.US,D,20240510,000000,21.697,21.697,21.5764,21.5764,100,0
FDAT.US,D,20240513,000000,21.65,21.69,21.5986,21.5986,403,0
FDAT.US,D,20240514,000000,21.75,21.769,21.7299,21.7542,530,0
FDAT.US,D,20240515,000000,21.84,22,21.84,21.9833,1425,0
FDAT.US,D,20240516,000000,21.95,22.03,21.942,21.942,3465,0
FDAT.US,D,20240517,000000,21.885,21.92,21.865,21.8769,1300,0
FDAT.US,D,20240520,000000,21.905,22.03,21.905,21.98,3018,0
FDAT.US,D,20240521,000000,21.9,21.97,21.89,21.9234,1110,0
FDAT.US,D,20240522,000000,21.95,21.99,21.8308,21.8673,2211,0
FDAT.US,D,20240523,000000,21.88,21.88,21.6014,21.6014,1100,0
FDAT.US,D,20240524,000000,21.66,21.79,21.66,21.75,1300,0
FDAT.US,D,20240528,000000,21.84,21.84,21.615,21.68,1478,0
FDAT.US,D,20240529,000000,21.41,21.61,21.395,21.419,3275,0
FDAT.US,D,20240530,000000,21.48,21.4946,21.435,21.48,3729,0
FDAT.US,D,20240531,000000,21.64,21.64,21.3899,21.5944,3506,0
FDAT.US,D,20240603,000000,21.71,21.71,21.47,21.6332,1097,0
FDAT.US,D,20240604,000000,21.59,21.67,21.58,21.5904,1372,0
FDAT.US,D,20240605,000000,21.68,21.89,21.6508,21.863,2982,0
FDAT.US,D,20240606,000000,21.8499,21.8499,21.795,21.83,1398,0
FDAT.US,D,20240607,000000,21.68,21.74,21.6767,21.6767,1206,0
FDAT.US,D,20240610,000000,21.6172,21.76,21.6172,21.7199,1849,0
FDAT.US,D,20240611,000000,21.6171,21.77,21.6171,21.7152,2456,0
FDAT.US,D,20240612,000000,22.01,22.1,21.896,21.9551,1429,0
FDAT.US,D,20240613,000000,21.935,22.02,21.85,21.9927,3531,0
FDAT.US,D,20240614,000000,21.8393,21.93,21.8,21.8965,2114,0
FDAT.US,D,20240617,000000,21.841,21.99,21.841,21.9299,3646,0
FDAT.US,D,20240618,000000,21.9771,22.0385,21.93,21.9936,3978,0
FDAT.US,D,20240620,000000,21.9497,21.9715,21.905,21.9059,1206,0
FDAT.US,D,20240621,000000,21.8578,21.9299,21.855,21.892,1315,0
FDAT.US,D,20240624,000000,21.88,21.92,21.8128,21.8128,1400,0
FDAT.US,D,20240625,000000,21.82,21.82,21.73,21.763,33012,0
FDAT.US,D,20240626,000000,21.73,21.78,21.65,21.691,3303,0
FDAT.US,D,20240627,000000,21.77,21.81,21.73,21.7606,1692,0
FDAT.US,D,20240628,000000,21.86,21.93,21.7857,21.7857,2302,0
FDAT.US,D,20240701,000000,21.7138,21.75,21.61,21.7043,5500,0
FDAT.US,D,20240702,000000,21.75,21.81,21.68,21.77,2237,0
FDAT.US,D,20240703,000000,21.835,21.89,21.835,21.8498,3095,0
FDAT.US,D,20240705,000000,21.854,21.92,21.79,21.87,3053,0
FDAT.US,D,20240708,000000,21.97,21.97,21.82,21.8904,5640,0
FDAT.US,D,20240709,000000,21.875,21.93,21.825,21.8454,5111,0
FDAT.US,D,20240710,000000,21.885,22.09,21.8629,22.09,7982,0
FDAT.US,D,20240711,000000,22.17,22.22,22.11,22.1124,7236,0
FDAT.US,D,20240712,000000,22.145,22.38,22.145,22.2365,2547,0
FDAT.US,D,20240715,000000,22.37,22.42,22.3252,22.3252,1826,0
FDAT.US,D,20240716,000000,22.4434,22.6074,22.4434,22.6074,705,0
FDAT.US,D,20240717,000000,22.435,22.435,22.3423,22.3423,850,0
FDAT.US,D,20240718,000000,22.4,22.53,22.201,22.201,2925,0
FDAT.US,D,20240719,000000,22.1343,22.1343,22.008,22.008,200,0
FDAT.US,D,20240722,000000,22.07,22.26,22.0349,22.26,4091,0
FDAT.US,D,20240723,000000,22.1616,22.27,22.153,22.153,2802,0
FDAT.US,D,20240724,000000,22.135,22.135,21.7845,21.7845,1774,0
FDAT.US,D,20240725,000000,21.91,22.0594,21.8143,21.8143,2743,0
FDAT.US,D,20240726,000000,22.07,22.15,22.0008,22.0336,3960,0
FDAT.US,D,20240729,000000,22.1599,22.1599,22.0116,22.0116,1133,0
FDAT.US,D,20240730,000000,22.18,22.18,21.93,22.0318,1965,0
FDAT.US,D,20240731,000000,22.2687,22.4212,22.172,22.299,5176,0
FDAT.US,D,20240801,000000,22.29,22.34,21.8099,21.9,11654,0
FDAT.US,D,20240802,000000,21.322,21.4281,21.275,21.3884,3405,0
FDAT.US,D,20240805,000000,21.06,21.17,21.01,21.02,1904,0
FDAT.US,D,20240806,000000,21.0799,21.32,21.0799,21.1379,7090,0
FDAT.US,D,20240807,000000,21.312,21.42,21,21,6034,0
FDAT.US,D,20240808,000000,21.2868,21.44,21.264,21.44,4266,0
FDAT.US,D,20240809,000000,21.305,21.49,21.305,21.49,1606,0
FDAT.US,D,20240812,000000,21.355,21.4889,21.355,21.384,603,0
FDAT.US,D,20240813,000000,21.54,21.7,21.5262,21.6545,2507,0
FDAT.US,D,20240814,000000,21.73,21.73,21.645,21.7065,1167,0
FDAT.US,D,20240815,000000,21.8714,22.02,21.8714,21.9332,1886,0
FDAT.US,D,20240816,000000,22.02,22.06,21.935,22.06,2119,0
FDAT.US,D,20240819,000000,22.08,22.22,22.06,22.22,5549,0
FDAT.US,D,20240820,000000,22.144,22.17,22.035,22.0681,1803,0
FDAT.US,D,20240821,000000,22.136,22.26,22.125,22.26,3500,0
FDAT.US,D,20240822,000000,22.176,22.2,22.07,22.11,2712,0
FDAT.US,D,20240823,000000,22.33,22.42,22.2998,22.3592,5552,0
FDAT.US,D,20240826,000000,22.395,22.47,22.285,22.34,2721,0
FDAT.US,D,20240827,000000,22.27,22.34,22.24,22.2914,3400,0
FDAT.US,D,20240828,000000,22.272,22.34,22.217,22.217,1300,0
FDAT.US,D,20240829,000000,22.2817,22.43,22.22,22.3,7804,0
FDAT.US,D,20240830,000000,22.365,22.43,22.276,22.4125,1922,0
FDAT.US,D,20240903,000000,22.05,22.7469,22.05,22.7469,540,0
FDAT.US,D,20240904,000000,21.99,22.01,21.9778,21.9778,3962,0
FDAT.US,D,20240905,000000,21.955,21.955,21.81,21.89,1482,0
FDAT.US,D,20240906,000000,21.8286,21.8286,21.595,21.64,4467,0
FDAT.US,D,20240909,000000,21.77,21.84,21.7699,21.7971,1821,0
FDAT.US,D,20240910,000000,21.795,21.85,21.725,21.8105,2683,0
FDAT.US,D,20240911,000000,21.615,21.92,21.61,21.9082,2728,0
FDAT.US,D,20240912,000000,21.875,22.09,21.875,22.0213,2109,0
FDAT.US,D,20240913,000000,22.16,22.29,22.16,22.2445,1900,0
FDAT.US,D,20240916,000000,22.235,22.37,22.22,22.3311,7329,0
FDAT.US,D,20240917,000000,22.41,22.48,22.37,22.39,1500,0
FDAT.US,D,20240918,000000,22.3459,22.6299,22.2883,22.2883,740,0
FDAT.US,D,20240919,000000,22.495,22.62,22.495,22.62,1116,0
FDAT.US,D,20240920,000000,22.53,22.6,22.5269,22.5269,797,0
FDAT.US,D,20240923,000000,22.67,22.67,22.5971,22.67,2193,0
FDAT.US,D,20240924,000000,22.65,22.72,22.65,22.6762,535,0
FDAT.US,D,20240925,000000,22.67,22.67,22.5947,22.5947,697,0
FDAT.US,D,20240926,000000,22.76,22.8,22.73,22.7397,801,0
FDAT.US,D,20240927,000000,22.788,22.86,22.7593,22.7593,794,0
FDAT.US,D,20240930,000000,22.7589,22.7704,22.72,22.7704,1535,0
FDAT.US,D,20241001,000000,22.75,22.75,22.6617,22.6617,484,0
FDAT.US,D,20241002,000000,22.675,22.73,22.671,22.671,1675,0
FDAT.US,D,20241003,000000,22.6683,22.67,22.6535,22.6535,1055,0
FDAT.US,D,20241004,000000,22.79,22.79,22.6366,22.7497,1495,0
FDAT.US,D,20241007,000000,22.6713,22.73,22.625,22.6513,1154,0
FDAT.US,D,20241008,000000,22.685,22.7799,22.685,22.7444,808,0
FDAT.US,D,20241009,000000,22.76,22.88,22.7514,22.8406,2891,0
FDAT.US,D,20241010,000000,22.82,22.85,22.7591,22.78,1997,0
FDAT.US,D,20241011,000000,22.91,23.02,22.89,23.0049,2109,0
FDAT.US,D,20241014,000000,23.035,23.18,23.0285,23.1197,931,0
FDAT.US,D,20241015,000000,23.1,23.13,22.9749,22.9749,1218,0
FDAT.US,D,20241016,000000,23.08,23.17,23.0799,23.0972,2700,0
FDAT.US,D,20241017,000000,23.24,23.24,23.1158,23.1158,647,0
FDAT.US,D,20241018,000000,23.1417,23.2299,23.1417,23.1744,501,0
FDAT.US,D,20241021,000000,23.14,23.14,23.0058,23.0058,547,0
FDAT.US,D,20241022,000000,22.9098,22.99,22.905,22.9268,1565,0
FDAT.US,D,20241023,000000,22.92,22.92,22.72,22.7932,797,0
FDAT.US,D,20241024,000000,22.83,22.88,22.8097,22.8229,843,0
FDAT.US,D,20241025,000000,22.97,22.97,22.7791,22.7791,1122,0
FDAT.US,D,20241028,000000,22.93,22.93,22.8715,22.8715,2616,0
FDAT.US,D,20241029,000000,22.85,22.98,22.85,22.9162,605,0
FDAT.US,D,20241030,000000,22.93,22.9999,22.8604,22.8604,1342,0
FDAT.US,D,20241031,000000,22.68,22.71,22.6239,22.6239,600,0
FDAT.US,D,20241101,000000,22.6979,22.77,22.6979,22.72,888,0
FDAT.US,D,20241104,000000,22.755,22.789,22.6671,22.6696,1068,0
FDAT.US,D,20241105,000000,22.7699,22.91,22.7699,22.8832,1020,0
FDAT.US,D,20241106,000000,23.295,23.47,23.295,23.413,1251,0
FDAT.US,D,20241107,000000,23.53,23.56,23.4583,23.4872,3011,0
FDAT.US,D,20241108,000000,23.535,23.68,23.535,23.61,2061,0
FDAT.US,D,20241111,000000,23.7,23.7498,23.6495,23.6546,2109,0
FDAT.US,D,20241112,000000,23.6319,23.6319,23.4551,23.4551,3205,0
FDAT.US,D,20241113,000000,23.5699,23.6199,23.4197,23.4197,2820,0
FDAT.US,D,20241114,000000,23.445,23.445,23.2256,23.2256,4470,0
FDAT.US,D,20241115,000000,23.2134,23.2134,23.1036,23.14,1688,0
FDAT.US,D,20241118,000000,23.098,23.21,23.098,23.1385,952,0
FDAT.US,D,20241119,000000,23.066,23.22,23.066,23.1683,1417,0
FDAT.US,D,20241120,000000,23.26,23.26,23.115,23.2503,3642,0
FDAT.US,D,20241121,000000,23.2432,23.412,23.2432,23.3907,1065,0
FDAT.US,D,20241122,000000,23.415,23.54,23.415,23.5041,751,0
FDAT.US,D,20241125,000000,23.75,23.75,23.6,23.6429,1255,0
FDAT.US,D,20241126,000000,23.64,23.69,23.5747,23.6314,2117,0
FDAT.US,D,20241127,000000,23.7146,23.7599,23.6149,23.6149,312,0
FDAT.US,D,20241129,000000,23.697,23.7101,23.69,23.6906,377,0
FDAT.US,D,20241202,000000,23.68,23.72,23.64,23.6525,2489,0
FDAT.US,D,20241203,000000,23.67,23.67,23.6,23.6,2776,0
FDAT.US,D,20241204,000000,23.58,23.71,23.58,23.67,2782,0
FDAT.US,D,20241205,000000,23.655,23.67,23.5912,23.5912,2720,0
FDAT.US,D,20241206,000000,23.71,23.71,23.6299,23.6299,2150,0
FDAT.US,D,20241209,000000,23.68,23.68,23.4692,23.4692,2360,0
FDAT.US,D,20241210,000000,23.4177,23.52,23.4001,23.4001,1300,0
FDAT.US,D,20241211,000000,23.4725,23.51,23.4586,23.4586,1845,0
FDAT.US,D,20241212,000000,23.4499,23.47,23.3706,23.3706,2046,0
FDAT.US,D,20241213,000000,23.43,23.43,23.29,23.37,4901,0
FDAT.US,D,20241216,000000,23.345,23.45,23.345,23.43,3799,0
FDAT.US,D,20241217,000000,23.335,23.34,23.2895,23.2895,1002,0
FDAT.US,D,20241218,000000,21.4072,21.46,21.0999,21.0999,5121,0
FDAT.US,D,20241219,000000,21.17,21.2,21.0352,21.0352,10081,0
FDAT.US,D,20241220,000000,21.022,21.19,21.022,21.15,7912,0
FDAT.US,D,20241223,000000,21.1172,21.17,21.095,21.1403,25248,0
FDAT.US,D,20241224,000000,21.159,21.24,21.159,21.1929,25499,0
FDAT.US,D,20241226,000000,21.18,21.27,21.18,21.25,34000,0
FDAT.US,D,20241227,000000,21.2007,21.22,21.12,21.12,29778,0
FDAT.US,D,20241230,000000,21.082,21.13,21.04,21.11,23428,0
FDAT.US,D,20241231,000000,21.12,21.12,21.01,21.0349,14003,0
FDAT.US,D,20250102,000000,21.07,21.1,21.02,21.065,4882,0
FDAT.US,D,20250103,000000,21.11,21.16,21.06,21.11,5664,0
FDAT.US,D,20250106,000000,21.19,21.2199,21.14,21.14,7039,0
FDAT.US,D,20250107,000000,21.16,21.2,21.1,21.1,2284,0
FDAT.US,D,20250108,000000,21.1397,21.1397,21.09,21.1,7487,0
FDAT.US,D,20250110,000000,21.086,21.0932,21.06,21.08,3310,0
