<TICKER>,<PER>,<DATE>,<TIME>,<OPEN>,<HIGH>,<LOW>,<CLOSE>,<VOL>,<OPENINT>
GOOX.US,D,20240112,000000,25.25,25.25,25.1682,25.1682,475,0
GOOX.US,D,20240116,000000,25.6286,25.6286,24.97,25.0566,1036,0
GOOX.US,D,20240117,000000,24.65,24.689,24.65,24.689,512,0
GOOX.US,D,20240118,000000,25.19,25.47,25.07,25.3552,6391,0
GOOX.US,D,20240119,000000,25.91,26.366,25.91,26.366,851,0
GOOX.US,D,20240122,000000,26.95,27.01,26.25,26.25,9885,0
GOOX.US,D,20240123,000000,26.58,26.66,26.559,26.66,3632,0
GOOX.US,D,20240124,000000,27.13,27.63,27.13,27.1876,10614,0
GOOX.US,D,20240125,000000,27.72,28.79,27.71,28.32,13917,0
GOOX.US,D,20240126,000000,28.19,28.52,28.12,28.5,22442,0
GOOX.US,D,20240129,000000,28.35,28.86,28.13,28.76,39519,0
GOOX.US,D,20240130,000000,28.54,28.6294,28.03,28.0511,19610,0
GOOX.US,D,20240131,000000,25.2,25.24,23.95,24.02,35908,0
GOOX.US,D,20240201,000000,24.75,24.76,24.18,24.2623,35918,0
GOOX.US,D,20240202,000000,23.82,24.66,22.8,24.5344,23763,0
GOOX.US,D,20240205,000000,25.31,25.57,24.93,25.1,14269,0
GOOX.US,D,20240206,000000,25.4,25.4,24.87,25.1406,5229,0
GOOX.US,D,20240207,000000,25.26,25.7,25.26,25.6,10932,0
GOOX.US,D,20240208,000000,25.93,25.939,25.47,25.722,17349,0
GOOX.US,D,20240209,000000,26.13,26.969,25.969,26.7818,14980,0
GOOX.US,D,20240212,000000,26.45,26.7339,26.2332,26.2332,7166,0
GOOX.US,D,20240213,000000,24.98,25.8499,24.98,25.29,7244,0
GOOX.US,D,20240214,000000,25.561,25.675,25.3,25.675,3628,0
GOOX.US,D,20240215,000000,24.55,24.71,24.05,24.55,15002,0
GOOX.US,D,20240216,000000,24.41,24.41,23.75,23.819,8698,0
GOOX.US,D,20240220,000000,23.8,24.0028,23.71,23.84,7588,0
GOOX.US,D,20240221,000000,23.8809,24.4398,23.8809,24.4398,11360,0
GOOX.US,D,20240222,000000,24.93,24.995,24.7299,24.9308,9777,0
GOOX.US,D,20240223,000000,25.1292,25.1292,24.75,24.9401,7359,0
GOOX.US,D,20240226,000000,24.3,24.3,22.7,22.7,52142,0
GOOX.US,D,20240227,000000,22.95,23.19,22.57,23.09,23773,0
GOOX.US,D,20240228,000000,22.81,22.81,21.95,22.17,25494,0
GOOX.US,D,20240229,000000,22.46,22.878,22.34,22.7501,16087,0
GOOX.US,D,20240301,000000,22.76,22.79,22.3701,22.3701,11237,0
GOOX.US,D,20240304,000000,21.61,21.61,20.67,21.075,37390,0
GOOX.US,D,20240305,000000,20.88,21.0089,20.29,20.9119,20270,0
GOOX.US,D,20240306,000000,21.17,21.21,20.4,20.5557,22574,0
GOOX.US,D,20240307,000000,20.85,21.57,20.58,21.4,69269,0
GOOX.US,D,20240308,000000,21.44,22.5,21.44,21.7521,33569,0
GOOX.US,D,20240311,000000,21.99,22.85,21.99,22.56,81599,0
GOOX.US,D,20240312,000000,22.4,22.935,22.4,22.8,19550,0
GOOX.US,D,20240313,000000,23.191,23.48,23.09,23.12,18696,0
GOOX.US,D,20240314,000000,23.68,24.34,23.5,24.26,28276,0
GOOX.US,D,20240315,000000,24.29,24.29,23.19,23.5436,35990,0
GOOX.US,D,20240318,000000,26.05,26.9583,25.5,25.62,42626,0
GOOX.US,D,20240319,000000,25.67,25.77,25.101,25.41,20748,0
GOOX.US,D,20240320,000000,25.78,26.02,25.33,25.94,40563,0
GOOX.US,D,20240321,000000,26.12,26.34,25.461,25.67,14889,0
GOOX.US,D,20240322,000000,26.3,26.97,26.12,26.73,81474,0
GOOX.US,D,20240325,000000,26.46,26.6,25.7299,26.53,137122,0
GOOX.US,D,20240326,000000,26.571,27.19,26.51,26.71,115436,0
GOOX.US,D,20240327,000000,26.6951,26.91,26.075,26.65,37712,0
GOOX.US,D,20240328,000000,26.7,26.899,26.55,26.78,19711,0
GOOX.US,D,20240401,000000,27,28.37,27,28.2399,33170,0
GOOX.US,D,20240402,000000,27.66,28.06,27.15,28.025,92313,0
GOOX.US,D,20240403,000000,27.59,28.3,27.4608,28.19,38180,0
GOOX.US,D,20240404,000000,27.6,28.0317,26.55,26.5876,89192,0
GOOX.US,D,20240405,000000,26.5,27.59,26.5,27.25,19024,0
GOOX.US,D,20240408,000000,27.26,28.1807,27.26,28.09,19379,0
GOOX.US,D,20240409,000000,28.9,29.3599,28.3,28.79,67719,0
GOOX.US,D,20240410,000000,28.47,28.69,28.0715,28.62,57257,0
GOOX.US,D,20240411,000000,28.82,29.72,28.65,29.69,25022,0
GOOX.US,D,20240412,000000,29.4682,30,28.831,29.04,68661,0
GOOX.US,D,20240415,000000,29.4,29.56,27.92,27.92,44373,0
GOOX.US,D,20240416,000000,27.7,28.259,27.6,27.77,18554,0
GOOX.US,D,20240417,000000,28.7754,28.7754,27.961,28.15,10980,0
GOOX.US,D,20240418,000000,28.26,28.71,27.931,28.42,8383,0
GOOX.US,D,20240419,000000,28.27,28.27,27.15,27.62,41591,0
GOOX.US,D,20240422,000000,27.87,28.881,27.68,28.54,15350,0
GOOX.US,D,20240423,000000,29.05,29.36,28.8,29.18,11113,0
GOOX.US,D,20240424,000000,29.04,29.634,28.98,29.634,10128,0
GOOX.US,D,20240425,000000,26.73,28.5549,26.6,28.53,44674,0
GOOX.US,D,20240426,000000,35.11,35.11,33.45,34.16,71469,0
GOOX.US,D,20240429,000000,32.99,33.15,31.54,31.77,77239,0
GOOX.US,D,20240430,000000,31.91,32.435,30.49,30.49,42306,0
GOOX.US,D,20240501,000000,30.92,32.02,30.791,30.93,32720,0
GOOX.US,D,20240502,000000,31.21,31.97,31.21,31.92,13711,0
GOOX.US,D,20240503,000000,32.24,32.51,30.65,32.1595,48178,0
GOOX.US,D,20240506,000000,32.28,32.44,31.691,32.36,18067,0
GOOX.US,D,20240507,000000,32.93,33.8,32.8701,33.6427,20877,0
GOOX.US,D,20240508,000000,32.86,33.1599,32.84,32.84,15885,0
GOOX.US,D,20240509,000000,33.15,33.1974,32.5,33.12,60771,0
GOOX.US,D,20240510,000000,32.34,32.78,32.05,32.53,14130,0
GOOX.US,D,20240513,000000,30.97,32.71,30.8,32.71,18215,0
GOOX.US,D,20240514,000000,33,33.375,32.611,33.1684,21913,0
GOOX.US,D,20240515,000000,33.68,33.97,33.39,33.97,44984,0
GOOX.US,D,20240516,000000,34.28,34.83,34.23,34.63,6688,0
GOOX.US,D,20240517,000000,35.02,35.235,35.005,35.178,29367,0
GOOX.US,D,20240520,000000,35.37,36.26,35.37,35.5919,16942,0
GOOX.US,D,20240521,000000,35.66,36.1261,35.58,36.1261,5927,0
GOOX.US,D,20240522,000000,35.7,35.7,35,35.41,19674,0
GOOX.US,D,20240523,000000,35.941,35.941,34.12,34.3,9326,0
GOOX.US,D,20240524,000000,34.921,35,34.381,34.7502,7986,0
GOOX.US,D,20240528,000000,34.505,35.4376,34.505,35.3,7278,0
GOOX.US,D,20240529,000000,35.3,35.3,35.0536,35.0536,2037,0
GOOX.US,D,20240530,000000,34.499,34.499,33.5943,33.5943,5094,0
GOOX.US,D,20240531,000000,33.545,33.77,32.61,33.5952,11557,0
GOOX.US,D,20240603,000000,34.1378,34.2,33.23,33.79,20976,0
GOOX.US,D,20240604,000000,33.51,34,33.4817,34,5123,0
GOOX.US,D,20240605,000000,34.89,35.0986,34.35,34.7981,7578,0
GOOX.US,D,20240606,000000,35.29,35.3499,35.035,35.26,2140,0
GOOX.US,D,20240607,000000,35.6592,35.6592,34.4205,34.4205,9609,0
GOOX.US,D,20240610,000000,34.231,35.06,33.9,34.7221,24810,0
GOOX.US,D,20240611,000000,34.5522,35.2417,34.33,35.2417,26380,0
GOOX.US,D,20240612,000000,36.25,36.6801,35.359,35.9393,13973,0
GOOX.US,D,20240613,000000,34.97,35.36,34.7484,34.7484,10182,0
GOOX.US,D,20240614,000000,34.356,35.27,34.356,35.23,48493,0
GOOX.US,D,20240617,000000,34.739,35.88,34.6101,35.4669,8854,0
GOOX.US,D,20240618,000000,35.66,35.66,34.25,34.5607,8382,0
GOOX.US,D,20240620,000000,34.6421,35,34.6421,35,4628,0
GOOX.US,D,20240621,000000,35.44,36.82,35.385,36.08,17027,0
GOOX.US,D,20240624,000000,36.1,36.659,36.0444,36.182,11688,0
GOOX.US,D,20240625,000000,36.5,38.0286,36.5,38.0286,11419,0
GOOX.US,D,20240626,000000,37.451,38.139,37.401,37.98,6669,0
GOOX.US,D,20240627,000000,38.56,38.805,38.19,38.54,13786,0
GOOX.US,D,20240628,000000,37.94,38.4,37.218,37.218,39662,0
GOOX.US,D,20240701,000000,37.34,37.6,36.92,37.6,5146,0
GOOX.US,D,20240702,000000,37.191,38.349,37.12,38.349,5961,0
GOOX.US,D,20240703,000000,38.415,38.715,37.98,38.715,4572,0
GOOX.US,D,20240705,000000,39.814,40.68,39.814,40.56,13610,0
GOOX.US,D,20240708,000000,40.79,40.79,39.45,39.9491,13517,0
GOOX.US,D,20240709,000000,40.815,40.815,39.82,39.8987,13495,0
GOOX.US,D,20240710,000000,39.85,40.8999,39.85,40.8999,14842,0
GOOX.US,D,20240711,000000,40.61,40.61,38.35,38.605,17474,0
GOOX.US,D,20240712,000000,38.48,38.8187,38.12,38.229,23402,0
GOOX.US,D,20240715,000000,38,38.999,38,38.7407,5159,0
GOOX.US,D,20240716,000000,39.24,39.7076,37.65,37.7,10898,0
GOOX.US,D,20240717,000000,37.03,37.08,36.15,36.5239,10103,0
GOOX.US,D,20240718,000000,36.9605,36.9605,34.8,35.1599,22663,0
GOOX.US,D,20240719,000000,35.59,35.96,35.14,35.14,7364,0
GOOX.US,D,20240722,000000,36.45,37.11,36.3268,36.7296,12583,0
GOOX.US,D,20240723,000000,36.99,37.48,36.82,36.82,63117,0
GOOX.US,D,20240724,000000,33.84,34.52,32.84,33.06,48821,0
GOOX.US,D,20240725,000000,33.061,33.299,31.2,31.2,23652,0
GOOX.US,D,20240726,000000,30.4717,31.2735,29.951,30.8042,14181,0
GOOX.US,D,20240729,000000,31.59,32.19,31.38,31.76,10335,0
GOOX.US,D,20240730,000000,32,32.4399,31.645,32.1643,8958,0
GOOX.US,D,20240731,000000,33.32,33.51,32.25,32.6,41264,0
GOOX.US,D,20240801,000000,32.13,33.408,31.67,32.1966,7261,0
GOOX.US,D,20240802,000000,31.09,31.09,30.151,30.71,13126,0
GOOX.US,D,20240805,000000,26.56,29.41,26.56,27.87,25800,0
GOOX.US,D,20240806,000000,27.41,28.25,27.25,27.85,14012,0
GOOX.US,D,20240807,000000,29.2,29.2,27.8635,27.8635,3680,0
GOOX.US,D,20240808,000000,28.83,29.4399,28.83,28.99,3817,0
GOOX.US,D,20240809,000000,28.19,29.4501,28.0973,29.4501,3039,0
GOOX.US,D,20240812,000000,29.122,29.17,28.932,28.932,2370,0
GOOX.US,D,20240813,000000,29.62,29.695,29.29,29.6345,7752,0
GOOX.US,D,20240814,000000,29,29,27.5,28.3,12846,0
GOOX.US,D,20240815,000000,28.54,28.6701,28.095,28.5835,15378,0
GOOX.US,D,20240816,000000,28.7,29.96,28.7,29.1679,15523,0
GOOX.US,D,20240819,000000,30.08,30.437,29.74,30.437,20672,0
GOOX.US,D,20240820,000000,30.85,31.1665,30.6289,30.66,16443,0
GOOX.US,D,20240821,000000,29.9,30.43,29.9,30.18,10874,0
GOOX.US,D,20240822,000000,30.6,30.65,29.44,29.44,18472,0
GOOX.US,D,20240823,000000,29.614,30.21,29.61,30.08,8164,0
GOOX.US,D,20240826,000000,30.1,30.3179,30.07,30.1755,3495,0
GOOX.US,D,20240827,000000,30.01,30.2,29.5817,29.6115,3271,0
GOOX.US,D,20240828,000000,29.011,29.07,28.5304,29.07,6749,0
GOOX.US,D,20240829,000000,29.5,30.1181,28.5,28.6254,6409,0
GOOX.US,D,20240830,000000,29.0472,29.1266,28.67,29.1266,4694,0
GOOX.US,D,20240903,000000,28,28.13,26.585,26.7406,12497,0
GOOX.US,D,20240904,000000,26.43,27.4,26.43,26.5573,4612,0
GOOX.US,D,20240905,000000,26.36,27.3201,26.36,26.7032,4136,0
GOOX.US,D,20240906,000000,26.91,26.91,24.64,24.64,8480,0
GOOX.US,D,20240909,000000,24.99,25.34,23.419,23.7798,64222,0
GOOX.US,D,20240910,000000,24.5128,24.64,23.89,23.9551,10089,0
GOOX.US,D,20240911,000000,24.225,24.65,23.59,24.65,30274,0
GOOX.US,D,20240912,000000,25.56,25.73,25.2,25.6725,16445,0
GOOX.US,D,20240913,000000,26.179,26.84,26.14,26.62,29217,0
GOOX.US,D,20240916,000000,26.47,26.89,26.47,26.84,12810,0
GOOX.US,D,20240917,000000,27.22,27.58,27.02,27.24,13705,0
GOOX.US,D,20240918,000000,27.31,27.47,27.041,27.422,10623,0
GOOX.US,D,20240919,000000,28.555,28.645,28.041,28.26,13811,0
GOOX.US,D,20240920,000000,28.535,28.66,28.23,28.66,12827,0
GOOX.US,D,20240923,000000,29.22,29.22,28.1412,28.1412,14485,0
GOOX.US,D,20240924,000000,28.291,28.5999,27.86,28.2827,11406,0
GOOX.US,D,20240925,000000,28.15,28.4629,28.0501,28.0608,5785,0
GOOX.US,D,20240926,000000,28.85,28.85,28.356338,28.45,6826,0
GOOX.US,D,20240927,000000,28.34,29.469,28.34,28.866,21503,0
GOOX.US,D,20240930,000000,29.1075,29.5087,28.79,29.5087,11402,0
GOOX.US,D,20241001,000000,30.21,30.57,29.1,29.9066,38698,0
GOOX.US,D,20241002,000000,29.935,29.935,29.223,29.5713,7579,0
GOOX.US,D,20241003,000000,29.07,29.69,29.07,29.43,5533,0
GOOX.US,D,20241004,000000,30.09,30.11,29.43,29.94,9915,0
GOOX.US,D,20241007,000000,29.9001,29.9001,28.3655,28.3655,32677,0
GOOX.US,D,20241008,000000,28.9,28.91,28.4901,28.8926,8117,0
GOOX.US,D,20241009,000000,28.53,29.1,27.4799,27.9162,22745,0
GOOX.US,D,20241010,000000,27.91,28.305,27.65,27.995,34548,0
GOOX.US,D,20241011,000000,27.9,28.61,27.9,28.39,22788,0
GOOX.US,D,20241014,000000,29.22,29.499,28.71,29.06,7225,0
GOOX.US,D,20241015,000000,29.47,29.78,29.1768,29.1768,5190,0
GOOX.US,D,20241016,000000,28.85,29.1648,28.79,29.1648,4896,0
GOOX.US,D,20241017,000000,29.22,29.259,28.36,28.36,11902,0
GOOX.US,D,20241018,000000,28.65,28.82,28.546,28.546,4587,0
GOOX.US,D,20241021,000000,28.71,28.851,28.5,28.711,17852,0
GOOX.US,D,20241022,000000,28.75,29.34,28.7,29.179,6095,0
GOOX.US,D,20241023,000000,29.18,29.24,28.0701,28.2822,19102,0
GOOX.US,D,20241024,000000,27.92,28.529,27.92,28.26,5811,0
GOOX.US,D,20241025,000000,28.93,29.2899,28.555,29.15,26707,0
GOOX.US,D,20241028,000000,30.32,30.3399,28.8,29.6243,37665,0
GOOX.US,D,20241029,000000,29.8,30.859,29.72,30.6,149273,0
GOOX.US,D,20241030,000000,34.75,35.059,32.18,32.4,118926,0
GOOX.US,D,20241031,000000,31.85,33.14,31.1,31.1,45759,0
GOOX.US,D,20241101,000000,30.86,31.45,30.33,31.01,17628,0
GOOX.US,D,20241104,000000,30.58,30.58,29.85,30.28,20127,0
GOOX.US,D,20241105,000000,30.41,30.7439,30.26,30.52,17095,0
GOOX.US,D,20241106,000000,32,33.05,32,32.95,67820,0
GOOX.US,D,20241107,000000,33.34,34.41,33.3317,34.4,23503,0
GOOX.US,D,20241108,000000,33.79,34.0513,33.5075,33.5075,12174,0
GOOX.US,D,20241111,000000,33.6835,34.32,33.6835,34.1989,11566,0
GOOX.US,D,20241112,000000,34,35.01,33.89,34.7,18801,0
GOOX.US,D,20241113,000000,34.39,34.39,33.65,33.65,36470,0
GOOX.US,D,20241114,000000,33.3,33.44,32.1,32.47,21583,0
GOOX.US,D,20241115,000000,31.91,31.94,30.84,31.2,15392,0
GOOX.US,D,20241118,000000,31.59,32.28,31.52,32.28,15114,0
GOOX.US,D,20241119,000000,32.18,33.45,31.655,33.2864,9213,0
GOOX.US,D,20241120,000000,33,33.02,31.75,32.38,13408,0
GOOX.US,D,20241121,000000,30.7896,31.73,28.12,29.45,74528,0
GOOX.US,D,20241122,000000,28.7,29.0221,28.31,28.5525,36055,0
GOOX.US,D,20241125,000000,28.9,29.745,28.89,29.4566,35326,0
GOOX.US,D,20241126,000000,29.49,30.165,29.44,29.93,17758,0
GOOX.US,D,20241127,000000,29.91,30.03,29.75,29.93,22253,0
GOOX.US,D,20241129,000000,29.45,29.932736,29.35,29.78,23365,0
GOOX.US,D,20241202,000000,29.77,30.849,29.755,30.66,63607,0
GOOX.US,D,20241203,000000,30.9,30.93,30.5604,30.6688,22153,0
GOOX.US,D,20241204,000000,30.7243,31.8301,30.64,31.73,17560,0
GOOX.US,D,20241205,000000,31.97,32.14,31.01,31.13,14644,0
GOOX.US,D,20241206,000000,30.85,31.88,30.85,31.78,32162,0
GOOX.US,D,20241209,000000,31.381,32.3764,31.38,32.07,34968,0
GOOX.US,D,20241210,000000,34.63,36,34.3,35.56,132153,0
GOOX.US,D,20241211,000000,35.8,39.47,35.65,39.34,130240,0
GOOX.US,D,20241212,000000,39.04,39.36,38.02,38.14,73966,0
GOOX.US,D,20241213,000000,37.94,38.35,37.28,37.28,117774,0
GOOX.US,D,20241216,000000,38.55,40.79,38.2,39.87,84452,0
GOOX.US,D,20241217,000000,40.305,41.6661,39.31,39.47,52380,0
GOOX.US,D,20241218,000000,38.84,39.47,36.37,36.7,75331,0
GOOX.US,D,20241219,000000,37.99,38.3727,36.365,36.365,38930,0
GOOX.US,D,20241220,000000,35.18,38.0719,35.02,37.52,42704,0
GOOX.US,D,20241223,000000,38.49,38.95,37.25,38.83,51522,0
GOOX.US,D,20241224,000000,33.9,34.17,33.3082,34.17,72858,0
GOOX.US,D,20241226,000000,33.77,34.201,33.55,34.0499,17387,0
GOOX.US,D,20241227,000000,33.6342,33.77,32.26,32.94,23326,0
GOOX.US,D,20241230,000000,31.84,32.71,31.78,32.32,15134,0
GOOX.US,D,20241231,000000,32.5009,32.5203,31.37,31.61,17634,0
GOOX.US,D,20250102,000000,31.59,32.415,31.11,31.67,18439,0
GOOX.US,D,20250103,000000,32.629,32.88,31.9039,32.52,22336,0
GOOX.US,D,20250106,000000,33.642,34.53,33.17,34.15,37149,0
GOOX.US,D,20250107,000000,34.46,35.43,33.591,33.65,55202,0
GOOX.US,D,20250108,000000,32.671,33.841,32.67,33.18,20573,0
GOOX.US,D,20250110,000000,33.16,33.42,32.01,32.41,25721,0
