<TICKER>,<PER>,<DATE>,<TIME>,<OPEN>,<HIGH>,<LOW>,<CLOSE>,<VOL>,<OPENINT>
IOPP.US,D,20240306,000000,25.1599,25.2392,25.14,25.17,42263,0
IOPP.US,D,20240307,000000,25.25,25.33,25.15,25.3043,31919,0
IOPP.US,D,20240308,000000,25.35,25.35,25.275,25.2752,1063,0
IOPP.US,D,20240311,000000,24.97,24.97,24.88,24.885,5439,0
IOPP.US,D,20240312,000000,24.73,24.78,24.62,24.77,11253,0
IOPP.US,D,20240313,000000,24.19,24.19,24.11,24.18,3377,0
IOPP.US,D,20240314,000000,24.34,24.34,24.2274,24.2274,9451,0
IOPP.US,D,20240315,000000,24.25,24.25,24.15,24.1541,7339,0
IOPP.US,D,20240318,000000,24.18,24.24,24.18,24.222,1356,0
IOPP.US,D,20240319,000000,24.14,24.14,24.02,24.14,7717,0
IOPP.US,D,20240320,000000,24.09,24.22,24.09,24.22,194,0
IOPP.US,D,20240321,000000,24.54,24.56,24.51,24.52,4172,0
IOPP.US,D,20240322,000000,24.61,24.64,24.593,24.61,6033,0
IOPP.US,D,20240325,000000,24.69,24.69,24.655,24.655,721,0
IOPP.US,D,20240326,000000,24.865,24.865,24.8163,24.8163,4673,0
IOPP.US,D,20240327,000000,24.93,24.98,24.91,24.98,1603,0
IOPP.US,D,20240328,000000,25.07,25.081,25.03,25.07,3367,0
IOPP.US,D,20240401,000000,25.2665,25.2897,25.225,25.225,1061,0
IOPP.US,D,20240402,000000,25.3696,25.44,25.32,25.3649,10464,0
IOPP.US,D,20240403,000000,25.495,25.559,25.495,25.52,2213,0
IOPP.US,D,20240404,000000,25.7031,25.77,25.5459,25.5459,6573,0
IOPP.US,D,20240405,000000,25.6,25.75,25.595,25.66,8498,0
IOPP.US,D,20240408,000000,25.73,25.9,25.73,25.854,6810,0
IOPP.US,D,20240409,000000,25.84,25.86,25.806,25.846,3172,0
IOPP.US,D,20240410,000000,25.83,25.969,25.8,25.82,7991,0
IOPP.US,D,20240411,000000,25.852,25.9719,25.852,25.9719,544,0
IOPP.US,D,20240412,000000,26,26,25.865,25.865,21227,0
IOPP.US,D,20240415,000000,25.65,25.65,25.5845,25.5845,534,0
IOPP.US,D,20240416,000000,25.52,25.555,25.48,25.48,4405,0
IOPP.US,D,20240417,000000,25.34,25.4,25.34,25.365,6531,0
IOPP.US,D,20240418,000000,25.39,25.455,25.39,25.455,5030,0
IOPP.US,D,20240419,000000,25.44,25.44,25.4,25.4,2849,0
IOPP.US,D,20240422,000000,25.64,25.73,25.64,25.7172,4401,0
IOPP.US,D,20240423,000000,25.84,25.95,25.84,25.9373,4634,0
IOPP.US,D,20240424,000000,25.8,25.83,25.7716,25.825,4181,0
IOPP.US,D,20240425,000000,25.8,26.01,25.8,25.995,3160,0
IOPP.US,D,20240426,000000,26.08,26.08,26.04,26.0567,1941,0
IOPP.US,D,20240429,000000,25.87,25.97,25.87,25.9419,29909,0
IOPP.US,D,20240430,000000,25.98,25.98,25.841,25.8835,2439,0
IOPP.US,D,20240501,000000,25.89,25.9164,25.8719,25.8891,1429,0
IOPP.US,D,20240502,000000,25.9601,26.11,25.9601,26.11,912,0
IOPP.US,D,20240503,000000,25.959,25.9693,25.959,25.9693,1081,0
IOPP.US,D,20240506,000000,25.78,25.8,25.7653,25.7858,2989,0
IOPP.US,D,20240507,000000,25.669,25.7,25.645,25.6506,9132,0
IOPP.US,D,20240508,000000,25.8234,25.84,25.8234,25.8324,767,0
IOPP.US,D,20240509,000000,25.622,25.71,25.622,25.656,3190,0
IOPP.US,D,20240510,000000,25.595,25.595,25.595,25.595,238,0
IOPP.US,D,20240513,000000,26.71,26.71,25.542,25.595,5685,0
IOPP.US,D,20240514,000000,25.635,25.71,25.635,25.685,1665,0
IOPP.US,D,20240515,000000,25.69,25.8311,25.69,25.8311,7116,0
IOPP.US,D,20240516,000000,25.968,25.9884,25.968,25.9884,1076,0
IOPP.US,D,20240517,000000,26.32,26.32,26.3,26.3085,1008,0
IOPP.US,D,20240520,000000,26.33,26.46,26.33,26.4128,1539,0
IOPP.US,D,20240521,000000,26.31,26.31,26.131,26.205,939,0
IOPP.US,D,20240522,000000,26.165,26.193,26.1442,26.1442,457,0
IOPP.US,D,20240523,000000,26.4426,26.4426,26.4426,26.4426,154,0
IOPP.US,D,20240524,000000,26.55,26.55,26.55,26.55,53,0
IOPP.US,D,20240528,000000,26.27,26.27,26.1631,26.1631,2509,0
IOPP.US,D,20240529,000000,26.31,26.34,26.29,26.29,1115,0
IOPP.US,D,20240530,000000,26.11,26.16,26.11,26.16,587,0
IOPP.US,D,20240531,000000,26.21,26.21,26.1,26.1485,1518,0
IOPP.US,D,20240603,000000,26.5384,26.61,26.5384,26.6071,1178,0
IOPP.US,D,20240604,000000,25.51,25.65,25.463,25.6211,5466,0
IOPP.US,D,20240605,000000,26.16,26.285,26.16,26.285,2479,0
IOPP.US,D,20240606,000000,26.55,26.57,26.47,26.5484,1090,0
IOPP.US,D,20240607,000000,26.84,26.95,26.84,26.8444,4230,0
IOPP.US,D,20240610,000000,27.03,27.06,27.0133,27.0361,3112,0
IOPP.US,D,20240611,000000,27.0242,27.1,27.0242,27.1,1375,0
IOPP.US,D,20240612,000000,27.32,27.32,27.242,27.242,563,0
IOPP.US,D,20240613,000000,27.195,27.24,27.195,27.21,5265,0
IOPP.US,D,20240614,000000,27.415,27.5264,27.415,27.5264,236,0
IOPP.US,D,20240617,000000,27.52,27.582,27.52,27.582,1157,0
IOPP.US,D,20240618,000000,27.61,27.68,27.61,27.675,1081,0
IOPP.US,D,20240620,000000,27.44,27.47,27.4005,27.4575,2400,0
IOPP.US,D,20240621,000000,27.47,27.47,27.42,27.425,9281,0
IOPP.US,D,20240624,000000,27.73,27.73,27.584,27.6377,6016,0
IOPP.US,D,20240625,000000,27.6783,27.7,27.6487,27.68,1002,0
IOPP.US,D,20240626,000000,27.765,27.8116,27.765,27.8006,9717,0
IOPP.US,D,20240627,000000,27.95,27.99,27.95,27.95,4127,0
IOPP.US,D,20240628,000000,28.23,28.258,28.2,28.201,1296,0
IOPP.US,D,20240701,000000,28.51,28.5193,28.43,28.505,4289,0
IOPP.US,D,20240702,000000,28.3899,28.41,28.3474,28.3839,4209,0
IOPP.US,D,20240703,000000,28.39,28.45,28.39,28.4338,5942,0
IOPP.US,D,20240705,000000,28.4785,28.51,28.42,28.459,2368,0
IOPP.US,D,20240708,000000,28.44,28.44,28.3939,28.3939,1580,0
IOPP.US,D,20240709,000000,28.49,28.53,28.49,28.515,970,0
IOPP.US,D,20240710,000000,28.4,28.47,28.3901,28.445,16149,0
IOPP.US,D,20240711,000000,28.57,28.575,28.5,28.5031,2341,0
IOPP.US,D,20240712,000000,28.49,28.5285,28.49,28.5285,680,0
IOPP.US,D,20240715,000000,28.55,28.5812,28.525,28.54,3618,0
IOPP.US,D,20240716,000000,28.61,28.69,28.61,28.64,7190,0
IOPP.US,D,20240717,000000,28.6099,28.63,28.59,28.59,5867,0
IOPP.US,D,20240718,000000,28.6,28.6,28.48,28.5139,1884,0
IOPP.US,D,20240719,000000,28.26,28.26,28.2,28.21,2890,0
IOPP.US,D,20240722,000000,28.3799,28.432,28.36,28.3901,3633,0
IOPP.US,D,20240723,000000,28.37,28.56,28.17,28.2456,5526,0
IOPP.US,D,20240724,000000,28.6096,28.6096,28.455,28.455,3569,0
IOPP.US,D,20240725,000000,28.7402,28.82,28.7175,28.7175,3425,0
IOPP.US,D,20240726,000000,29.192,29.24,29.192,29.2056,1100,0
IOPP.US,D,20240729,000000,29.23,29.266,29.2,29.266,4399,0
IOPP.US,D,20240730,000000,29.22,29.22,29.17,29.2141,4033,0
IOPP.US,D,20240731,000000,29.13,29.21,29.13,29.1973,4956,0
IOPP.US,D,20240801,000000,28.99,28.99,28.83,28.8617,3789,0
IOPP.US,D,20240802,000000,28.82,28.82,28.76,28.8092,1619,0
IOPP.US,D,20240805,000000,28.1,28.255,27.74,28.1221,6190,0
IOPP.US,D,20240806,000000,28.23,28.39,28.23,28.2865,4492,0
IOPP.US,D,20240807,000000,28.59,28.59,28.5121,28.5121,622,0
IOPP.US,D,20240808,000000,28.87,28.879,28.71,28.8173,5110,0
IOPP.US,D,20240809,000000,28.735,28.855,28.735,28.826,858,0
IOPP.US,D,20240812,000000,28.98,28.99,28.92,28.9457,2351,0
IOPP.US,D,20240813,000000,28.87,28.9,28.77,28.8555,2354,0
IOPP.US,D,20240814,000000,28.99,29.002,28.975,28.975,1283,0
IOPP.US,D,20240815,000000,29.11,29.264,29.11,29.225,4392,0
IOPP.US,D,20240816,000000,29.66,29.72,29.6499,29.6624,5397,0
IOPP.US,D,20240819,000000,29.93,29.93,29.8642,29.8703,4254,0
IOPP.US,D,20240820,000000,29.87,29.88,29.85,29.8797,2908,0
IOPP.US,D,20240821,000000,29.8444,29.91,29.8444,29.89,2438,0
IOPP.US,D,20240822,000000,29.89,29.89,29.8245,29.8245,693,0
IOPP.US,D,20240823,000000,30.175,30.2954,30.175,30.2954,5602,0
IOPP.US,D,20240826,000000,30.5,30.5,30.16,30.178,4382,0
IOPP.US,D,20240827,000000,30.11,30.2,30.11,30.1854,3151,0
IOPP.US,D,20240828,000000,30.0772,30.13,30.045,30.045,2250,0
IOPP.US,D,20240829,000000,30.1,30.14,30.0533,30.0533,5438,0
IOPP.US,D,20240830,000000,30.34,30.36,30.315,30.36,1598,0
IOPP.US,D,20240903,000000,30.37,30.37,30.2278,30.2278,2104,0
IOPP.US,D,20240904,000000,30.3698,30.3698,30.21,30.21,5037,0
IOPP.US,D,20240905,000000,30.5558,30.5634,30.5396,30.5634,890,0
IOPP.US,D,20240906,000000,30.48,30.48,30.24,30.2823,2728,0
IOPP.US,D,20240909,000000,30.39,30.4599,30.39,30.395,2290,0
IOPP.US,D,20240910,000000,30.48,30.555,30.47,30.555,2365,0
IOPP.US,D,20240911,000000,30.48,30.6091,30.392,30.6091,2571,0
IOPP.US,D,20240912,000000,30.84,30.92,30.83,30.9063,1900,0
IOPP.US,D,20240913,000000,30.9553,31.01,30.95,31.0023,3481,0
IOPP.US,D,20240916,000000,31,31.0844,30.99,31.0844,5148,0
IOPP.US,D,20240917,000000,31.07,31.07,30.945,30.995,52291,0
IOPP.US,D,20240918,000000,31.01,31.07,30.98,30.9896,3388,0
IOPP.US,D,20240919,000000,31.1667,31.26,31.1667,31.2408,3609,0
IOPP.US,D,20240920,000000,31.81,31.81,31.59,31.6778,6522,0
IOPP.US,D,20240923,000000,31.91,31.9445,31.89,31.935,14473,0
IOPP.US,D,20240924,000000,31.87,31.87,31.745,31.7861,3642,0
IOPP.US,D,20240925,000000,31.84,31.862,31.7851,31.7851,3323,0
IOPP.US,D,20240926,000000,31.83,31.83,31.77,31.7982,5775,0
IOPP.US,D,20240927,000000,31.7,31.71,31.6388,31.6401,14388,0
IOPP.US,D,20240930,000000,31.45,31.74,31.2505,31.3492,16100,0
IOPP.US,D,20241001,000000,31.45,31.45,31.11,31.17,12750,0
IOPP.US,D,20241002,000000,31.27,31.305,31.2,31.305,4346,0
IOPP.US,D,20241003,000000,30.95,30.95,30.8596,30.8919,6283,0
IOPP.US,D,20241004,000000,30.73,30.76,30.6,30.7101,10883,0
IOPP.US,D,20241007,000000,31,31,30.1,30.1114,12563,0
IOPP.US,D,20241008,000000,30.78,30.91,30.6712,30.91,81614,0
IOPP.US,D,20241009,000000,30.92,31.09,30.92,31.0851,1575,0
IOPP.US,D,20241010,000000,30.85,30.92,30.82,30.92,7408,0
IOPP.US,D,20241011,000000,31,31,30.78,30.92,3575,0
IOPP.US,D,20241014,000000,30.9628,31.0365,30.9628,31.0365,4086,0
IOPP.US,D,20241015,000000,31,31,30.9474,30.9474,5351,0
IOPP.US,D,20241016,000000,30.78,30.83,30.72,30.82,5550,0
IOPP.US,D,20241017,000000,30.275,30.275,30.092,30.17,12498,0
IOPP.US,D,20241018,000000,30.09,30.135,30.09,30.125,2798,0
IOPP.US,D,20241021,000000,29.98,30.01,29.94,30.01,4521,0
IOPP.US,D,20241022,000000,29.67,29.68,29.57,29.6771,5513,0
IOPP.US,D,20241023,000000,29.8316,29.86,29.7825,29.814,6070,0
IOPP.US,D,20241024,000000,29.65,29.67,29.64,29.6495,7039,0
IOPP.US,D,20241025,000000,29.37,29.42,29.3,29.3277,8624,0
IOPP.US,D,20241028,000000,29.35,29.531,29.35,29.4859,5233,0
IOPP.US,D,20241029,000000,29.42,29.47,29.4,29.45,5397,0
IOPP.US,D,20241030,000000,29.68,29.68,29.67,29.6705,1763,0
IOPP.US,D,20241031,000000,29.77,29.77,29.5332,29.595,4634,0
IOPP.US,D,20241101,000000,29.835,29.835,29.61,29.61,4893,0
IOPP.US,D,20241104,000000,29.38,29.385,29.3082,29.3082,4895,0
IOPP.US,D,20241105,000000,29.4334,29.4899,29.4334,29.4451,4487,0
IOPP.US,D,20241106,000000,29.5955,29.729,29.59,29.6842,5921,0
IOPP.US,D,20241107,000000,29.53,29.57,29.43,29.57,12674,0
IOPP.US,D,20241108,000000,29.21,29.38,29.21,29.2975,17263,0
IOPP.US,D,20241111,000000,29.285,29.33,29.24,29.2727,3999,0
IOPP.US,D,20241112,000000,29.01,29.01,28.37,28.51,17855,0
IOPP.US,D,20241113,000000,28.25,28.45,28.25,28.39,9846,0
IOPP.US,D,20241114,000000,28.464,28.464,28.3201,28.3292,6021,0
IOPP.US,D,20241115,000000,28.24,28.24,28.1,28.1261,4734,0
IOPP.US,D,20241118,000000,28.22,28.275,28.22,28.2256,3967,0
IOPP.US,D,20241119,000000,28.21,28.565,28.21,28.535,2151,0
IOPP.US,D,20241120,000000,28.46,28.543,28.46,28.5341,1291,0
IOPP.US,D,20241121,000000,28.3135,28.42,28.3135,28.42,5616,0
IOPP.US,D,20241122,000000,28.7501,28.81,28.55,28.79,50660,0
IOPP.US,D,20241125,000000,29.0414,29.13,29.0414,29.115,3133,0
IOPP.US,D,20241127,000000,29.41,29.41,29.3,29.325,1613,0
IOPP.US,D,20241202,000000,29.15,29.2,29.1,29.1929,6564,0
IOPP.US,D,20241203,000000,29.17,29.23,29.16,29.1761,2275,0
IOPP.US,D,20241204,000000,29.13,29.22,29.13,29.1808,4274,0
IOPP.US,D,20241205,000000,29.46,29.46,29.43,29.4557,1480,0
IOPP.US,D,20241206,000000,29.62,29.62,29.54,29.5669,2022,0
IOPP.US,D,20241209,000000,29.57,29.5929,29.5073,29.5073,2480,0
IOPP.US,D,20241210,000000,29.66,29.68,29.5915,29.5915,2567,0
IOPP.US,D,20241211,000000,29.71,29.76,29.6801,29.714,3298,0
IOPP.US,D,20241212,000000,29.476,29.53,29.3816,29.3816,3567,0
IOPP.US,D,20241213,000000,29.7677,29.78,29.6722,29.6959,4026,0
IOPP.US,D,20241216,000000,29.9,29.94,29.69,29.8683,4790,0
IOPP.US,D,20241217,000000,29.57,29.728,29.57,29.674,17628,0
IOPP.US,D,20241218,000000,29.59,29.59,29.2,29.2096,4378,0
IOPP.US,D,20241219,000000,29.29,29.29,29.2296,29.2296,1195,0
IOPP.US,D,20241220,000000,29.049,29.13,29.0422,29.0809,4296,0
IOPP.US,D,20241223,000000,27.1,27.1,27,27.0974,3598,0
IOPP.US,D,20241224,000000,27.1,27.1489,27.095,27.1489,3502,0
IOPP.US,D,20241226,000000,27.11,27.11,26.99,26.995,2056,0
IOPP.US,D,20241227,000000,27.0043,27.0043,26.9794,26.995,544,0
IOPP.US,D,20241230,000000,26.91,26.96,26.7,26.8104,4262,0
IOPP.US,D,20241231,000000,26.88,26.9,26.77,26.8,6594,0
IOPP.US,D,20250102,000000,27.2145,27.24,27.13,27.1341,3212,0
IOPP.US,D,20250103,000000,27.292,27.292,27.25,27.285,3140,0
IOPP.US,D,20250106,000000,26.9572,26.9572,26.9113,26.9113,1757,0
IOPP.US,D,20250107,000000,26.933,26.96,26.785,26.785,3240,0
IOPP.US,D,20250108,000000,26.675,26.6903,26.64,26.6701,10779,0
IOPP.US,D,20250110,000000,26.221,26.221,26.11,26.221,36480,0
