<TICKER>,<PER>,<DATE>,<TIME>,<OPEN>,<HIGH>,<LOW>,<CLOSE>,<VOL>,<OPENINT>
JCHI.US,D,20230317,000000,48.86,48.86,48.52,48.6502,10450,0
JCHI.US,D,20230320,000000,47.8339,48.08,47.7691,48.0067,7046,0
JCHI.US,D,20230321,000000,48.84,48.96,48.82,48.8685,4163,0
JCHI.US,D,20230322,000000,49.03,49.24,49.03,49.2017,7817,0
JCHI.US,D,20230323,000000,50.58,50.58,50.09,50.325,28530,0
JCHI.US,D,20230324,000000,49.775,49.8999,49.66,49.7921,1953,0
JCHI.US,D,20230327,000000,48.9764,48.9764,48.9764,48.9764,120,0
JCHI.US,D,20230328,000000,49.4,50.0284,49.37,50.0284,16053,0
JCHI.US,D,20230329,000000,50.1283,50.1283,49.9869,49.9869,305,0
JCHI.US,D,20230330,000000,50.9,50.93,50.8916,50.8916,394,0
JCHI.US,D,20230331,000000,50.4,50.509,50.38,50.509,262,0
JCHI.US,D,20230403,000000,50.7,50.7,50.5249,50.6177,957,0
JCHI.US,D,20230404,000000,50.48,50.58,50.3,50.5088,770,0
JCHI.US,D,20230405,000000,50.54,50.54,49.9,50.1076,1667,0
JCHI.US,D,20230406,000000,50.215,50.3508,50.215,50.3508,208,0
JCHI.US,D,20230410,000000,49.94,50.0583,49.94,50.0583,1279,0
JCHI.US,D,20230411,000000,50.22,50.22,49.9976,49.9976,203,0
JCHI.US,D,20230412,000000,49.68,49.68,48.76,48.8816,2212,0
JCHI.US,D,20230413,000000,49.77,49.77,49.7039,49.7039,357,0
JCHI.US,D,20230414,000000,49.403,49.403,49.15,49.2185,2563,0
JCHI.US,D,20230417,000000,49.9,50.026,49.7,50.0158,3362,0
JCHI.US,D,20230418,000000,50.38,50.38,49.88,50.0645,1328,0
JCHI.US,D,20230419,000000,49.61,49.6168,49.39,49.6168,1260,0
JCHI.US,D,20230420,000000,49.5271,49.5271,49.27,49.3365,252,0
JCHI.US,D,20230421,000000,48.4,48.48,48.27,48.425,3636,0
JCHI.US,D,20230424,000000,47.78,47.78,47.5871,47.5871,1232,0
JCHI.US,D,20230425,000000,46.49,46.69,46.4,46.5091,1625,0
JCHI.US,D,20230426,000000,47.0395,47.0395,47.0395,47.0395,101,0
JCHI.US,D,20230427,000000,47.42,47.5674,47.42,47.5674,1429,0
JCHI.US,D,20230428,000000,48.11,48.11,47.8123,47.8123,134,0
JCHI.US,D,20230501,000000,47.5805,47.5805,47.5805,47.5805,112,0
JCHI.US,D,20230502,000000,47.02,47.1295,47.01,47.1295,2108,0
JCHI.US,D,20230503,000000,47.03,47.1226,47.0176,47.0176,303,0
JCHI.US,D,20230504,000000,47.755,47.755,47.755,47.755,1,0
JCHI.US,D,20230505,000000,48.0343,48.0343,48.0343,48.0343,4,0
JCHI.US,D,20230508,000000,47.9715,47.9715,47.9715,47.9715,1,0
JCHI.US,D,20230509,000000,47.3751,47.3751,47.3751,47.3751,1,0
JCHI.US,D,20230510,000000,47.02,47.1894,47.02,47.1894,168,0
JCHI.US,D,20230511,000000,47.3103,47.3103,47.3103,47.3103,176,0
JCHI.US,D,20230512,000000,46.5,46.5,46.1824,46.1824,230,0
JCHI.US,D,20230515,000000,47.7572,47.7572,47.7572,47.7572,12,0
JCHI.US,D,20230516,000000,47.2298,47.2298,47.2298,47.2298,176,0
JCHI.US,D,20230517,000000,46.7345,46.7345,46.7345,46.7345,8,0
JCHI.US,D,20230518,000000,45.94,46.1046,45.94,46.1046,631,0
JCHI.US,D,20230519,000000,46.1973,46.1973,46.1973,46.1973,26,0
JCHI.US,D,20230522,000000,46.785,46.785,46.6942,46.6942,551,0
JCHI.US,D,20230523,000000,45.879,45.879,45.6256,45.6256,176,0
JCHI.US,D,20230524,000000,45.4,45.4,44.994,45.0416,3593,0
JCHI.US,D,20230525,000000,44.84,44.84,44.424,44.424,509,0
JCHI.US,D,20230526,000000,45.06,45.06,44.9417,44.9417,412,0
JCHI.US,D,20230530,000000,43.6633,43.6633,43.6633,43.6633,226,0
JCHI.US,D,20230531,000000,43.22,43.4396,43.22,43.4396,291,0
JCHI.US,D,20230601,000000,43.44,44.2963,43.44,44.2963,112,0
JCHI.US,D,20230602,000000,45.5,45.5,45.3938,45.3938,181,0
JCHI.US,D,20230605,000000,45,45.21,44.93,45.12,1234,0
JCHI.US,D,20230606,000000,45.5382,45.5382,45.5382,45.5382,3,0
JCHI.US,D,20230607,000000,45.2,45.2,45.0289,45.0289,146,0
JCHI.US,D,20230608,000000,45.5491,45.5491,45.5491,45.5491,7,0
JCHI.US,D,20230609,000000,45.7,45.7,45.5,45.5,257,0
JCHI.US,D,20230612,000000,45.74,45.83,45.6356,45.6356,437,0
JCHI.US,D,20230613,000000,46.1747,46.1747,46.1747,46.1747,46,0
JCHI.US,D,20230614,000000,46.7518,46.7518,46.7518,46.7518,45,0
JCHI.US,D,20230615,000000,47.824,47.824,47.824,47.824,23,0
JCHI.US,D,20230616,000000,47.85,47.85,47.65,47.65,754,0
JCHI.US,D,20230620,000000,46.5,46.5,45.74,45.9306,1310,0
JCHI.US,D,20230621,000000,45.4654,45.4654,45.4654,45.4654,32,0
JCHI.US,D,20230622,000000,45.25,45.3267,45.25,45.3267,100,0
JCHI.US,D,20230623,000000,44.73,45,44.3,44.5511,2762,0
JCHI.US,D,20230626,000000,44.49,44.569,44.4847,44.4847,404,0
JCHI.US,D,20230627,000000,45.4844,45.4844,45.4844,45.4844,10,0
JCHI.US,D,20230628,000000,45.18,45.285,45.1799,45.2807,1930,0
JCHI.US,D,20230629,000000,44.6163,44.6163,44.6163,44.6163,80,0
JCHI.US,D,20230630,000000,44.9301,44.9301,44.9301,44.9301,190,0
JCHI.US,D,20230703,000000,45.7,45.71,45.35,45.4101,1117,0
JCHI.US,D,20230705,000000,44.79,44.8028,44.79,44.8028,104,0
JCHI.US,D,20230706,000000,44.15,44.15,43.87,43.9804,533,0
JCHI.US,D,20230707,000000,44.62,44.6925,44.6199,44.6925,1465,0
JCHI.US,D,20230710,000000,44.8674,44.8674,44.8674,44.8674,11,0
JCHI.US,D,20230711,000000,45.0291,45.0291,45.0291,45.0291,29,0
JCHI.US,D,20230712,000000,45.85,46.19,45.84,46.0617,1167,0
JCHI.US,D,20230713,000000,46.8017,46.8017,46.8017,46.8017,61,0
JCHI.US,D,20230714,000000,46.44,46.44,46.1891,46.1891,351,0
JCHI.US,D,20230717,000000,45.7,45.8338,45.7,45.8338,102,0
JCHI.US,D,20230718,000000,44.9947,44.9947,44.9947,44.9947,61,0
JCHI.US,D,20230719,000000,45.2071,45.2071,45.2071,45.2071,61,0
JCHI.US,D,20230720,000000,45.18,45.18,45.0629,45.0629,203,0
JCHI.US,D,20230721,000000,44.9494,44.9494,44.9494,44.9494,58,0
JCHI.US,D,20230724,000000,45.19,45.7819,45.19,45.7819,332,0
JCHI.US,D,20230725,000000,47.05,47.05,46.6482,46.6482,134,0
JCHI.US,D,20230726,000000,46.9886,46.9886,46.9886,46.9886,26,0
JCHI.US,D,20230727,000000,46.1872,46.1872,46.1872,46.1872,5,0
JCHI.US,D,20230728,000000,48.7014,48.7014,48.7014,48.7014,39,0
JCHI.US,D,20230731,000000,48.9264,48.9264,48.9264,48.9264,4,0
JCHI.US,D,20230801,000000,47.8417,47.8417,47.8417,47.8417,85,0
JCHI.US,D,20230802,000000,46.8701,46.8701,46.8701,46.8701,9,0
JCHI.US,D,20230803,000000,48.0356,48.0356,48.0356,48.0356,1,0
JCHI.US,D,20230804,000000,47.553,47.553,47.553,47.553,8,0
JCHI.US,D,20230807,000000,46.95,46.99,46.95,46.97,5800,0
JCHI.US,D,20230808,000000,46.01,46.39,46.01,46.35,10812,0
JCHI.US,D,20230809,000000,46.65,46.65,46.46,46.47,4600,0
JCHI.US,D,20230810,000000,46.63,46.63,46.63,46.63,884,0
JCHI.US,D,20230811,000000,45.08,45.1835,45,45.1835,1385,0
JCHI.US,D,20230814,000000,44.9152,44.9965,44.9,44.9965,402,0
JCHI.US,D,20230815,000000,44.2435,44.2435,44.2435,44.2435,50,0
JCHI.US,D,20230816,000000,43.55,43.5766,43.55,43.5766,478,0
JCHI.US,D,20230817,000000,43.9676,43.9676,43.9676,43.9676,9,0
JCHI.US,D,20230818,000000,42.93,43.01,42.93,43.01,246,0
JCHI.US,D,20230821,000000,42.77,42.7725,42.74,42.7725,412,0
JCHI.US,D,20230822,000000,42.5646,42.5646,42.5646,42.5646,11,0
JCHI.US,D,20230823,000000,42.7754,42.7754,42.7754,42.7754,10,0
JCHI.US,D,20230824,000000,42.9646,42.9646,42.9646,42.9646,10,0
JCHI.US,D,20230825,000000,42.85,42.85,42.54,42.7277,736,0
JCHI.US,D,20230828,000000,43.5496,43.5496,43.5496,43.5496,12,0
JCHI.US,D,20230829,000000,44.1774,44.1774,44.1774,44.1774,3,0
JCHI.US,D,20230830,000000,43.97,43.9937,43.9676,43.9676,507,0
JCHI.US,D,20230831,000000,43.7685,43.7685,43.7685,43.7685,2,0
JCHI.US,D,20230901,000000,44.5725,44.5725,44.5725,44.5725,80,0
JCHI.US,D,20230905,000000,44.1535,44.1535,44.1535,44.1535,10,0
JCHI.US,D,20230906,000000,43.9978,43.9978,43.9978,43.9978,2,0
JCHI.US,D,20230907,000000,42.6436,42.7447,42.6436,42.7447,406,0
JCHI.US,D,20230908,000000,42.6022,42.6022,42.6022,42.6022,4,0
JCHI.US,D,20230911,000000,43.2381,43.2381,43.2381,43.2381,35,0
JCHI.US,D,20230912,000000,43.2127,43.2127,43.2127,43.2127,21,0
JCHI.US,D,20230913,000000,42.9588,42.9588,42.9588,42.9588,2,0
JCHI.US,D,20230914,000000,42.98,42.98,42.98,42.98,20,0
JCHI.US,D,20230915,000000,42.7299,42.73,42.6387,42.6387,303,0
JCHI.US,D,20230918,000000,42.8,42.81,42.7485,42.7499,3964,0
JCHI.US,D,20230919,000000,42.6545,42.6545,42.6545,42.6545,20,0
JCHI.US,D,20230920,000000,42.3962,42.3962,42.3962,42.3962,79,0
JCHI.US,D,20230921,000000,41.6958,41.6958,41.6958,41.6958,144,0
JCHI.US,D,20230922,000000,42.9451,42.9451,42.9451,42.9451,27,0
JCHI.US,D,20230925,000000,42.412,42.412,42.412,42.412,3,0
JCHI.US,D,20230926,000000,41.9854,41.9854,41.9854,41.9854,144,0
JCHI.US,D,20230927,000000,42.0905,42.0905,42.0905,42.0905,144,0
JCHI.US,D,20230928,000000,42.0009,42.0009,42.0009,42.0009,1,0
JCHI.US,D,20230929,000000,42.2886,42.2886,42.2886,42.2886,1,0
JCHI.US,D,20231002,000000,42.0674,42.0674,42.0674,42.0674,1,0
JCHI.US,D,20231003,000000,41.3855,41.3855,41.3855,41.3855,1,0
JCHI.US,D,20231004,000000,41.1294,41.1294,41.1294,41.1294,1,0
JCHI.US,D,20231005,000000,41.3652,41.3652,41.3652,41.3652,1,0
JCHI.US,D,20231006,000000,41.9965,41.9965,41.9965,41.9965,1,0
JCHI.US,D,20231009,000000,41.9803,41.9803,41.9803,41.9803,1,0
JCHI.US,D,20231010,000000,42.5829,42.5829,42.5829,42.5829,2,0
JCHI.US,D,20231011,000000,42.92,42.9635,42.92,42.9635,400,0
JCHI.US,D,20231012,000000,42.3959,42.3959,42.3959,42.3959,98,0
JCHI.US,D,20231013,000000,41.79,41.93,41.76,41.7977,7001,0
JCHI.US,D,20231016,000000,41.8147,41.8147,41.8147,41.8147,98,0
JCHI.US,D,20231017,000000,41.6,41.6,41.6,41.6,98,0
JCHI.US,D,20231018,000000,41.05,41.05,40.8194,40.8194,524,0
JCHI.US,D,20231019,000000,40.21,40.34,40.12,40.12,2818,0
JCHI.US,D,20231020,000000,40.02,40.02,39.6342,39.6342,1125,0
JCHI.US,D,20231023,000000,39.61,39.9974,39.61,39.9974,8018,0
JCHI.US,D,20231024,000000,40.58,40.9091,40.58,40.9091,1005,0
JCHI.US,D,20231025,000000,40.33,40.33,40.2626,40.2626,124,0
JCHI.US,D,20231026,000000,40.14,40.3055,40.14,40.3055,850,0
JCHI.US,D,20231027,000000,40.59,40.5901,40.545,40.545,2601,0
JCHI.US,D,20231030,000000,41.3123,41.3123,41.3123,41.3123,18,0
JCHI.US,D,20231031,000000,40.7711,40.7711,40.7711,40.7711,10,0
JCHI.US,D,20231101,000000,40.7371,40.7371,40.7371,40.7371,2,0
JCHI.US,D,20231102,000000,40.9722,40.9722,40.9722,40.9722,1,0
JCHI.US,D,20231103,000000,42.0036,42.0036,42.0036,42.0036,5,0
JCHI.US,D,20231106,000000,42.1366,42.1366,42.1366,42.1366,2,0
JCHI.US,D,20231107,000000,41.8994,41.8994,41.8994,41.8994,2,0
JCHI.US,D,20231108,000000,41.6608,41.6608,41.6608,41.6608,2,0
JCHI.US,D,20231109,000000,41.2485,41.2485,41.2485,41.2485,1,0
JCHI.US,D,20231110,000000,41.2072,41.2072,41.2072,41.2072,1,0
JCHI.US,D,20231113,000000,41.5838,41.5838,41.5838,41.5838,2,0
JCHI.US,D,20231114,000000,42.4382,42.4382,42.4382,42.4382,75,0
JCHI.US,D,20231115,000000,43.1806,43.1806,43.1806,43.1806,245,0
JCHI.US,D,20231116,000000,41.7709,41.7709,41.7709,41.7709,8,0
JCHI.US,D,20231117,000000,41.8653,41.8653,41.8653,41.8653,2,0
JCHI.US,D,20231120,000000,42.75,42.75,42.6846,42.6846,120,0
JCHI.US,D,20231121,000000,42.1517,42.1517,42.1517,42.1517,1,0
JCHI.US,D,20231122,000000,41.895,41.9461,41.895,41.9461,120,0
JCHI.US,D,20231124,000000,42.0758,42.0758,42.0758,42.0758,349,0
JCHI.US,D,20231127,000000,41.6684,41.6684,41.6684,41.6684,9,0
JCHI.US,D,20231128,000000,41.44,41.5352,41.44,41.5352,250,0
JCHI.US,D,20231129,000000,40.98,40.98,40.8449,40.8449,1426,0
JCHI.US,D,20231130,000000,40.9978,40.9978,40.9978,40.9978,1,0
JCHI.US,D,20231201,000000,40.6326,40.6326,40.6326,40.6326,7,0
JCHI.US,D,20231204,000000,39.8084,39.8084,39.8084,39.8084,130,0
JCHI.US,D,20231205,000000,38.85,39.044,38.85,39.044,496,0
JCHI.US,D,20231206,000000,39.15,39.15,39.0171,39.0171,350,0
JCHI.US,D,20231207,000000,39.02,39.02,39.02,39.02,4,0
JCHI.US,D,20231208,000000,38.7866,38.7866,38.7866,38.7866,26,0
JCHI.US,D,20231211,000000,39.1215,39.1215,39.1215,39.1215,4,0
JCHI.US,D,20231212,000000,39.1733,39.1733,39.1733,39.1733,2,0
JCHI.US,D,20231213,000000,38.61,38.9905,38.405,38.9905,1628,0
JCHI.US,D,20231214,000000,39.4301,39.4301,39.4301,39.4301,50,0
JCHI.US,D,20231215,000000,39.195,39.195,39.1162,39.1162,155,0
JCHI.US,D,20231218,000000,38.83,38.83,38.83,38.83,109,0
JCHI.US,D,20231219,000000,38.344,38.3868,38.344,38.3868,821,0
JCHI.US,D,20231220,000000,37.5503,37.5503,37.5503,37.5503,286,0
JCHI.US,D,20231221,000000,38.5857,38.5857,38.5857,38.5857,4,0
JCHI.US,D,20231222,000000,37.7964,37.7964,37.7964,37.7964,53,0
JCHI.US,D,20231226,000000,37.8676,37.8676,37.8676,37.8676,27,0
JCHI.US,D,20231227,000000,37.85,37.85,37.76,37.8305,1150,0
JCHI.US,D,20231228,000000,38.94,38.94,38.8762,38.8762,643,0
JCHI.US,D,20231229,000000,38.64,39.1637,38.64,39.1637,164,0
JCHI.US,D,20240102,000000,38.25,38.258,38.25,38.258,203,0
JCHI.US,D,20240103,000000,38.505,38.58,38.505,38.5145,459,0
JCHI.US,D,20240104,000000,37.975,37.975,37.88,37.9435,2799,0
JCHI.US,D,20240105,000000,37.9001,37.9438,37.7842,37.7842,442,0
JCHI.US,D,20240108,000000,37.315,37.3455,37.315,37.3455,223,0
JCHI.US,D,20240109,000000,36.8525,36.8525,36.8525,36.8525,100,0
JCHI.US,D,20240110,000000,36.96,36.96,36.8903,36.8903,196,0
JCHI.US,D,20240111,000000,37.18,37.2987,37.18,37.2987,650,0
JCHI.US,D,20240112,000000,37.44,37.46,37.361,37.361,1165,0
JCHI.US,D,20240116,000000,36.6,36.6,36.5422,36.5422,193,0
JCHI.US,D,20240117,000000,35.48,35.69,35.48,35.6442,760,0
JCHI.US,D,20240118,000000,35.8601,36.0022,35.8601,35.9739,964,0
JCHI.US,D,20240119,000000,35.89,36.2867,35.731,36.2867,1040,0
JCHI.US,D,20240122,000000,35.2,35.4998,35.2,35.4998,617,0
JCHI.US,D,20240123,000000,36.38,36.62,36.36,36.5771,2166,0
JCHI.US,D,20240124,000000,37.67,37.67,37.52,37.5591,1960,0
JCHI.US,D,20240125,000000,37.54,37.54,37.36,37.4567,889,0
JCHI.US,D,20240126,000000,37.19,37.26,37.1602,37.1602,714,0
JCHI.US,D,20240129,000000,36.61,36.61,36.37,36.5561,730,0
JCHI.US,D,20240130,000000,35.63,35.81,35.63,35.7681,2895,0
JCHI.US,D,20240131,000000,35.5,35.5404,35.5,35.5404,270,0
JCHI.US,D,20240201,000000,35.8443,35.8443,35.8443,35.8443,39,0
JCHI.US,D,20240202,000000,35.09,35.09,35.0738,35.0738,649,0
JCHI.US,D,20240205,000000,35.72,35.72,35.72,35.72,54,0
JCHI.US,D,20240206,000000,37.45,37.6063,37.45,37.6063,421,0
JCHI.US,D,20240207,000000,37.5199,37.5199,37.31,37.4293,1089,0
JCHI.US,D,20240208,000000,36.7553,36.7553,36.7553,36.7553,11,0
JCHI.US,D,20240209,000000,36.5486,36.9749,36.5486,36.9749,203,0
JCHI.US,D,20240212,000000,37.72,37.72,37.4923,37.4923,1652,0
JCHI.US,D,20240213,000000,36.89,36.8954,36.89,36.8954,253,0
JCHI.US,D,20240214,000000,37.225,37.3649,37.225,37.3649,159,0
JCHI.US,D,20240215,000000,37.46,37.4746,37.4,37.4746,298,0
JCHI.US,D,20240216,000000,37.9801,37.9801,37.9801,37.9801,102,0
JCHI.US,D,20240220,000000,37.82,37.82,37.65,37.65,1159,0
JCHI.US,D,20240221,000000,38.4826,38.4826,38.4158,38.4158,393,0
JCHI.US,D,20240222,000000,38.71,38.7808,38.71,38.7808,1007,0
JCHI.US,D,20240223,000000,38.8145,38.8958,38.8145,38.895,1232,0
JCHI.US,D,20240226,000000,38.74,38.74,38.5598,38.5598,302,0
JCHI.US,D,20240227,000000,38.95,39.06,38.95,38.9724,2026,0
JCHI.US,D,20240228,000000,37.97,37.97,37.97,37.97,11,0
JCHI.US,D,20240229,000000,38.35,38.35,38.12,38.1248,720,0
JCHI.US,D,20240301,000000,38.77,38.9182,38.77,38.7997,2754,0
JCHI.US,D,20240304,000000,38.6001,38.6001,38.5674,38.5674,489,0
JCHI.US,D,20240305,000000,38.3302,38.3655,38.3302,38.3655,315,0
JCHI.US,D,20240306,000000,38.69,38.69,38.6806,38.6806,174,0
JCHI.US,D,20240307,000000,38.3301,38.5441,38.3301,38.4904,363,0
JCHI.US,D,20240308,000000,38.7624,38.7624,38.7624,38.7624,2,0
JCHI.US,D,20240311,000000,39.7198,39.7198,39.7198,39.7198,19,0
JCHI.US,D,20240312,000000,40.22,40.3684,40.22,40.3684,415,0
JCHI.US,D,20240313,000000,40.36,40.36,40.2083,40.2083,211,0
JCHI.US,D,20240314,000000,39.5437,39.5437,39.5437,39.5437,44,0
JCHI.US,D,20240315,000000,39.4638,39.4638,39.4638,39.4638,15,0
JCHI.US,D,20240318,000000,39.6623,39.6623,39.6623,39.6623,85,0
JCHI.US,D,20240319,000000,39.53,39.5433,39.53,39.5433,400,0
JCHI.US,D,20240320,000000,39.745,39.745,39.7136,39.7136,308,0
JCHI.US,D,20240321,000000,39.4248,39.4248,39.3579,39.3579,137,0
JCHI.US,D,20240322,000000,38.7308,38.9,38.7308,38.8244,203,0
JCHI.US,D,20240325,000000,38.635,38.635,38.635,38.635,56,0
JCHI.US,D,20240326,000000,38.7666,38.7666,38.7666,38.7666,2,0
JCHI.US,D,20240327,000000,38.56,38.7239,38.56,38.7239,243,0
JCHI.US,D,20240328,000000,39.069,39.069,39.069,39.069,41,0
JCHI.US,D,20240401,000000,39.5932,39.5932,39.5932,39.5932,7,0
JCHI.US,D,20240402,000000,39.79,39.9398,39.75,39.75,1546,0
JCHI.US,D,20240403,000000,39.44,39.6135,39.4029,39.6135,1566,0
JCHI.US,D,20240404,000000,39.64,39.64,39.545,39.5667,1151,0
JCHI.US,D,20240405,000000,39.4247,39.4247,39.4247,39.4247,47,0
JCHI.US,D,20240408,000000,39.455,39.52,39.38,39.51,3423,0
JCHI.US,D,20240409,000000,39.63,39.63,39.62,39.62,814,0
JCHI.US,D,20240410,000000,39.3225,39.3225,39.3225,39.3225,96,0
JCHI.US,D,20240411,000000,39.6413,39.6413,39.6413,39.6413,25,0
JCHI.US,D,20240412,000000,38.6071,38.6071,38.6071,38.6071,1,0
JCHI.US,D,20240415,000000,39.16,39.16,38.972,38.972,1541,0
JCHI.US,D,20240416,000000,38.57,38.64,38.57,38.6381,247,0
JCHI.US,D,20240417,000000,38.7541,38.7541,38.7541,38.7541,1,0
JCHI.US,D,20240418,000000,39.08,39.1578,39.0601,39.1578,3103,0
JCHI.US,D,20240419,000000,38.7,39.07,38.7,38.97,1213,0
JCHI.US,D,20240422,000000,39.5119,39.5119,39.5119,39.5119,6,0
JCHI.US,D,20240423,000000,39.54,39.8291,39.54,39.8291,258,0
JCHI.US,D,20240424,000000,40.3621,40.3621,40.3621,40.3621,25,0
JCHI.US,D,20240425,000000,40.6616,40.6616,40.6616,40.6616,30,0
JCHI.US,D,20240426,000000,41.4659,41.4659,41.4659,41.4659,54,0
JCHI.US,D,20240429,000000,41.8977,41.8977,41.8977,41.8977,157,0
JCHI.US,D,20240430,000000,41.56,41.57,41.3042,41.3042,1389,0
JCHI.US,D,20240501,000000,41.4599,41.462,41.39,41.462,605,0
JCHI.US,D,20240502,000000,42.38,43.4096,42.38,43.3704,1422,0
JCHI.US,D,20240503,000000,43.55,43.5959,43.55,43.5959,356,0
JCHI.US,D,20240506,000000,43.7199,43.7199,43.6295,43.6295,3527,0
JCHI.US,D,20240507,000000,43.3853,43.3853,43.3853,43.3853,112,0
JCHI.US,D,20240508,000000,42.81,42.89,42.81,42.8861,259,0
JCHI.US,D,20240509,000000,43.7882,43.7882,43.7882,43.7882,85,0
JCHI.US,D,20240510,000000,44.004,44.004,44.004,44.004,7,0
JCHI.US,D,20240513,000000,44.7093,44.7093,44.7093,44.7093,82,0
JCHI.US,D,20240514,000000,44.44,44.515,44.44,44.4924,366,0
JCHI.US,D,20240515,000000,44.7894,44.7894,44.7894,44.7894,35,0
JCHI.US,D,20240516,000000,45.12,45.7127,45.12,45.7127,802,0
JCHI.US,D,20240517,000000,46.16,46.16,45.9564,45.9564,1650,0
JCHI.US,D,20240520,000000,45.3636,45.3636,45.3636,45.3636,107,0
JCHI.US,D,20240521,000000,44.98,44.98,44.85,44.85,243,0
JCHI.US,D,20240522,000000,44.807,44.82,44.65,44.6832,1162,0
JCHI.US,D,20240523,000000,43.8874,43.8874,43.8874,43.8874,2,0
JCHI.US,D,20240524,000000,43.59,43.76,43.59,43.6858,418,0
JCHI.US,D,20240528,000000,43.8069,43.8069,43.8069,43.8069,114,0
JCHI.US,D,20240529,000000,43.34,43.3592,43.34,43.3592,180,0
JCHI.US,D,20240530,000000,43.4826,43.4826,43.4826,43.4826,2,0
JCHI.US,D,20240531,000000,42.51,42.7313,42.51,42.7313,906,0
JCHI.US,D,20240603,000000,42.9009,42.9009,42.9009,42.9009,7,0
JCHI.US,D,20240604,000000,43.4301,43.4301,43.4301,43.4301,4,0
JCHI.US,D,20240605,000000,43.43,43.5228,43.43,43.5228,358,0
JCHI.US,D,20240606,000000,43.79,43.8102,43.65,43.8102,808,0
JCHI.US,D,20240607,000000,42.94,42.94,42.6518,42.6518,145,0
JCHI.US,D,20240610,000000,42.58,42.966,42.58,42.966,153,0
JCHI.US,D,20240611,000000,42.476,42.476,42.476,42.476,2,0
JCHI.US,D,20240612,000000,42.61,42.6866,42.5114,42.5114,340,0
JCHI.US,D,20240613,000000,42.3758,42.3758,42.3758,42.3758,148,0
JCHI.US,D,20240614,000000,42.4121,42.4121,42.4121,42.4121,74,0
JCHI.US,D,20240617,000000,42.8243,42.8243,42.8243,42.8243,3,0
JCHI.US,D,20240618,000000,42.886,42.886,42.886,42.886,2,0
JCHI.US,D,20240620,000000,42.85,42.8694,42.85,42.8694,345,0
JCHI.US,D,20240621,000000,42.3991,42.3991,42.3991,42.3991,53,0
JCHI.US,D,20240624,000000,42.7111,42.7111,42.7111,42.7111,65,0
JCHI.US,D,20240625,000000,42.2241,42.2241,42.2241,42.2241,100,0
JCHI.US,D,20240626,000000,42.38,42.38,42.3774,42.3774,406,0
JCHI.US,D,20240627,000000,41.82,41.82,41.711,41.711,237,0
JCHI.US,D,20240628,000000,41.7,41.7,41.6288,41.6288,668,0
JCHI.US,D,20240701,000000,41.83,41.9272,41.83,41.9272,306,0
JCHI.US,D,20240702,000000,41.91,41.91,41.9003,41.9003,205,0
JCHI.US,D,20240703,000000,42.3,42.4036,42.3,42.4036,247,0
JCHI.US,D,20240705,000000,41.7889,41.7889,41.7889,41.7889,102,0
JCHI.US,D,20240708,000000,41.6192,41.6192,41.6192,41.6192,4,0
JCHI.US,D,20240709,000000,42,42.181,42,42.181,495,0
JCHI.US,D,20240710,000000,42.1638,42.1638,42.1638,42.1638,40,0
JCHI.US,D,20240711,000000,43.08,43.08,42.9065,42.9065,204,0
JCHI.US,D,20240712,000000,43.0542,43.0542,43.0542,43.0542,33,0
JCHI.US,D,20240715,000000,42.2485,42.2485,42.2485,42.2485,57,0
JCHI.US,D,20240716,000000,42.17,42.2309,42.15,42.2309,4166,0
JCHI.US,D,20240717,000000,41.8298,41.8298,41.8298,41.8298,4,0
JCHI.US,D,20240718,000000,41.8,41.8001,41.4458,41.4458,3193,0
JCHI.US,D,20240719,000000,41.3222,41.3222,41.3222,41.3222,22,0
JCHI.US,D,20240722,000000,41.795,41.795,41.795,41.795,9,0
JCHI.US,D,20240723,000000,40.9,40.9,40.9,40.9,22,0
JCHI.US,D,20240724,000000,40.5613,40.5613,40.5613,40.5613,3,0
JCHI.US,D,20240725,000000,40.19,40.31,40.19,40.2781,3329,0
JCHI.US,D,20240726,000000,40.3802,40.3802,40.3802,40.3802,160,0
JCHI.US,D,20240729,000000,40.06,40.27,40.06,40.1724,3112,0
JCHI.US,D,20240730,000000,39.85,39.86,39.8343,39.8343,427,0
JCHI.US,D,20240731,000000,40.7211,40.7211,40.7211,40.7211,78,0
JCHI.US,D,20240801,000000,40.1358,40.1358,40.1358,40.1358,7,0
JCHI.US,D,20240802,000000,40.12,40.12,40.03,40.1079,252,0
JCHI.US,D,20240805,000000,39.33,39.9,39.33,39.7856,526,0
JCHI.US,D,20240806,000000,39.3672,39.3672,39.3672,39.3672,25,0
JCHI.US,D,20240807,000000,39.8862,39.8862,39.5969,39.5969,463,0
JCHI.US,D,20240808,000000,40.16,40.4248,40.16,40.4248,315,0
JCHI.US,D,20240809,000000,40.2431,40.2431,40.2431,40.2431,4,0
JCHI.US,D,20240812,000000,40.77,40.88,40.44,40.5137,6007,0
JCHI.US,D,20240813,000000,40.9112,40.9112,40.9112,40.9112,2,0
JCHI.US,D,20240814,000000,40.24,40.2768,40.24,40.2768,192,0
JCHI.US,D,20240815,000000,40.6437,40.6437,40.6437,40.6437,2,0
JCHI.US,D,20240816,000000,41.0052,41.0052,41.0052,41.0052,509,0
JCHI.US,D,20240819,000000,41.2306,41.2306,41.2306,41.2306,43,0
JCHI.US,D,20240820,000000,40.4529,40.4529,40.4529,40.4529,4,0
JCHI.US,D,20240821,000000,40.8228,40.8228,40.8228,40.8228,7,0
JCHI.US,D,20240822,000000,40.4962,40.5425,40.4962,40.5425,172,0
JCHI.US,D,20240823,000000,40.955,40.955,40.955,40.955,18,0
JCHI.US,D,20240826,000000,40.4449,40.4449,40.4449,40.4449,39,0
JCHI.US,D,20240827,000000,40.53,40.53,40.4052,40.4052,823,0
JCHI.US,D,20240828,000000,39.7092,39.7129,39.645,39.7129,262,0
JCHI.US,D,20240829,000000,40.1267,40.1267,40.1267,40.1267,33,0
JCHI.US,D,20240830,000000,40.4219,40.4219,40.4219,40.4219,18,0
JCHI.US,D,20240903,000000,40.06,40.06,39.9973,39.9973,316,0
JCHI.US,D,20240904,000000,39.8913,39.8913,39.8913,39.8913,2,0
JCHI.US,D,20240905,000000,39.7237,39.7237,39.7237,39.7237,15,0
JCHI.US,D,20240906,000000,39.31,39.31,39.1611,39.244,509,0
JCHI.US,D,20240909,000000,38.93,39.04,38.93,39.04,479,0
JCHI.US,D,20240910,000000,38.75,38.75,38.75,38.75,2,0
JCHI.US,D,20240911,000000,38.9852,38.9852,38.9852,38.9852,50,0
JCHI.US,D,20240912,000000,38.7943,38.8,38.7943,38.8,487,0
JCHI.US,D,20240913,000000,38.96,38.96,38.96,38.96,4,0
JCHI.US,D,20240916,000000,39.0252,39.0252,39.0252,39.0252,208,0
JCHI.US,D,20240917,000000,39.3403,39.3403,39.3403,39.3403,1,0
JCHI.US,D,20240918,000000,39.1652,39.1652,39.1652,39.1652,40,0
JCHI.US,D,20240919,000000,40.3948,40.3948,40.3948,40.3948,14,0
JCHI.US,D,20240920,000000,40.375,40.375,40.375,40.375,21,0
JCHI.US,D,20240923,000000,40.9067,40.9067,40.9067,40.9067,164,0
JCHI.US,D,20240924,000000,44.7047,44.7047,44.7047,44.7047,117,0
JCHI.US,D,20240925,000000,43.6537,43.6537,43.6537,43.6537,38,0
JCHI.US,D,20240926,000000,47.12,47.54,46.72,47.3583,14113,0
JCHI.US,D,20240927,000000,47.61,48.44,47.61,48.2442,3825,0
JCHI.US,D,20240930,000000,49.29,49.58,48.14,48.231,34878,0
JCHI.US,D,20241001,000000,48.49,50.0109,48.49,50.0109,3173,0
JCHI.US,D,20241002,000000,53.13,53.7078,52.51,53.7078,5571,0
JCHI.US,D,20241003,000000,52.15,53.0899,52.15,52.7468,4230,0
JCHI.US,D,20241004,000000,54.15,54.93,54.02,54.89,18475,0
JCHI.US,D,20241007,000000,55.92,57.19,55.3792,57.19,12312,0
JCHI.US,D,20241008,000000,50.38,50.91,49.14,50.725,10214,0
JCHI.US,D,20241009,000000,47.92,49.16,47.8801,48.9377,9085,0
JCHI.US,D,20241010,000000,49.3,49.3461,49,49.3461,1751,0
JCHI.US,D,20241011,000000,48.19,49.72,48.19,49.4488,3537,0
JCHI.US,D,20241014,000000,48.61,49.3501,48.23,48.438,2660,0
JCHI.US,D,20241015,000000,47.28,47.36,46.13,46.25,13640,0
JCHI.US,D,20241016,000000,47.16,47.16,46.8166,46.8166,2793,0
JCHI.US,D,20241017,000000,45.67,45.67,45.22,45.5406,4955,0
JCHI.US,D,20241018,000000,48.08,48.08,47.69,47.7105,2805,0
JCHI.US,D,20241021,000000,47.16,47.16,46.79,47.0706,1185,0
JCHI.US,D,20241022,000000,47.37,47.91,47.37,47.7355,1503,0
JCHI.US,D,20241023,000000,47.65,47.65,47.1961,47.1961,403,0
JCHI.US,D,20241024,000000,46.95,47.1155,46.62,46.9013,601,0
JCHI.US,D,20241025,000000,47.21,47.24,47.03,47.03,569,0
JCHI.US,D,20241028,000000,47.4901,47.4901,47.4653,47.4653,265,0
JCHI.US,D,20241029,000000,47.345,47.345,47.0883,47.0883,508,0
JCHI.US,D,20241030,000000,46.36,46.5828,46.29,46.5828,851,0
JCHI.US,D,20241031,000000,45.93,46.2018,45.93,46.2018,413,0
JCHI.US,D,20241101,000000,46.45,46.46,46.25,46.26,736,0
JCHI.US,D,20241104,000000,46.63,46.6525,46.63,46.6525,438,0
JCHI.US,D,20241105,000000,47.58,47.67,47.55,47.634,489,0
JCHI.US,D,20241106,000000,46.15,46.67,45.9,46.3326,3891,0
JCHI.US,D,20241107,000000,48.705,48.705,48.53,48.6102,733,0
JCHI.US,D,20241108,000000,46.42,46.42,45.97,45.991,1685,0
JCHI.US,D,20241111,000000,46.28,46.3313,46.28,46.3313,495,0
JCHI.US,D,20241112,000000,45.1,45.1,44.81,45.0237,1009,0
JCHI.US,D,20241113,000000,45.2563,45.47,44.95,45.0009,1395,0
JCHI.US,D,20241119,000000,44.78,44.79,44.78,44.79,483,0
JCHI.US,D,20241120,000000,45.04,45.04,44.99,45.0027,426,0
JCHI.US,D,20241121,000000,44.88,44.88,44.7635,44.7635,1217,0
JCHI.US,D,20241122,000000,43.51,43.5819,43.51,43.5819,367,0
JCHI.US,D,20241125,000000,43.31,43.44,43.23,43.4035,2928,0
JCHI.US,D,20241126,000000,43.39,43.49,43.09,43.1456,771,0
JCHI.US,D,20241127,000000,44.33,44.43,44.21,44.2385,1575,0
JCHI.US,D,20241129,000000,43.92,44.1476,43.86,44.1476,432,0
JCHI.US,D,20241202,000000,44.11,44.2298,44.11,44.2298,255,0
JCHI.US,D,20241203,000000,44.4199,44.45,44.29,44.3352,2636,0
JCHI.US,D,20241204,000000,44.06,44.06,43.9955,43.9955,197,0
JCHI.US,D,20241205,000000,44.11,44.1214,44.06,44.1019,3176,0
JCHI.US,D,20241209,000000,47.97,48.435,47.67,47.8048,660,0
JCHI.US,D,20241210,000000,45.73,45.73,45.6,45.6189,926,0
JCHI.US,D,20241211,000000,45.2,45.4176,45.2,45.4176,599,0
JCHI.US,D,20241212,000000,45.27,45.3986,45.27,45.3986,1057,0
JCHI.US,D,20241213,000000,44.74,44.9,44.74,44.82,596,0
JCHI.US,D,20241216,000000,44.31,44.31,44.229,44.229,289,0
JCHI.US,D,20241217,000000,44.5,44.7763,44.5,44.7763,178,0
JCHI.US,D,20241218,000000,44.67,44.6999,44.1661,44.1661,598,0
JCHI.US,D,20241219,000000,44.76,44.76,44.5401,44.5558,980,0
JCHI.US,D,20241220,000000,44.85,44.85,44.61,44.8201,330,0
JCHI.US,D,20241223,000000,44.67,44.8188,44.67,44.8188,2600,0
JCHI.US,D,20241224,000000,44.28,44.33,44.28,44.2989,562,0
JCHI.US,D,20241226,000000,44.52,44.5201,44.5049,44.5049,458,0
JCHI.US,D,20241230,000000,44.04,44.04,43.82,43.8633,1229,0
JCHI.US,D,20241231,000000,43.5301,43.6378,43.5301,43.6378,783,0
JCHI.US,D,20250102,000000,43.09,43.09,42.8536,42.8536,1254,0
JCHI.US,D,20250103,000000,42.8852,42.9007,42.8852,42.9007,279,0
JCHI.US,D,20250106,000000,42.64,42.64,42.3828,42.3828,228,0
JCHI.US,D,20250108,000000,42.1799,42.2699,42.1799,42.2376,658,0
JCHI.US,D,20250110,000000,41.26,41.26,41.26,41.26,430,0
