<TICKER>,<PER>,<DATE>,<TIME>,<OPEN>,<HIGH>,<LOW>,<CLOSE>,<VOL>,<OPENINT>
MRNY.US,D,20231026,000000,19.43,19.43,19.3717,19.3717,623,0
MRNY.US,D,20231027,000000,18.9,18.9,18.25,18.3307,3446,0
MRNY.US,D,20231030,000000,18.9395,18.9395,18.9395,18.9395,380,0
MRNY.US,D,20231031,000000,18.78,19.405,18.75,19.392,7847,0
MRNY.US,D,20231101,000000,19.5,19.5,19.425,19.4785,840,0
MRNY.US,D,20231102,000000,18.2,18.31,16.79,18.2306,7028,0
MRNY.US,D,20231103,000000,18.57,19.15,18.57,19.0777,5354,0
MRNY.US,D,20231106,000000,19.49,19.49,18.4136,18.4136,7284,0
MRNY.US,D,20231107,000000,18.5,19.6,18.3415,18.7431,7819,0
MRNY.US,D,20231108,000000,18.58,18.58,18.12,18.3713,4288,0
MRNY.US,D,20231109,000000,18.42,18.42,17.9074,17.9074,7738,0
MRNY.US,D,20231110,000000,18.85,18.85,17.75,18.0743,1464,0
MRNY.US,D,20231113,000000,17.95,18.0716,17.68,18.0716,26515,0
MRNY.US,D,20231114,000000,18.18,18.2,18.14,18.17,2924,0
MRNY.US,D,20231115,000000,18.7301,18.85,18.73,18.815,3882,0
MRNY.US,D,20231116,000000,18.7299,18.85,18.7299,18.8396,9942,0
MRNY.US,D,20231117,000000,18.89,18.89,18.79,18.8603,9410,0
MRNY.US,D,20231120,000000,19.06,19.4999,19.06,19.4557,11711,0
MRNY.US,D,20231121,000000,19.18,19.2377,19.18,19.1948,1945,0
MRNY.US,D,20231122,000000,19.44,19.55,19.435,19.527,2916,0
MRNY.US,D,20231124,000000,19.685,19.71,19.685,19.6999,2020,0
MRNY.US,D,20231127,000000,19.15,19.2036,18.71,19.2036,17498,0
MRNY.US,D,20231128,000000,18.7199,19.2313,18.7199,19.2313,4918,0
MRNY.US,D,20231129,000000,19.69,19.77,19.4393,19.4393,13935,0
MRNY.US,D,20231130,000000,19.46,19.62,19.1217,19.1217,7774,0
MRNY.US,D,20231201,000000,18.93,19.74,18.42,19.6912,32429,0
MRNY.US,D,20231204,000000,19.5,19.86,19.35,19.7274,11600,0
MRNY.US,D,20231205,000000,19.55,19.6,19.41,19.4131,4345,0
MRNY.US,D,20231206,000000,19.4,20.48,19.3715,19.9569,15997,0
MRNY.US,D,20231207,000000,19.13,19.59,18.87,19.44,21706,0
MRNY.US,D,20231208,000000,19.31,19.73,19.31,19.5506,5277,0
MRNY.US,D,20231211,000000,19.52,20.05,19.52,19.9706,8144,0
MRNY.US,D,20231212,000000,18.9,19.134,18.74,19.1161,7837,0
MRNY.US,D,20231213,000000,18.62,19.2533,18.0188,19.2533,16353,0
MRNY.US,D,20231214,000000,20.12,21.07,20.12,20.8277,27512,0
MRNY.US,D,20231215,000000,21.065,21.19,20.98,21.1188,6369,0
MRNY.US,D,20231218,000000,21.1268,21.1268,20.6198,20.9772,2862,0
MRNY.US,D,20231219,000000,21.07,21.8068,21.05,21.8068,63906,0
MRNY.US,D,20231220,000000,21.7,21.8,21.26,21.2614,7856,0
MRNY.US,D,20231221,000000,21.71,22.1732,21.696,22.1732,2445,0
MRNY.US,D,20231222,000000,22.33,22.46,22.33,22.445,5704,0
MRNY.US,D,20231226,000000,22.67,22.8042,21.9898,22.8042,16661,0
MRNY.US,D,20231227,000000,23.15,23.6,23.01,23.5662,11464,0
MRNY.US,D,20231228,000000,23.73,23.73,23.28,23.367,6901,0
MRNY.US,D,20231229,000000,23.56,23.67,23.34,23.5927,5795,0
MRNY.US,D,20240102,000000,23.6,24.81,23.6,24.7701,28027,0
MRNY.US,D,20240103,000000,24.79,24.8,24.58,24.73,13517,0
MRNY.US,D,20240104,000000,26,26,24.7,24.94,576178,0
MRNY.US,D,20240105,000000,22.07,22.52,21.9401,22.31,208881,0
MRNY.US,D,20240108,000000,22.19,22.9155,21.72,22.8218,112695,0
MRNY.US,D,20240109,000000,22.69,22.69,21.89,22.12,105843,0
MRNY.US,D,20240110,000000,22.33,22.33,21.41,22.02,163396,0
MRNY.US,D,20240111,000000,21.89,21.89,21.25,21.52,82642,0
MRNY.US,D,20240112,000000,21.52,22.169,21.4128,21.4128,71638,0
MRNY.US,D,20240116,000000,21.2,21.2,19.9254,20.7,118037,0
MRNY.US,D,20240117,000000,20.03,20.57,19.86,20.3508,113544,0
MRNY.US,D,20240118,000000,20.42,20.42,19.73,20.159,92072,0
MRNY.US,D,20240119,000000,19.99,20.43,19.8101,20.2839,70929,0
MRNY.US,D,20240122,000000,20.46,20.7,20.1772,20.365,39368,0
MRNY.US,D,20240123,000000,20.48,20.841,20.36,20.81,46377,0
MRNY.US,D,20240124,000000,20.94,21.005,20.7235,20.7292,35049,0
MRNY.US,D,20240125,000000,20.86,21.04,20.718,20.98,60498,0
MRNY.US,D,20240126,000000,21.2,21.2,20.83,20.99,49544,0
MRNY.US,D,20240129,000000,21.02,21.54,20.73,21.49,61567,0
MRNY.US,D,20240130,000000,21.36,21.36,21.08,21.19,40924,0
MRNY.US,D,20240131,000000,21.22,21.4,20.85,21,75689,0
MRNY.US,D,20240201,000000,20.99,20.99,20.201,20.61,88062,0
MRNY.US,D,20240202,000000,20.27,20.4599,19.9184,20.34,85527,0
MRNY.US,D,20240205,000000,20.21,20.21,19.79,20.03,73801,0
MRNY.US,D,20240206,000000,20.03,20.75,19.86,20.75,160040,0
MRNY.US,D,20240207,000000,20.11,20.1375,19.8501,20.0991,62047,0
MRNY.US,D,20240208,000000,20,20,19.01,19.07,70452,0
MRNY.US,D,20240209,000000,18.98,18.98,17.63,17.83,148063,0
MRNY.US,D,20240212,000000,17.83,18.14,17.55,18.14,68647,0
MRNY.US,D,20240213,000000,17.8,18,17.2911,17.55,49559,0
MRNY.US,D,20240214,000000,17.64,17.71,17.3201,17.66,74674,0
MRNY.US,D,20240215,000000,17.68,18.64,17.51,18.5579,37059,0
MRNY.US,D,20240216,000000,18.32,18.58,17.97,18.2,62178,0
MRNY.US,D,20240220,000000,18.13,18.38,17.968,18.0424,18559,0
MRNY.US,D,20240221,000000,18.01,18.2301,17.9749,18.19,32952,0
MRNY.US,D,20240222,000000,19.05,20.3567,18.8805,20.2621,77184,0
MRNY.US,D,20240223,000000,20.25,20.3461,19.91,20.03,40902,0
MRNY.US,D,20240226,000000,19.69,19.81,19.3,19.7,29278,0
MRNY.US,D,20240227,000000,19.84,20.305,19.59,20.21,21810,0
MRNY.US,D,20240228,000000,19.97,20.55,19.97,20.33,27735,0
MRNY.US,D,20240229,000000,20.24,20.37,19.49,19.49,22263,0
MRNY.US,D,20240301,000000,19.5,20.42,19.5,20.13,23849,0
MRNY.US,D,20240304,000000,20.11,20.23,19.7401,20.22,35142,0
MRNY.US,D,20240305,000000,20.14,20.3298,19.91,20.27,54302,0
MRNY.US,D,20240306,000000,19.32,19.62,19.2299,19.61,27635,0
MRNY.US,D,20240307,000000,19.75,19.89,19.39,19.82,11857,0
MRNY.US,D,20240308,000000,19.9,20.34,19.9,20.24,95536,0
MRNY.US,D,20240311,000000,20.38,20.7799,20.38,20.75,87084,0
MRNY.US,D,20240312,000000,20.76,20.77,20.63,20.69,32292,0
MRNY.US,D,20240313,000000,20.77,20.8199,20.66,20.73,25191,0
MRNY.US,D,20240314,000000,20.83,20.83,19.7201,19.96,41472,0
MRNY.US,D,20240315,000000,20.11,20.2099,19.5924,20.14,21132,0
MRNY.US,D,20240318,000000,19.65,20.81,19.65,20.25,29705,0
MRNY.US,D,20240319,000000,20.1255,20.4285,20,20.32,47067,0
MRNY.US,D,20240320,000000,20.14,20.1522,19.51,20,25649,0
MRNY.US,D,20240321,000000,20.3,20.58,19.99,20.27,41075,0
MRNY.US,D,20240322,000000,20.34,20.55,20.19,20.54,16638,0
MRNY.US,D,20240325,000000,20.62,21.06,20.62,21.06,26370,0
MRNY.US,D,20240326,000000,21.07,21.1,20.76,20.76,25397,0
MRNY.US,D,20240327,000000,21.15,21.34,20.5916,21.33,39576,0
MRNY.US,D,20240328,000000,21.41,21.41,20.9,20.96,42629,0
MRNY.US,D,20240401,000000,20.97,20.97,20.56,20.89,51006,0
MRNY.US,D,20240402,000000,20.68,20.86,20.5,20.5707,33808,0
MRNY.US,D,20240403,000000,20.4,20.73,19.3418,20.01,93884,0
MRNY.US,D,20240404,000000,19.65,20.1,19.42,19.57,50276,0
MRNY.US,D,20240405,000000,19.4,19.75,19.38,19.66,20822,0
MRNY.US,D,20240408,000000,19.54,20,19.46,20,28657,0
MRNY.US,D,20240409,000000,20.04,20.57,20.04,20.5106,68669,0
MRNY.US,D,20240410,000000,20.37,20.43,20.13,20.34,27256,0
MRNY.US,D,20240411,000000,20.32,20.45,19.99,20.35,21445,0
MRNY.US,D,20240412,000000,20.36,20.53,20.19,20.33,34247,0
MRNY.US,D,20240415,000000,20.26,20.38,19.97,20.08,19705,0
MRNY.US,D,20240416,000000,19.95,20.41,19.9001,20.1361,41993,0
MRNY.US,D,20240417,000000,20.32,20.36,20.015,20.1,16086,0
MRNY.US,D,20240418,000000,20,20.05,19.54,19.84,16909,0
MRNY.US,D,20240419,000000,19.85,20.17,19.64,19.84,19091,0
MRNY.US,D,20240422,000000,19.85,20.25,19.42,20.14,53878,0
MRNY.US,D,20240423,000000,20.12,20.54,20.1,20.51,12217,0
MRNY.US,D,20240424,000000,20.8,20.8,20.4201,20.63,19888,0
MRNY.US,D,20240425,000000,20.452,20.452,20.0601,20.33,8860,0
MRNY.US,D,20240426,000000,20.48,20.65,20.3,20.65,15323,0
MRNY.US,D,20240429,000000,20.64,21,20.64,20.95,33656,0
MRNY.US,D,20240430,000000,20.96,21.0875,20.8,20.8,14523,0
MRNY.US,D,20240501,000000,20.99,21.21,20.82,21.04,26147,0
MRNY.US,D,20240502,000000,21.28,21.7899,21.26,21.63,158557,0
MRNY.US,D,20240503,000000,21.48,21.64,21.01,21.4899,103824,0
MRNY.US,D,20240506,000000,20.56,20.56,19.69,20.13,47400,0
MRNY.US,D,20240507,000000,20.24,20.262,19.69,19.99,38463,0
MRNY.US,D,20240508,000000,19.9,20.255,19.7705,20.11,42603,0
MRNY.US,D,20240509,000000,20.28,20.68,20.2577,20.36,33288,0
MRNY.US,D,20240510,000000,20.08,20.59,19.4,19.51,101570,0
MRNY.US,D,20240513,000000,19.58,20.46,19.58,20.4,49918,0
MRNY.US,D,20240514,000000,20.5,20.7,20.4995,20.67,57256,0
MRNY.US,D,20240515,000000,20.69,20.8,20.4701,20.71,20575,0
MRNY.US,D,20240516,000000,20.74,20.91,20.7301,20.9,15668,0
MRNY.US,D,20240517,000000,20.9,21.09,20.48,20.9027,20691,0
MRNY.US,D,20240520,000000,20.94,21.65,20.9,21.53,42278,0
MRNY.US,D,20240521,000000,21.54,21.6985,21.47,21.68,28950,0
MRNY.US,D,20240522,000000,21.76,21.84,21.734,21.78,33069,0
MRNY.US,D,20240523,000000,21.15,21.75,20.825,21.66,141081,0
MRNY.US,D,20240524,000000,21.73,22.37,21.53,22.06,52055,0
MRNY.US,D,20240528,000000,21.51,21.91,19.7001,20.28,113981,0
MRNY.US,D,20240529,000000,19.81,19.81,18.6,19.66,145024,0
MRNY.US,D,20240530,000000,19.85,20.26,19.1,20.18,57336,0
MRNY.US,D,20240531,000000,20.26,20.86,18.75,18.91,85773,0
MRNY.US,D,20240603,000000,18.8,19.49,18.41,19.36,52326,0
MRNY.US,D,20240604,000000,19.4,19.4684,18.91,19.35,49104,0
MRNY.US,D,20240605,000000,19.49,19.79,19.35,19.79,86641,0
MRNY.US,D,20240606,000000,19,19.03,18.9015,19.02,37746,0
MRNY.US,D,20240607,000000,18.83,19.05,18.6639,18.78,46049,0
MRNY.US,D,20240610,000000,18.85,18.85,18.13,18.6,81963,0
MRNY.US,D,20240611,000000,18.55,18.83,18.53,18.68,21559,0
MRNY.US,D,20240612,000000,18.77,18.77,17.99,18.56,43811,0
MRNY.US,D,20240613,000000,18.48,18.68,18.27,18.27,35798,0
MRNY.US,D,20240614,000000,18.09,18.3,17.47,17.62,134401,0
MRNY.US,D,20240617,000000,17.5,17.6465,17.2289,17.47,52453,0
MRNY.US,D,20240618,000000,17.46,17.46,16.79,17,150478,0
MRNY.US,D,20240620,000000,16.87,17.29,16.6838,17.12,46804,0
MRNY.US,D,20240621,000000,17.2,17.28,16.9,17,21956,0
MRNY.US,D,20240624,000000,17.16,17.46,17.07,17.4,40853,0
MRNY.US,D,20240625,000000,17.46,17.53,17.34,17.47,19706,0
MRNY.US,D,20240626,000000,17.36,17.36,15.82,15.82,127586,0
MRNY.US,D,20240627,000000,15.82,15.82,15.35,15.65,47813,0
MRNY.US,D,20240628,000000,15.74,15.84,15.35,15.42,42760,0
MRNY.US,D,20240701,000000,15.3,15.89,15.0918,15.12,82328,0
MRNY.US,D,20240702,000000,15.25,15.4663,14.94,15.32,37200,0
MRNY.US,D,20240703,000000,15.44,15.575,15.0801,15.18,68565,0
MRNY.US,D,20240705,000000,14.92,14.99,14.65,14.97,39197,0
MRNY.US,D,20240708,000000,15,15,14.7101,14.7887,47663,0
MRNY.US,D,20240709,000000,14.87,15.0599,14.7001,14.76,38996,0
MRNY.US,D,20240710,000000,14.8227,15.17,14.73,14.96,39310,0
MRNY.US,D,20240711,000000,15.06,15.5142,15.06,15.45,38714,0
MRNY.US,D,20240712,000000,15.58,15.615,15.32,15.38,48468,0
MRNY.US,D,20240715,000000,15.5,15.5,14.77,15.41,68686,0
MRNY.US,D,20240716,000000,15.63,15.9236,15.41,15.84,20564,0
MRNY.US,D,20240717,000000,15.63,15.81,15.39,15.76,22776,0
MRNY.US,D,20240718,000000,15.89,15.89,15.46,15.51,17133,0
MRNY.US,D,20240719,000000,15.51,15.51,15.18,15.41,30878,0
MRNY.US,D,20240722,000000,15.45,15.629,15.4301,15.58,19392,0
MRNY.US,D,20240723,000000,15.62,15.7399,15.45,15.58,8191,0
MRNY.US,D,20240724,000000,15.54,15.54,14.9308,15.27,21463,0
MRNY.US,D,20240725,000000,15.3,15.69,15.02,15.53,20746,0
MRNY.US,D,20240726,000000,15.5201,15.71,15.4596,15.67,28060,0
MRNY.US,D,20240729,000000,15.68,15.76,15.4701,15.7,13553,0
MRNY.US,D,20240730,000000,15.95,16.0292,15.408,15.46,16624,0
MRNY.US,D,20240731,000000,15.69,15.78,15.4145,15.52,20150,0
MRNY.US,D,20240801,000000,14.17,14.17,12.36,12.37,131003,0
MRNY.US,D,20240802,000000,12.18,12.18,11.37,11.58,41196,0
MRNY.US,D,20240805,000000,11.25,11.37,10.76,11.22,98090,0
MRNY.US,D,20240806,000000,11.34,11.44,10.84,11.07,44758,0
MRNY.US,D,20240807,000000,10.87,10.96,10.36,10.51,32848,0
MRNY.US,D,20240808,000000,10.61,10.88,10.59,10.79,23884,0
MRNY.US,D,20240809,000000,10.91,10.94,10.7,10.9,20417,0
MRNY.US,D,20240812,000000,10.93,10.95,10.52,10.54,49173,0
MRNY.US,D,20240813,000000,10.6,10.8,10.51,10.8,20641,0
MRNY.US,D,20240814,000000,10.81,10.84,10.62,10.68,20344,0
MRNY.US,D,20240815,000000,10.87,11.16,10.87,11.1,43560,0
MRNY.US,D,20240816,000000,11.25,11.25,11.13,11.21,23018,0
MRNY.US,D,20240819,000000,11.26,11.45,11.2,11.41,228977,0
MRNY.US,D,20240820,000000,11.33,11.3847,11.22,11.22,31877,0
MRNY.US,D,20240821,000000,11.25,11.3205,11.21,11.27,1055113,0
MRNY.US,D,20240822,000000,11.26,11.26,10.66,10.71,48243,0
MRNY.US,D,20240823,000000,10.77,11.01,10.745,10.9,17779,0
MRNY.US,D,20240826,000000,10.81,11,10.7999,10.84,25372,0
MRNY.US,D,20240827,000000,10.77,10.77,10.4301,10.48,54517,0
MRNY.US,D,20240828,000000,10.5,10.62,10.43,10.43,45045,0
MRNY.US,D,20240829,000000,10.47,10.55,10.38,10.38,35369,0
MRNY.US,D,20240830,000000,10.52,10.52,10.23,10.4,47717,0
MRNY.US,D,20240903,000000,10.43,10.43,9.79,9.87,80807,0
MRNY.US,D,20240904,000000,9.9,9.94,9.7467,9.84,36629,0
MRNY.US,D,20240905,000000,9.97,9.97,9.7201,9.95,58521,0
MRNY.US,D,20240906,000000,9.52,9.52,9.28,9.43,33902,0
MRNY.US,D,20240909,000000,9.51,9.93,9.5,9.83,79721,0
MRNY.US,D,20240910,000000,9.85,10.09,9.75,10.07,23485,0
MRNY.US,D,20240911,000000,10.03,10.1401,9.92,10.14,13225,0
MRNY.US,D,20240912,000000,9.22,9.22,8.39,8.93,452319,0
MRNY.US,D,20240913,000000,8.73,8.83,8.5799,8.821,97646,0
MRNY.US,D,20240916,000000,8.81,9.03,8.81,8.91,60310,0
MRNY.US,D,20240917,000000,8.99,9.3,8.98,9.12,52156,0
MRNY.US,D,20240918,000000,9.16,9.1799,9.0001,9.03,39158,0
MRNY.US,D,20240919,000000,9.13,9.13,8.94,8.9599,62029,0
MRNY.US,D,20240920,000000,8.97,8.97,8.61,8.71,147067,0
MRNY.US,D,20240923,000000,8.79,8.79,8.56,8.57,1292574,0
MRNY.US,D,20240924,000000,8.59,8.66,8.55,8.58,76739,0
MRNY.US,D,20240925,000000,8.65,8.65,8.52,8.53,53648,0
MRNY.US,D,20240926,000000,8.62,8.66,8.4879,8.57,86512,0
MRNY.US,D,20240927,000000,8.62,8.8299,8.59,8.76,47299,0
MRNY.US,D,20240930,000000,8.75,8.93,8.73,8.86,77932,0
MRNY.US,D,20241001,000000,8.96,8.96,8.53,8.58,57042,0
MRNY.US,D,20241002,000000,8.58,8.58,8.44,8.52,84153,0
MRNY.US,D,20241003,000000,8.55,8.55,8.2615,8.28,102658,0
MRNY.US,D,20241004,000000,8.36,8.36,8.12,8.18,131614,0
MRNY.US,D,20241007,000000,8.18,8.23,7.96,7.9817,177453,0
MRNY.US,D,20241008,000000,8,8.05,7.884,7.97,93422,0
MRNY.US,D,20241009,000000,8.03,8.088,7.9001,8.03,176457,0
MRNY.US,D,20241010,000000,7.66,7.66,7.395,7.43,171719,0
MRNY.US,D,20241011,000000,7.44,7.7103,7.28,7.59,149624,0
MRNY.US,D,20241014,000000,7.59,7.64,7.458,7.55,121374,0
MRNY.US,D,20241015,000000,7.57,7.62,7.47,7.51,105461,0
MRNY.US,D,20241016,000000,7.54,7.6066,7.495,7.55,55486,0
MRNY.US,D,20241017,000000,7.53,7.53,7.2,7.21,120577,0
MRNY.US,D,20241018,000000,7.22,7.22,7.03,7.12,161052,0
MRNY.US,D,20241021,000000,7.06,7.17,7.01,7.09,386585,0
MRNY.US,D,20241022,000000,7.12,7.2,7.01,7.08,93305,0
MRNY.US,D,20241023,000000,7.11,7.2,7.01,7.09,77370,0
MRNY.US,D,20241024,000000,7.1,7.12,6.97,7.03,75569,0
MRNY.US,D,20241025,000000,7.1,7.1898,7.035,7.08,121660,0
MRNY.US,D,20241028,000000,7.12,7.31,7.095,7.25,131898,0
MRNY.US,D,20241029,000000,7.25,7.47,7.25,7.28,126843,0
MRNY.US,D,20241030,000000,7.27,7.28,7.16,7.27,103899,0
MRNY.US,D,20241031,000000,7.27,7.28,7.11,7.24,80183,0
MRNY.US,D,20241101,000000,7.3,7.4,7.23,7.29,275420,0
MRNY.US,D,20241104,000000,7.36,7.42,7.185,7.21,176034,0
MRNY.US,D,20241105,000000,7.26,7.27,7.07,7.21,318860,0
MRNY.US,D,20241106,000000,7.28,7.28,6.8,7.02,895182,0
MRNY.US,D,20241107,000000,7.05,7.11,6.48,6.53,499143,0
MRNY.US,D,20241108,000000,6.5,6.56,6.11,6.15,604441,0
MRNY.US,D,20241111,000000,6.15,6.15,5.5916,5.66,519219,0
MRNY.US,D,20241112,000000,5.55,5.81,5.512,5.73,310803,0
MRNY.US,D,20241113,000000,5.7,5.7,5.53,5.59,244374,0
MRNY.US,D,20241114,000000,5.6,5.6,5.19,5.3,258920,0
MRNY.US,D,20241115,000000,5.1,5.1499,4.82,4.94,367885,0
MRNY.US,D,20241118,000000,5.08,5.225,4.9701,5.22,1026131,0
MRNY.US,D,20241119,000000,5.18,5.26,4.99,5.02,415906,0
MRNY.US,D,20241120,000000,5.02,5.115,4.94,5,308819,0
MRNY.US,D,20241121,000000,4.965,5.1671,4.909,5.13,349462,0
MRNY.US,D,20241122,000000,5.16,5.4395,5.085,5.36,565921,0
MRNY.US,D,20241125,000000,5.51,5.77,5.51,5.56,683319,0
MRNY.US,D,20241126,000000,5.52,5.545,5.38,5.45,607124,0
MRNY.US,D,20241127,000000,5.5,5.59,5.4597,5.57,719152,0
MRNY.US,D,20241129,000000,5.6199,5.625,5.47139,5.56,473545,0
MRNY.US,D,20241202,000000,5.67,5.73,5.45,5.71,1858716,0
MRNY.US,D,20241203,000000,5.68,5.71,5.495,5.53,1688891,0
MRNY.US,D,20241204,000000,5.57,5.58,5.39,5.43,1761652,0
MRNY.US,D,20241205,000000,5.1901,5.46,5.1901,5.33,1028921,0
MRNY.US,D,20241206,000000,5.3598,5.595,5.34,5.45,1617507,0
MRNY.US,D,20241209,000000,5.4895,5.6599,5.44,5.53,1568928,0
MRNY.US,D,20241210,000000,5.51,5.52,5.105,5.15,1133193,0
MRNY.US,D,20241211,000000,5.15,5.3225,5.1195,5.29,420125,0
MRNY.US,D,20241212,000000,5.27,5.38,5.19,5.3,339940,0
MRNY.US,D,20241213,000000,5.2481,5.29,5.16,5.21,327861,0
MRNY.US,D,20241216,000000,5.21,5.435,5.1612,5.23,963744,0
MRNY.US,D,20241217,000000,5.23,5.35,5.1,5.12,440626,0
MRNY.US,D,20241218,000000,5.05,5.21,4.815,4.84,829181,0
MRNY.US,D,20241219,000000,4.86,4.9988,4.7188,4.98,530282,0
MRNY.US,D,20241220,000000,4.95,5.08,4.94,4.98,249039,0
MRNY.US,D,20241223,000000,4.98,5.07,4.905,5.03,478199,0
MRNY.US,D,20241224,000000,5.03,5.115,4.9499,5.11,224008,0
MRNY.US,D,20241226,000000,5.06,5.15,5.01,5.14,252766,0
MRNY.US,D,20241227,000000,5.15,5.2198,5.08,5.12,263986,0
MRNY.US,D,20241230,000000,5.09,5.14,4.99,5.06,639098,0
MRNY.US,D,20241231,000000,5.08,5.27,5.06,5.26,532545,0
MRNY.US,D,20250102,000000,5.33,5.375,5.2665,5.3,989521,0
MRNY.US,D,20250103,000000,5.0782,5.1,5.02,5.08,513971,0
MRNY.US,D,20250106,000000,5.2168,5.265,5.03,5.13,973011,0
MRNY.US,D,20250107,000000,5.22,5.665,5.16,5.53,1848680,0
MRNY.US,D,20250108,000000,5.5,5.57,5.065,5.09,987627,0
MRNY.US,D,20250110,000000,5.035,5.125,4.92,4.97,772716,0
